1960 06 04 1243 143.430 -39.020  10.0 4.10 MW ML2MW
1960 12 24 1642 143.590 -38.880   0.0 4.60 MW ML2MW
1963 06 14 1923 146.425 -38.657   1.6 4.62 MW ML2MW
1965 09 14 1253 144.300 -38.700  10.0 5.14 MW ML2MW
1969 06 20 1115 146.300 -38.470  19.0 4.86 MW ML2MW
1970 05 31 0150 146.220 -38.520   0.0 4.00 MW ML2MW
1970 12 24 1814 146.070 -38.440  19.0 3.73 MW ML2MW
1971 01 09 1150 146.480 -38.140   7.0 3.64 MW ML2MW
1971 07 06 2154 145.048 -38.452  17.0 4.48 MW ML2MW
1973 02 17 0856 145.390 -38.810  10.0 3.74 MW ML2MW
1973 09 21 0256 146.790 -38.570  10.0 3.82 MW ML2MW
1974 06 01 0420 146.670 -39.180   0.0 3.40 MW ML2MW
1975 05 03 0909 144.000 -41.700   0.0 3.86 MW ML2MW
1975 11 22 1931 140.060 -38.189  18.0 4.00 MW ML2MW
1977 12 02 1332 144.192 -37.855  13.7 4.56 MW ML2MW
1980 01 16 0249 145.483 -39.554  17.2 3.49 MW ML2MW
1980 05 21 0448 146.516 -37.945  14.9 3.88 MW ML2MW
1981 06 16 2133 144.245 -38.899  17.2 4.67 MW ML2MW
1983 10 15 2050 145.046 -39.770  15.3 4.24 MW ML2MW
1984 08 26 0723 142.389 -39.153  17.2 3.65 MW ML2MW
1984 10 20 0516 145.904 -38.970  16.7 4.16 MW ML2MW
1987 05 30 1444 146.554 -37.947  17.0 3.90 MW ML2MW
1989 11 08 0506 140.056 -37.547  13.2 3.71 MW ML2MW
1990 11 27 1721 142.121 -40.135  17.0 3.41 MW ML2MW
1991 03 28 2126 146.249 -38.525  20.6 3.42 MW ML2MW
1994 02 01 0553 146.350 -38.536  17.1 3.72 MW Allen (2012)
1995 12 18 1644 139.579 -37.613   8.5 3.50 MW ML2MW
1996 09 25 0749 146.421 -37.863  11.4 4.44 MW Allen (2012)
1997 01 20 1103 145.031 -38.379  19.3 3.50 MW ML2MW
1998 04 04 0955 146.124 -38.709  16.2 3.42 MW Allen (2012)
1998 09 15 1323 147.289 -38.371  20.6 3.42 MW ML2MW
1998 09 27 2232 144.741 -38.290  20.5 3.74 MW ML2MW
1999 01 13 0940 146.317 -38.097  12.3 3.54 MW Allen (2012)
1999 02 06 0507 140.669 -38.354  36.1 3.42 MW ML2MW
2000 05 17 1729 143.563 -38.710  17.1 3.09 MW ML2MW
2000 07 24 0747 145.272 -37.958  19.5 3.13 MW Allen (2012)
2000 08 03 1129 145.989 -38.752  16.2 3.24 MW Allen (2012)
2000 08 29 1205 146.246 -38.404  15.4 4.15 MW Allen (2012)
2000 10 30 1730 146.044 -38.567  15.5 3.30 MW ML2MW
2000 12 29 2339 144.482 -38.793  17.1 3.60 MW ML2MW
2001 01 05 1604 146.006 -38.238   7.2 2.92 MW Allen (2012)
2001 03 13 1247 144.005 -38.510   3.6 2.94 MW ML2MW
2001 06 03 0652 146.081 -43.979  10.0 3.16 MW ML2MW
2001 07 04 0416 146.294 -38.420   6.0 3.44 MW ML2MW
2001 08 21 2313 145.472 -38.119  13.0 3.66 MW Allen (2012)
2001 09 08 0713 146.300 -38.500   0.0 3.01 MW ML2MW
2002 01 05 1451 140.705 -38.398  33.6 3.20 MW ML2MW
2002 02 07 1248 143.866 -40.814  10.0 4.38 MW ML2MW
2002 05 04 2238 145.751 -38.708  13.9 2.94 MW ML2MW
2002 07 19 0540 144.819 -39.245   8.5 3.15 MW ML2MW
2002 09 24 0742 146.066 -38.691   3.0 3.67 MW Allen (2012)
2002 12 06 0833 144.680 -43.194  10.0 2.93 MW ML2MW
2002 12 06 1339 148.768 -38.002  24.0 2.92 MW ML2MW
2003 04 06 2330 145.384 -38.563  11.0 2.96 MW ML2MW
2003 04 10 0711 145.928 -39.241  18.3 3.85 MW ML2MW
2003 04 22 0739 146.211 -38.558   4.2 3.39 MW ML2MW
2003 07 07 0935 148.128 -38.099   3.0 3.29 MW ML2MW
2004 08 09 1427 143.595 -39.095  10.0 2.93 MW ML2MW
2004 10 11 1636 143.552 -37.903  10.0 3.01 MW ML2MW
2005 04 20 2153 146.554 -38.517   7.4 3.52 MW ML2MW
2005 04 24 0210 146.683 -38.319  12.4 2.92 MW ML2MW
2005 06 30 1413 142.307 -39.067  22.3 3.23 MW ML2MW
2005 09 28 2137 146.027 -38.568   7.2 3.08 MW ML2MW
2005 12 22 1353 139.372 -37.708  26.7 3.44 MW ML2MW
2006 04 08 0034 142.258 -38.874   5.8 3.48 MW ML2MW
2006 05 09 1454 145.492 -43.769  10.0 3.15 MW ML2MW
2006 06 18 1317 146.861 -38.484  13.0 3.28 MW ML2MW
2006 07 22 2201 141.044 -38.255  10.0 2.99 MW ML2MW
2006 09 29 1249 145.238 -44.793  17.0 4.36 MW mb2MW
2006 10 05 2124 143.700 -40.568   3.0 3.16 MW ML2MW
2006 10 22 1236 145.025 -37.873  16.1 3.09 MW ML2MW
2006 10 22 1322 146.267 -38.524  18.2 3.01 MW ML2MW
2006 12 04 0254 144.844 -39.055  13.5 3.30 MW ML2MW
2006 12 14 1723 143.690 -42.566  15.0 4.68 MW ML2MW
2007 01 03 2227 146.259 -38.467  17.8 3.31 MW ML2MW
2007 01 07 1357 143.427 -40.646  10.0 3.65 MW ML2MW
2007 01 20 1717 145.526 -38.419  10.0 2.96 MW ML2MW
2007 02 18 1004 146.279 -38.633  10.3 3.28 MW ML2MW
2007 03 08 0234 145.746 -37.903  10.6 3.66 MW Allen (2012)
2007 03 16 0612 145.611 -39.547  10.0 3.14 MW ML2MW
2007 08 21 0305 146.108 -37.888  11.0 3.08 MW ML2MW
2007 10 01 0122 139.469 -37.609  15.5 2.95 MW ML2MW
2007 11 13 0659 140.110 -37.789  15.4 3.86 MW ML2MW
2008 01 04 1417 140.497 -37.803  12.7 3.02 MW ML2MW
2008 01 24 0321 144.627 -38.757  14.3 3.43 MW ML2MW
2008 06 24 0703 140.578 -38.058  29.1 3.52 MW ML2MW
2008 10 28 1224 144.281 -38.264   6.1 3.17 MW ML2MW
2008 11 22 0129 146.116 -39.310  10.0 2.93 MW ML2MW
2009 02 05 0404 144.994 -39.024  10.0 3.58 MW ML2MW
2009 03 06 0955 145.852 -38.413   9.8 4.41 MW Allen (2012); Herrmann (2009); Ghasemi et al (2016)
2009 09 22 0820 145.233 -38.199   5.0 3.17 MW ML2MW
2009 10 08 0837 148.461 -38.192  10.0 3.28 MW ML2MW
2009 10 15 2318 145.291 -39.389  10.0 3.14 MW ML2MW
2009 12 18 1005 148.649 -37.905   0.4 2.97 MW ML2MW
2010 03 30 0808 144.903 -38.089   9.0 3.11 MW ML2MW
2010 04 03 1749 146.022 -38.532  14.1 2.98 MW ML2MW
2010 04 06 0637 147.438 -38.271  10.0 3.01 MW ML2MW
2010 10 16 1407 146.453 -37.980   5.7 3.36 MW ML2MW
2010 11 09 1920 139.979 -38.358  20.0 2.98 MW ML2MW
2010 11 09 1920 140.030 -37.873  13.1 3.02 MW ML2MW
2010 12 08 0910 149.018 -38.236  10.0 2.92 MW ML2MW
2010 12 28 0851 147.300 -38.570  35.7 3.27 MW ML2MW
2011 07 20 1919 143.600 -38.951  10.0 3.19 MW ML2MW
2011 11 03 0141 140.030 -37.976  35.7 2.91 MW ML2MW
2011 11 05 2252 140.454 -37.579  18.3 3.18 MW ML2MW
2012 01 12 0122 140.759 -38.629  27.1 3.25 MW ML2MW
2012 04 23 0029 143.027 -38.484   7.1 3.07 MW ML2MW
2012 06 15 1737 144.326 -38.065   7.1 2.96 MW ML2MW
2012 06 19 1053 146.290 -38.259  18.1 5.06 MW GCMT; Hoult et al (2021)
2012 07 31 0008 146.716 -38.605  10.0 3.05 MW ML2MW
2012 09 09 0923 140.794 -38.562  31.3 2.94 MW ML2MW
2012 10 11 2247 143.584 -37.885  11.2 3.27 MW ML2MW
2013 01 17 2356 144.749 -39.716   5.0 2.97 MW ML2MW
2013 03 25 0753 140.700 -38.647  24.9 3.08 MW ML2MW
2013 04 14 2220 144.871 -38.404  12.8 3.00 MW ML2MW
2013 08 03 1342 145.851 -43.938  10.0 3.23 MW ML2MW
2013 08 10 0403 145.387 -38.113  15.4 3.29 MW ML2MW
2013 12 08 0647 146.322 -38.596  14.8 3.00 MW ML2MW
2014 01 13 0458 145.350 -37.874  11.8 3.05 MW ML2MW
2014 01 18 1148 145.592 -37.920   9.4 3.29 MW ML2MW
2014 04 02 2018 144.563 -39.561  10.0 3.00 MW ML2MW
2014 05 10 1033 140.619 -38.997   8.9 3.24 MW ML2MW
2014 05 20 2253 147.444 -38.552  10.0 3.32 MW ML2MW
2014 06 28 0642 145.295 -39.448   9.5 2.99 MW ML2MW
2014 07 12 0344 146.060 -38.437  16.4 3.31 MW ML2MW
2014 08 06 1340 142.201 -38.918  10.0 3.02 MW ML2MW
2014 08 21 2152 144.448 -42.065   0.0 3.42 MW ML2MW
2014 08 21 2152 144.448 -42.065  10.0 3.45 MW ML2MW
2014 10 17 0813 146.227 -38.219  10.6 3.32 MW ML2MW
2014 12 02 1634 145.846 -38.418   8.8 3.52 MW ML2MW
2014 12 03 1905 145.460 -38.067  18.4 3.59 MW ML2MW
2014 12 20 0950 148.733 -38.276   7.2 3.61 MW ML2MW
2015 03 05 0135 146.193 -38.255   9.5 3.26 MW ML2MW
2015 03 10 1239 145.512 -38.035   9.5 2.91 MW ML2MW
2015 03 27 1327 140.750 -38.562  38.0 3.58 MW ML2MW
2015 05 29 1504 146.247 -38.254  11.3 2.97 MW ML2MW
2015 08 05 0700 149.269 -37.988  10.0 3.08 MW ML2MW
2015 09 17 0244 142.582 -39.825  54.0 4.33 MW ML2MW
2015 10 27 2004 140.469 -38.129  35.0 3.43 MW ML2MW
2015 12 15 0457 140.092 -37.848  37.8 3.49 MW ML2MW
2016 02 09 1821 140.490 -38.069  36.4 3.15 MW ML2MW
2016 03 15 0151 140.436 -38.107  35.0 3.32 MW ML2MW
2016 04 04 1942 146.034 -38.572  19.3 3.45 MW ML2MW
2016 04 09 0350 140.156 -38.014  38.5 3.37 MW ML2MW
2016 06 05 1647 146.358 -40.745  10.0 3.11 MW ML2MW
2016 06 12 1251 145.810 -39.061  14.0 3.13 MW ML2MW
2017 01 08 1920 143.444 -39.009  12.6 3.13 MW ML2MW
2017 01 14 2037 148.957 -38.358  12.2 3.35 MW ML2MW
2017 01 31 1940 146.274 -38.429  19.7 3.46 MW ML2MW
2017 02 17 1633 140.621 -38.627  10.0 3.31 MW ML2MW
2017 03 19 0138 140.802 -38.078  10.0 3.21 MW ML2MW
2017 06 27 0652 140.227 -38.031  10.0 3.29 MW ML2MW
2017 10 23 2029 140.811 -38.486  10.0 3.51 MW ML2MW
2017 11 17 1610 144.132 -38.067  10.0 2.98 MW ML2MW
2018 01 31 1632 148.840 -37.895  10.0 2.93 MW ML2MW
2018 02 11 1324 145.937 -39.139  10.0 2.93 MW ML2MW
2018 04 10 1713 140.356 -37.972  10.0 3.01 MW ML2MW
2018 05 30 0225 145.073 -38.356  10.0 3.07 MW ML2MW
2018 06 18 1726 141.033 -38.215  10.0 3.22 MW ML2MW
2018 07 08 0246 145.698 -43.416  10.0 3.50 MW ML2MW
2018 07 22 1228 142.854 -37.696  10.0 2.99 MW ML2MW
2018 11 22 0055 145.116 -38.091   9.6 3.13 MW ML2MW
2019 01 04 0611 145.036 -38.268  10.0 3.42 MW ML2MW
2019 01 11 2315 145.181 -38.419  10.0 2.91 MW ML2MW
2019 02 03 0438 146.037 -38.574  10.0 2.91 MW ML2MW
2019 02 12 1353 146.362 -37.761  10.0 3.35 MW ML2MW
2019 02 23 1553 146.859 -38.397  10.0 3.00 MW ML2MW
2019 04 04 1039 140.121 -37.893  10.0 3.12 MW ML2MW
2019 04 04 1347 140.181 -38.004  10.0 3.29 MW ML2MW
2019 04 20 1908 140.146 -38.092  10.0 3.09 MW ML2MW
2019 05 11 0426 148.441 -38.125   0.0 3.02 MW ML2MW
2019 05 16 1339 140.200 -37.660  10.0 3.06 MW ML2MW
2019 05 28 0905 145.457 -39.708  10.0 3.28 MW ML2MW
2019 06 14 1637 146.552 -38.417  10.0 3.24 MW ML2MW
2019 06 15 1900 140.842 -38.034  10.0 3.03 MW ML2MW
2019 08 05 0702 144.214 -41.317  10.0 3.24 MW ML2MW
2019 09 22 1348 145.822 -38.416  10.0 3.00 MW ML2MW
2019 09 23 0030 146.912 -38.099  10.0 3.23 MW ML2MW
2019 10 19 0356 144.630 -39.169  10.0 3.16 MW ML2MW
2019 11 17 1308 142.187 -38.917  10.0 3.05 MW ML2MW
2019 11 20 1120 142.328 -38.866  10.0 3.13 MW ML2MW
2019 11 28 0318 145.278 -37.905  10.0 3.20 MW ML2MW
2020 02 05 0819 140.520 -38.282  10.0 3.21 MW ML2MW
2020 02 19 2052 148.296 -38.095  10.0 3.21 MW ML2MW
2020 05 11 2257 139.570 -37.714  10.0 3.63 MW ML2MW
2020 05 22 0754 145.755 -38.407  10.0 3.08 MW ML2MW
2020 06 04 0705 145.900 -38.958  10.0 3.49 MW ML2MW
2020 06 06 0548 146.092 -38.617  10.0 3.35 MW ML2MW
2020 07 13 0722 144.339 -37.967  10.0 3.38 MW ML2MW
2020 07 14 2210 145.615 -38.986  10.0 3.40 MW ML2MW
2020 07 29 0908 145.532 -38.015   7.3 3.07 MW ML2MW
2020 08 02 0126 143.555 -38.921   5.4 3.05 MW ML2MW
2020 08 06 0750 139.808 -37.585  10.0 3.01 MW ML2MW
2020 08 17 1235 143.622 -38.898  10.0 3.14 MW ML2MW
2020 09 01 1322 146.417 -37.874   2.4 3.69 MW ML2MW
2020 11 14 1332 145.841 -38.403  10.0 3.05 MW ML2MW
2020 12 11 0824 146.026 -44.078  10.0 3.74 MW ML2MW
2020 12 26 1406 140.408 -37.569   8.1 3.10 MW ML2MW
2021 03 16 1234 148.432 -38.046   7.5 3.05 MW ML2MW
2021 04 15 1424 146.187 -38.520  10.0 3.14 MW ML2MW
2021 05 24 1437 139.907 -38.165  10.0 3.21 MW ML2MW
2021 06 22 1909 143.580 -38.906  10.0 3.75 MW ML2MW
2021 07 01 0755 146.931 -38.561  10.0 3.42 MW ML2MW
2021 07 16 1456 146.186 -38.502   8.5 3.36 MW ML2MW
2021 09 10 0600 143.642 -38.894  10.0 3.17 MW ML2MW
2021 11 05 0804 144.933 -38.378   2.1 2.99 MW ML2MW
2021 11 20 0917 145.362 -38.522  10.0 3.10 MW ML2MW
2021 12 28 0424 146.064 -38.107   5.6 3.14 MW ML2MW
2022 02 15 0708 140.523 -38.312  10.0 3.24 MW ML2MW
2022 02 26 1045 145.799 -38.460   0.8 3.11 MW ML2MW
2022 06 06 1112 145.860 -38.332  10.0 3.26 MW ML2MW
2022 07 03 0829 145.069 -38.456  10.0 3.01 MW ML2MW
2022 09 03 0222 139.922 -38.128  10.0 3.15 MW ML2MW
2022 09 17 1320 146.745 -37.639   6.7 3.15 MW ML2MW
2022 11 08 0912 146.206 -38.622   8.1 3.03 MW ML2MW
2022 11 27 1340 143.754 -41.158  10.0 3.28 MW ML2MW
