1883 08 28 1655 151.700 -25.500  10.0 5.36 MW ML2MW
1872 08 12 1200 152.000 -26.750  10.0 3.00 MW ML2MW
1913 12 18 1353 147.000 -20.000  35.0 5.17 MW ML2MW
1875 09 16 2000 152.500 -27.500   0.0 3.00 MW ML2MW
1918 06 06 1814 152.500 -23.500  10.0 5.90 MW MS2MW
1875 11 11 1050 148.500 -22.000   0.0 3.95 MW ML2MW
1935 04 12 0132 151.670 -25.500  10.0 5.58 MW MS2MW
1875 11 24 1100 152.000 -28.100  10.0 3.64 MW ML2MW
1877 02 26 2145 152.800 -27.500  10.0 4.12 MW ML2MW
1958 12 01 1035 146.500 -16.800  10.0 4.80 MW ML2MW
1891 01 05 0334 151.100 -25.400  10.0 3.57 MW ML2MW
1896 02 27 1100 146.500 -16.800  25.0 3.88 MW ML2MW
1897 06 15 1900 151.100 -24.900  10.0 3.14 MW ML2MW
1910 11 24 2252 151.200 -25.700  10.0 4.28 MW ML2MW
1913 05 01 1620 152.500 -27.000  10.0 4.37 MW ML2MW
1937 01 20 1900 153.000 -26.600  10.0 3.14 MW ML2MW
1940 02 12 0537 151.670 -25.500  10.0 3.14 MW ML2MW
1942 04 10 0300 145.700 -16.200  10.0 3.57 MW ML2MW
1947 06 11 1003 152.700 -25.480  25.0 3.80 MW ML2MW
1950 04 05 1950 149.600 -21.200  14.0 3.35 MW ML2MW
1950 06 19 0900 145.500 -17.512  12.0 3.14 MW ML2MW
1951 12 30 2034 150.800 -25.700  10.0 3.72 MW ML2MW
1952 06 24 0144 152.800 -25.500  30.0 4.37 MW ML2MW
1953 02 06 1749 150.700 -24.700  10.0 3.00 MW ML2MW
1953 12 03 1542 151.400 -24.500  25.0 3.72 MW ML2MW
1954 05 04 0705 146.000 -17.700  10.0 3.07 MW ML2MW
1954 09 21 2029 152.000 -25.300  15.0 2.93 MW ML2MW
1955 09 10 0612 151.600 -25.500  10.0 3.07 MW ML2MW
1955 02 01 1109 151.800 -26.150  15.0 2.87 MW ML2MW
1955 12 01 0533 151.700 -25.100  10.0 3.07 MW ML2MW
1956 03 24 1558 152.700 -26.700  10.0 3.14 MW ML2MW
1956 01 29 0348 151.500 -25.800  10.0 2.87 MW ML2MW
1957 05 31 1615 145.600 -18.500   0.0 3.35 MW ML2MW
1957 11 26 0505 145.600 -18.600   0.0 3.35 MW ML2MW
1957 04 01 1549 151.000 -25.500  10.0 2.80 MW ML2MW
1958 10 04 0210 145.600 -18.500   0.0 3.35 MW ML2MW
1958 11 05 0516 145.500 -18.700   0.0 3.35 MW ML2MW
1957 04 29 1647 151.700 -25.200  10.0 2.74 MW ML2MW
1959 01 01 1943 146.000 -16.750  10.0 3.00 MW ML2MW
1957 10 10 2203 146.500 -17.100  10.0 2.87 MW ML2MW
1959 01 02 1943 146.500 -17.000  10.0 3.28 MW ML2MW
1959 11 25 0431 147.700 -19.700  10.0 3.21 MW ML2MW
1958 05 31 1615 146.700 -18.500  10.0 2.68 MW ML2MW
1960 09 29 1611 145.400 -17.800   0.0 3.47 MW ML2MW
1960 10 19 1137 149.500 -21.200   5.0 3.98 MW ML2MW
1960 11 17 0500 152.830 -27.330  15.0 3.64 MW ML2MW
1961 02 27 1628 144.000 -16.500  10.0 3.61 MW ML2MW
1961 06 24 0930 145.600 -17.800  10.0 3.01 MW ML2MW
1961 08 19 0226 144.700 -15.800  10.0 3.97 MW ML2MW
1962 07 24 2211 151.200 -25.500  10.0 2.98 MW ML2MW
1963 03 28 0429 146.200 -17.600   7.0 3.00 MW ML2MW
1964 03 03 0613 151.700 -25.400   0.0 4.14 MW mb2MW
1964 03 25 0614 151.400 -25.300   8.0 3.63 MW ML2MW
1966 09 27 1314 146.500 -17.100  10.0 3.13 MW ML2MW
1967 02 09 1130 144.700 -15.800  10.0 3.39 MW ML2MW
1967 07 18 0748 151.300 -25.600  25.0 3.51 MW ML2MW
1971 09 17 2213 144.000 -16.600  10.0 3.10 MW ML2MW
1963 02 12 1602 146.600 -20.250  10.0 2.80 MW ML2MW
1972 03 10 2250 144.000 -16.900  15.0 2.92 MW ML2MW
1972 05 05 1332 146.500 -19.000   0.0 3.14 MW ML2MW
1963 05 14 0759 150.700 -24.700  10.0 2.83 MW ML2MW
1963 05 21 0743 151.000 -25.500  10.0 2.62 MW ML2MW
1974 02 05 0104 152.000 -28.200  10.0 3.27 MW ML2MW
1963 06 18 0655 151.500 -25.000  10.0 2.78 MW ML2MW
1967 03 18 2039 148.400 -19.000  10.0 2.65 MW ML2MW
1974 05 06 1655 146.000 -17.400  10.0 2.66 MW ML2MW
1977 11 13 1439 151.442 -24.824   9.0 2.74 MW ML2MW
1978 04 26 1153 152.390 -27.220  22.0 2.78 MW ML2MW
1980 01 01 0238 153.399 -25.680   0.0 2.87 MW ML2MW
1981 03 24 1834 152.263 -27.655  19.7 2.74 MW ML2MW
1981 03 25 1009 152.653 -24.954  10.0 2.74 MW ML2MW
1982 11 24 1740 150.847 -25.516   0.0 2.72 MW ML2MW
1982 12 16 1424 151.683 -25.451  10.0 2.77 MW ML2MW
1984 01 14 0414 151.853 -26.508   0.3 2.89 MW ML2MW
1984 01 18 0914 150.439 -25.880   0.0 2.78 MW ML2MW
1984 09 29 1755 152.646 -22.925   0.0 2.90 MW ML2MW
1985 02 04 1154 150.720 -24.718  10.1 2.73 MW ML2MW
1985 08 05 0706 153.809 -25.854   5.6 2.70 MW ML2MW
1986 04 10 0902 153.401 -23.956   4.3 2.90 MW ML2MW
1986 05 19 0046 152.816 -27.276  10.5 2.74 MW ML2MW
1986 07 24 1722 153.087 -24.037  10.0 2.89 MW ML2MW
1988 12 06 0724 152.393 -26.432   5.0 2.82 MW ML2MW
1990 03 12 0117 150.923 -20.142   5.0 2.81 MW ML2MW
1990 11 03 2001 147.091 -18.479  10.7 2.80 MW ML2MW
1990 12 08 1341 150.724 -26.381   8.0 2.75 MW ML2MW
1991 04 13 0328 150.264 -20.429   8.0 2.90 MW ML2MW
1991 09 08 2139 152.722 -23.977  10.0 2.83 MW ML2MW
1991 10 01 0333 150.543 -25.702  10.0 2.84 MW ML2MW
1991 12 14 1346 151.833 -22.378   8.0 2.83 MW ML2MW
1992 08 04 0953 151.716 -21.429   8.0 2.83 MW ML2MW
1992 11 25 2127 151.563 -25.707   1.2 2.83 MW ML2MW
1993 02 23 2112 149.773 -19.755   8.0 2.84 MW ML2MW
1994 02 08 1123 150.176 -25.328   0.1 2.74 MW ML2MW
1996 12 26 0320 151.648 -25.112  18.3 2.82 MW ML2MW
1997 06 16 1525 153.277 -24.371  10.0 2.87 MW ML2MW
1997 11 24 1555 145.696 -16.767   5.0 2.51 MW ML2MW
1998 01 22 1202 148.695 -20.662   0.0 2.86 MW ML2MW
1998 09 11 1317 148.298 -19.983   1.0 2.79 MW ML2MW
1998 09 19 1757 152.976 -24.417   0.0 2.78 MW ML2MW
1998 10 28 0710 153.341 -23.499  10.0 2.72 MW ML2MW
1999 04 24 2148 146.966 -20.159   0.0 2.90 MW ML2MW
1999 06 23 1710 151.685 -26.451  10.0 2.81 MW ML2MW
2000 08 29 1500 151.944 -25.619   0.0 2.76 MW ML2MW
2003 12 04 2001 150.602 -25.761  10.0 2.82 MW ML2MW
2003 12 24 0049 146.998 -18.928   2.0 2.86 MW ML2MW
2004 01 22 0356 149.283 -22.654  10.0 2.78 MW ML2MW
2005 09 06 1501 154.551 -24.636   0.0 2.72 MW ML2MW
2005 09 10 1141 143.931 -16.878  10.0 2.90 MW ML2MW
2006 04 14 0405 146.185 -17.117  19.1 2.90 MW ML2MW
2007 02 16 0614 153.580 -24.102  24.7 2.89 MW ML2MW
2007 11 18 1916 143.785 -16.823   4.0 2.82 MW ML2MW
2008 09 21 1116 153.242 -24.936   5.0 2.80 MW ML2MW
2008 09 30 2317 151.296 -26.965   5.0 2.87 MW ML2MW
2008 10 21 1848 152.003 -25.644   2.6 2.89 MW ML2MW
2008 12 18 2222 150.607 -24.748  10.0 2.87 MW ML2MW
2010 07 09 1024 143.992 -17.995  10.0 2.71 MW ML2MW
2011 03 24 0720 153.716 -23.676  10.0 2.77 MW ML2MW
2011 12 31 2026 145.934 -17.852  10.0 2.54 MW ML2MW
2012 04 06 0643 146.118 -16.996  10.0 2.70 MW ML2MW
2012 05 31 0807 146.144 -16.605   5.0 2.71 MW ML2MW
2012 07 30 0334 146.159 -17.025  10.0 2.88 MW ML2MW
2017 08 13 0735 146.377 -16.965  10.0 2.85 MW ML2MW
2017 10 20 0639 148.855 -19.970  10.0 2.72 MW ML2MW
2017 10 24 0830 148.784 -20.162  10.0 2.69 MW ML2MW
2017 11 20 1445 146.725 -17.177  10.0 2.63 MW ML2MW
2017 12 27 1347 148.815 -19.975  10.0 2.57 MW ML2MW
2017 12 29 1629 146.600 -17.265  10.0 2.66 MW ML2MW
2017 12 31 1635 146.202 -17.259  10.0 2.79 MW ML2MW
2018 01 08 1519 146.219 -17.217  10.0 2.50 MW ML2MW
2018 01 08 1853 146.270 -17.072  10.0 2.47 MW ML2MW
2018 04 19 1335 150.754 -25.657  10.0 2.90 MW ML2MW
2018 12 22 2115 148.698 -19.985  10.0 2.79 MW ML2MW
2019 01 12 2046 147.925 -19.233  10.0 2.89 MW ML2MW
2020 06 11 1318 148.741 -19.965  10.0 2.79 MW ML2MW
