1967 11 28 0830 113.500 -19.000  18.0 4.64 MW mb2MW
1970 02 16 2120 111.650 -20.070   0.0 5.26 MW mb2MW
1974 02 08 1243 121.756 -14.151  33.0 4.30 MW mb2MW
1976 02 19 0232 114.300 -19.410   0.0 5.42 MW mb2MW
1976 07 27 1756 113.900 -20.000   0.0 4.05 MW mb2MW
1979 06 17 1548 120.270 -15.330  37.0 3.03 MW ML2MW
1979 08 12 1041 114.610 -19.940  37.0 3.70 MW ML2MW
1979 10 31 1407 114.430 -20.630  37.0 3.71 MW ML2MW
1980 04 09 0542 118.790 -17.220   0.0 3.32 MW ML2MW
1980 04 19 0744 113.690 -19.370   0.0 3.98 MW ML2MW
1980 12 08 0012 114.110 -32.120  37.0 4.62 MW ML2MW
1981 06 29 0639 111.217 -26.356  37.0 3.60 MW ML2MW
1981 07 16 1246 114.240 -21.030  10.0 4.39 MW ML2MW
1981 09 26 0127 112.060 -23.130  10.0 3.74 MW ML2MW
1984 04 11 1354 119.340 -15.480  10.0 3.46 MW ML2MW
1984 05 22 1852 110.740 -24.630  37.0 3.20 MW ML2MW
1984 06 02 1536 113.380 -22.750  10.0 3.28 MW ML2MW
1985 06 10 1500 113.435 -22.398  33.0 3.87 MW ML2MW
1986 04 20 1141 115.010 -19.590   5.0 3.30 MW ML2MW
1987 09 28 1500 121.189 -13.252  33.0 3.72 MW mb2MW
1988 01 20 1740 116.370 -18.000   5.0 3.09 MW ML2MW
1988 08 11 0526 121.082 -14.783   5.0 3.40 MW ML2MW
1989 02 24 1216 113.940 -20.030   5.0 3.13 MW ML2MW
1990 08 28 1004 112.751 -22.864   5.2 3.58 MW ML2MW
1991 02 04 0827 115.712 -18.718   5.0 3.66 MW ML2MW
1991 04 14 0746 111.306 -26.664   5.0 3.66 MW ML2MW
1991 05 15 0906 113.042 -22.325  35.0 3.11 MW ML2MW
1991 07 02 0648 111.266 -26.954   5.0 3.58 MW ML2MW
1991 10 18 0907 114.126 -20.500   5.0 4.17 MW ML2MW
1991 12 06 1458 112.167 -26.763   5.0 3.34 MW ML2MW
1992 07 01 0435 111.856 -19.030   5.0 4.14 MW mb2MW
1993 07 10 1231 113.561 -19.368   5.0 3.50 MW ML2MW
1993 10 29 0814 114.582 -18.803   5.0 4.08 MW ML2MW
1995 08 05 0734 113.495 -19.317   5.0 3.26 MW ML2MW
1996 11 20 0555 113.280 -21.970   0.0 3.34 MW ML2MW
1997 08 12 1811 111.128 -24.657   5.0 3.11 MW ML2MW
1997 08 20 1816 116.803 -17.572   5.0 3.55 MW mb2MW
1997 10 22 1255 113.499 -21.919   5.0 3.04 MW ML2MW
1997 11 19 1426 112.491 -22.583   5.0 3.66 MW ML2MW
1998 05 18 2145 111.366 -24.705   5.0 3.11 MW ML2MW
1998 11 02 0226 113.886 -19.862  10.0 4.14 MW mb2MW
1999 01 23 0441 111.212 -19.595   5.0 3.91 MW ML2MW
1999 03 05 0346 114.281 -18.689   5.0 3.50 MW ML2MW
1999 10 17 1328 121.350 -13.900   5.0 3.11 MW ML2MW
1999 12 27 0050 121.490 -12.850   5.0 3.11 MW ML2MW
2000 09 16 0429 113.055 -22.612  27.0 3.11 MW ML2MW
2000 10 02 1133 113.143 -22.696  13.0 3.66 MW ML2MW
2000 10 11 1927 112.839 -20.027  19.5 5.10 MW EHB
2001 04 01 0842 113.480 -20.350  10.0 3.91 MW ML2MW
2001 06 23 2202 112.860 -21.980  20.0 3.80 MW ML2MW
2001 07 23 0555 111.414 -19.627  10.0 3.34 MW ML2MW
2002 06 13 1846 114.230 -19.691  15.0 4.26 MW ML2MW
2002 06 13 2036 113.900 -20.841  10.0 4.05 MW mb2MW
2002 11 17 1105 114.187 -19.851  10.0 3.33 MW ML2MW
2003 03 02 0936 110.782 -24.219  97.4 3.31 MW ML2MW
2003 04 30 0255 111.072 -25.086  22.0 3.28 MW ML2MW
2006 01 29 0940 113.446 -21.676  22.0 3.49 MW ML2MW
2007 06 28 1602 112.923 -28.741  15.0 3.25 MW ML2MW
2008 03 31 0827 112.332 -27.666  18.0 4.20 MW ML2MW
2008 04 02 0814 117.070 -16.982   8.3 3.37 MW ML2MW
2009 04 17 2312 112.843 -19.197  59.0 3.60 MW ML2MW
2010 05 19 2008 111.125 -24.985  50.0 3.79 MW ML2MW
2010 06 08 2007 113.534 -21.935  34.0 3.93 MW ML2MW
2010 08 22 0410 110.795 -24.777  10.0 3.61 MW ML2MW
2011 04 17 1841 113.730 -19.921  10.0 4.93 MW mb2MW
2014 10 12 0443 113.893 -29.923  10.0 3.22 MW ML2MW
2015 03 29 1717 113.178 -19.833  77.0 3.39 MW ML2MW
2016 05 10 0944 118.690 -16.397   0.0 4.65 MW ML2MW
2016 05 27 1602 111.510 -24.717  32.0 3.40 MW ML2MW
2016 06 06 0711 114.015 -18.920  10.0 3.27 MW ML2MW
2016 07 31 1345 112.121 -19.124  10.0 4.13 MW ML2MW
2016 10 24 1302 112.911 -19.778  20.0 3.66 MW ML2MW
2016 11 03 1124 112.513 -19.413  10.0 3.12 MW ML2MW
2017 04 27 0153 111.506 -24.840  10.0 3.41 MW ML2MW
2017 08 07 0056 118.405 -16.506  10.0 3.83 MW ML2MW
2018 12 19 0631 112.712 -22.424  10.0 3.15 MW ML2MW
2019 08 14 1704 113.925 -18.989  25.0 3.79 MW ML2MW
2019 10 01 0017 114.138 -19.583  10.0 3.79 MW ML2MW
2019 12 19 0706 111.668 -19.001  10.0 4.11 MW ML2MW
2020 03 01 2208 113.009 -28.508  10.0 3.46 MW ML2MW
2020 08 08 2206 113.993 -20.191  10.0 3.42 MW ML2MW
2020 08 17 2359 113.660 -33.278  10.0 3.47 MW ML2MW
2021 08 10 2322 112.878 -19.720  10.0 4.16 MW ML2MW
2021 08 17 0331 112.720 -19.939  10.0 3.01 MW ML2MW
