1961 06 18 1613 119.300 -20.100  13.0 5.21 MW ML2MW
1964 03 23 2241 123.042 -17.875  27.3 4.72 MW mb2MW
1965 09 10 1224 122.200 -18.100  18.0 4.91 MW ML2MW
1968 08 06 1908 123.200 -18.500  18.0 5.01 MW mb2MW
1969 09 24 2339 118.200 -21.700   7.0 4.72 MW mb2MW
1970 02 01 1840 118.500 -20.300   7.0 4.72 MW mb2MW
1972 04 12 2213 120.000 -20.620   0.0 4.29 MW ML2MW
1975 07 24 2223 120.470 -21.090   0.0 4.57 MW mb2MW
1975 08 25 1128 123.286 -18.958   0.0 4.31 MW mb2MW
1976 11 28 1834 122.417 -18.618  33.0 4.05 MW mb2MW
1977 11 22 0800 120.400 -19.600   0.0 4.13 MW ML2MW
1979 07 14 0940 122.755 -18.103  15.0 5.04 MW GCMT
1979 09 11 0205 120.507 -21.443   5.0 4.04 MW ML2MW
1980 03 15 0709 121.640 -18.770   0.0 4.11 MW ML2MW
1980 07 31 1219 120.960 -19.510   0.0 4.00 MW ML2MW
1981 01 01 0900 122.756 -17.510  33.0 4.14 MW ML2MW
1982 11 03 0240 120.480 -20.530  37.0 4.31 MW ML2MW
1982 12 31 2219 124.142 -17.450  33.0 4.14 MW mb2MW
1985 04 09 0718 120.520 -20.490  10.0 3.13 MW ML2MW
1985 04 21 1456 121.897 -19.965  10.0 3.54 MW ML2MW
1985 05 20 2258 120.860 -18.410  10.0 3.44 MW ML2MW
1985 05 26 1243 118.580 -20.350  10.0 3.09 MW ML2MW
1986 04 16 0601 123.480 -20.450   5.0 3.23 MW ML2MW
1986 09 06 1041 119.050 -22.730   5.0 3.10 MW ML2MW
1986 12 14 0932 121.510 -19.180   5.0 3.36 MW ML2MW
1986 12 18 0126 122.808 -17.265   5.0 3.27 MW ML2MW
1987 04 10 0643 122.100 -17.250   5.0 3.15 MW ML2MW
1987 07 05 1105 120.700 -18.470   5.0 3.04 MW ML2MW
1987 11 19 1800 120.150 -21.300  25.0 3.46 MW ML2MW
1987 12 04 1315 120.624 -17.655  10.0 4.24 MW ML2MW
1988 02 06 0524 124.730 -16.601  15.0 5.10 MW EHB
1988 05 18 0903 122.280 -18.960   5.0 3.11 MW ML2MW
1988 07 30 0414 123.540 -18.410   5.0 3.08 MW ML2MW
1989 12 05 2249 118.942 -21.318  10.0 3.55 MW ML2MW
1990 06 27 1423 123.117 -18.833   5.0 3.19 MW ML2MW
1990 08 17 1214 122.631 -17.849  10.0 4.08 MW ML2MW
1990 09 12 1205 122.870 -18.630   5.0 3.26 MW ML2MW
1991 01 09 1022 123.921 -17.534  10.0 3.66 MW ML2MW
1991 03 09 1522 120.752 -20.570   5.0 3.04 MW ML2MW
1991 06 17 0452 121.678 -19.974   5.0 3.19 MW ML2MW
1991 07 28 0531 122.305 -17.719   5.0 3.19 MW ML2MW
1991 08 30 1404 119.671 -20.535   5.0 3.34 MW ML2MW
1991 09 23 2119 120.786 -21.171  10.0 3.91 MW ML2MW
1991 10 25 0505 119.907 -20.460   5.0 3.11 MW ML2MW
1991 11 18 0449 119.420 -20.398   5.0 3.42 MW ML2MW
1992 04 18 2040 123.250 -17.322  10.0 3.50 MW ML2MW
1992 07 07 1609 121.052 -21.360  10.0 3.26 MW ML2MW
1992 07 12 1746 123.066 -19.903   5.0 3.11 MW ML2MW
1992 07 27 1159 122.139 -17.616   5.0 3.91 MW ML2MW
1993 03 08 1142 120.793 -21.108   5.0 3.42 MW ML2MW
1993 03 27 0808 122.821 -18.561   5.0 3.19 MW ML2MW
1995 01 09 0533 120.526 -20.936   5.0 3.50 MW ML2MW
1995 01 20 0804 120.780 -20.891   5.0 3.26 MW ML2MW
1995 01 27 1914 123.229 -18.859   5.0 3.42 MW ML2MW
1995 02 21 0126 122.512 -18.886   5.0 3.19 MW ML2MW
1995 03 17 0927 123.529 -18.086   5.0 3.04 MW ML2MW
1995 07 01 1843 122.416 -17.483  36.5 3.26 MW ML2MW
1995 08 07 0030 120.146 -21.362   5.0 3.19 MW ML2MW
1995 08 15 0157 120.813 -18.414   5.0 3.19 MW ML2MW
1995 10 19 0355 122.835 -18.546   5.0 3.34 MW ML2MW
1996 01 22 1234 120.813 -21.123   5.0 3.11 MW ML2MW
1996 02 04 1755 120.897 -18.863   5.0 3.42 MW ML2MW
1996 05 10 1248 120.163 -20.856  14.6 3.42 MW ML2MW
1996 05 21 2021 121.966 -18.535  30.0 3.26 MW ML2MW
1996 08 29 1214 120.132 -21.034   5.0 3.66 MW ML2MW
1996 12 31 1504 122.458 -17.708   5.0 3.26 MW ML2MW
1997 03 18 2324 119.532 -19.209  33.0 3.34 MW ML2MW
1997 07 31 1914 123.284 -17.317   5.0 3.11 MW ML2MW
1997 08 10 0920 124.333 -16.159  20.0 6.21 MW GCMT
1997 08 17 1305 121.784 -17.151   5.0 3.19 MW ML2MW
1997 09 01 0948 123.138 -18.116   5.0 4.35 MW ML2MW
1998 01 31 1322 120.399 -21.214   5.0 3.66 MW ML2MW
1998 02 08 0446 122.259 -17.831   5.0 3.11 MW ML2MW
1998 02 13 0510 124.087 -17.484   5.0 3.34 MW ML2MW
1998 06 22 0946 119.947 -21.886   5.0 3.91 MW ML2MW
1998 08 08 0736 123.997 -15.634   0.0 3.42 MW ML2MW
1998 08 17 0245 123.565 -17.662   5.0 3.11 MW ML2MW
1999 11 30 1512 119.770 -21.240   5.0 3.26 MW ML2MW
1999 12 09 1928 119.517 -20.470   5.0 3.26 MW ML2MW
2000 01 07 0302 121.430 -18.100   5.0 3.11 MW ML2MW
2000 01 13 0224 123.806 -16.478   5.0 3.92 MW ML2MW
2000 02 06 1251 121.705 -17.121   5.0 3.26 MW ML2MW
2000 07 30 1850 122.760 -17.720  10.0 3.07 MW ML2MW
2001 06 26 2256 119.490 -20.170  10.0 3.11 MW ML2MW
2001 08 25 0338 120.940 -18.870   5.0 3.42 MW ML2MW
2002 02 05 1751 122.320 -17.457   0.0 3.46 MW ML2MW
2002 02 06 0448 120.413 -22.785  10.0 3.70 MW ML2MW
2002 10 15 0359 118.581 -19.717  10.0 3.95 MW ML2MW
2002 10 31 2251 123.752 -16.814   0.0 3.06 MW ML2MW
2002 11 05 1225 123.320 -16.362   0.0 4.08 MW ML2MW
2003 03 18 1906 123.629 -17.086   5.0 3.76 MW ML2MW
2003 05 25 2228 118.601 -20.310   0.0 3.02 MW ML2MW
2004 01 17 1608 122.396 -18.783  10.0 3.87 MW ML2MW
2005 01 09 1711 120.740 -20.613   0.0 3.58 MW ML2MW
2005 01 24 0943 122.587 -17.530  10.0 3.72 MW ML2MW
2005 03 22 1951 119.610 -21.004  10.0 4.10 MW ML2MW
2005 05 18 2339 119.374 -20.108  26.0 4.26 MW ML2MW
2006 02 16 0046 122.536 -17.735  10.0 3.20 MW mb2MW
2006 04 02 0839 119.081 -22.368  10.0 3.97 MW ML2MW
2006 09 18 0823 123.289 -17.686   0.0 3.20 MW mb2MW
2007 02 09 1634 123.613 -17.818  15.0 3.29 MW ML2MW
2007 02 28 2022 123.232 -18.723  16.0 3.51 MW ML2MW
2008 02 22 0258 123.526 -19.097   2.1 3.20 MW ML2MW
2008 04 17 1822 122.519 -18.709  10.0 3.24 MW ML2MW
2008 05 28 0430 122.323 -18.596   0.0 4.49 MW ML2MW
2011 04 14 0118 123.730 -18.197  20.0 3.52 MW ML2MW
2011 05 07 0523 123.021 -17.833  10.0 3.72 MW ML2MW
2011 07 02 0048 123.958 -18.366   0.0 3.23 MW ML2MW
2011 07 14 0551 120.356 -20.865  12.0 4.27 MW Ghasemi et al (2016)
2011 09 01 0156 123.300 -18.845  10.0 3.74 MW ML2MW
2013 04 12 0949 120.471 -21.302  20.0 3.31 MW ML2MW
2013 06 05 1317 121.548 -20.263   0.0 3.37 MW ML2MW
2013 09 13 1158 120.930 -20.993   2.0 3.46 MW ML2MW
2014 03 01 1414 122.304 -17.698  10.0 3.22 MW ML2MW
2014 03 16 0324 124.438 -17.414  10.0 3.60 MW ML2MW
2014 09 26 1538 119.534 -20.100  10.0 4.02 MW Ghasemi et al (2016)
2014 12 05 2316 123.450 -19.017  10.0 3.21 MW ML2MW
2015 04 13 0225 122.621 -17.544  10.0 3.06 MW ML2MW
2015 10 07 2030 121.874 -17.229  14.0 4.22 MW ML2MW
2015 10 13 0654 120.751 -22.569  13.0 4.08 MW Ghasemi et al (2016)
2015 12 05 1548 120.862 -21.295  10.0 3.87 MW ML2MW
2016 03 16 0738 120.836 -21.307  15.0 3.33 MW ML2MW
2016 03 24 0453 120.530 -21.512  20.0 3.27 MW ML2MW
2016 04 30 1945 123.858 -19.061  10.0 3.29 MW ML2MW
2016 07 16 0319 123.960 -17.064  10.0 3.06 MW ML2MW
2016 09 05 0946 123.566 -16.567   0.0 3.11 MW ML2MW
2017 11 12 0812 120.549 -21.791  10.0 3.43 MW ML2MW
2017 11 14 0216 119.894 -21.444  10.0 3.53 MW ML2MW
2017 11 14 0619 119.996 -21.305  10.0 3.46 MW ML2MW
2018 01 10 2131 123.355 -18.893  10.0 3.53 MW ML2MW
2018 05 09 1913 120.910 -21.574  10.0 3.46 MW ML2MW
2019 04 24 0103 121.950 -17.234  10.0 3.34 MW ML2MW
2019 06 15 0259 121.125 -21.396  10.0 3.88 MW ML2MW
2019 07 14 0539 120.295 -18.262  20.0 6.55 MW AUST
2019 07 15 2143 120.710 -18.477  12.4 3.18 MW ML2MW
2019 07 16 1054 120.580 -18.462  19.1 3.44 MW ML2MW
2019 07 16 1435 120.828 -18.685  10.5 3.21 MW ML2MW
2019 07 16 1456 120.503 -18.520  16.7 3.23 MW ML2MW
2019 07 16 2210 120.648 -18.562  12.2 3.37 MW ML2MW
2019 07 17 1558 120.564 -18.327  15.1 3.07 MW ML2MW
2019 07 19 0054 120.583 -18.634  15.6 3.01 MW ML2MW
2019 08 12 1911 120.579 -21.414  10.0 4.34 MW ML2MW
2020 01 15 1456 123.112 -19.449  10.0 3.32 MW ML2MW
2020 02 16 0537 120.054 -22.418  10.0 3.40 MW ML2MW
2020 04 12 2203 121.807 -17.087  10.0 3.54 MW ML2MW
2020 04 17 0242 121.910 -17.101  10.0 3.44 MW ML2MW
2020 07 26 2017 123.736 -17.128   7.1 3.07 MW ML2MW
2020 09 24 0825 119.121 -21.420  10.0 4.19 MW ML2MW
2021 01 22 0523 120.134 -22.569  10.1 3.35 MW ML2MW
2021 06 07 0803 120.108 -22.578  10.0 4.04 MW ML2MW
2021 06 25 1554 121.070 -21.502  10.0 3.10 MW ML2MW
2021 08 07 0520 120.118 -22.587  10.0 3.71 MW ML2MW
2021 08 19 2253 120.753 -21.649  10.0 3.32 MW ML2MW
2021 09 15 0531 120.095 -22.566  10.0 3.54 MW ML2MW
2021 09 27 1422 122.345 -18.379   8.4 3.05 MW ML2MW
