1969 06 17 1954 116.730 -25.260   0.0 4.55 MW ML2MW
1971 01 14 1744 114.600 -24.730   0.0 4.47 MW mb2MW
1971 07 12 2259 115.160 -24.540   0.0 4.64 MW mb2MW
1972 10 21 0233 115.550 -24.880   0.0 4.53 MW ML2MW
1975 11 28 1755 115.560 -21.530   0.0 4.39 MW mb2MW
1977 12 30 1009 117.172 -25.245  33.0 4.65 MW ML2MW
1978 05 01 0342 115.503 -23.464   0.0 4.47 MW mb2MW
1981 07 16 1246 114.240 -21.030  10.0 4.39 MW ML2MW
1982 10 03 1700 115.850 -22.090  10.0 4.19 MW ML2MW
1985 04 24 1538 114.060 -21.730  10.0 3.36 MW ML2MW
1985 06 10 1500 113.435 -22.398  33.0 3.87 MW ML2MW
1985 08 18 0109 113.960 -22.960  10.0 3.65 MW ML2MW
1985 11 05 2205 113.700 -21.780  37.0 3.14 MW ML2MW
1986 01 02 2313 115.150 -20.790   5.0 3.04 MW ML2MW
1986 05 21 2042 116.220 -25.310   5.0 3.35 MW ML2MW
1986 10 16 2136 114.590 -22.610   5.0 3.96 MW ML2MW
1987 03 14 1925 114.100 -22.750   5.0 3.05 MW ML2MW
1987 04 17 1658 115.980 -25.460  23.0 3.00 MW ML2MW
1987 11 15 1237 114.000 -23.310   5.0 3.14 MW ML2MW
1987 12 27 0807 114.380 -23.760   5.0 3.44 MW ML2MW
1988 07 16 0016 117.050 -25.080   5.0 3.10 MW ML2MW
1988 10 19 1549 115.310 -22.840   5.0 3.24 MW ML2MW
1988 11 24 2344 116.440 -25.350   5.0 3.16 MW ML2MW
1989 01 07 1141 116.060 -25.390   5.0 3.69 MW ML2MW
1989 03 21 1800 114.580 -23.240  10.0 3.51 MW ML2MW
1989 12 21 1729 114.086 -21.867   5.0 3.03 MW ML2MW
1990 04 15 0620 114.057 -22.327   5.0 3.26 MW ML2MW
1990 10 15 1949 113.924 -22.505   5.0 3.26 MW ML2MW
1990 10 18 0952 115.804 -25.912   5.0 3.04 MW ML2MW
1991 03 24 0311 115.962 -21.914   5.0 3.11 MW ML2MW
1991 05 15 0906 113.042 -22.325  35.0 3.11 MW ML2MW
1991 05 16 0202 116.093 -25.457   9.0 3.04 MW ML2MW
1991 09 11 0212 114.042 -22.536   5.0 3.04 MW ML2MW
1992 04 16 0801 116.674 -24.416   5.3 3.34 MW ML2MW
1992 08 05 2152 114.409 -21.585   5.0 3.04 MW ML2MW
1992 11 29 1557 116.356 -23.937  10.0 3.11 MW ML2MW
1993 03 11 2216 114.606 -21.552   5.0 3.50 MW ML2MW
1993 03 26 0020 113.925 -22.043  37.5 3.11 MW ML2MW
1993 05 14 2014 113.472 -22.978   5.0 3.91 MW ML2MW
1993 07 09 1006 115.713 -24.458   5.0 3.58 MW ML2MW
1993 10 03 0231 113.722 -22.019   5.0 3.11 MW ML2MW
1993 11 20 0120 113.978 -23.051   5.0 3.04 MW ML2MW
1996 03 17 2239 114.302 -21.820   5.0 3.42 MW ML2MW
1996 11 20 0555 113.280 -21.970   0.0 3.34 MW ML2MW
1996 11 30 1723 117.480 -25.230  10.0 3.63 MW mb2MW
1996 11 30 1738 116.682 -24.560   5.0 3.19 MW ML2MW
1997 04 21 1337 113.898 -22.729   5.0 3.19 MW ML2MW
1997 06 28 0100 114.474 -23.512  12.9 3.11 MW ML2MW
1997 07 01 0606 115.642 -21.419   5.0 3.26 MW ML2MW
1997 09 12 1822 114.960 -21.106  37.0 3.66 MW ML2MW
1997 10 02 0933 114.927 -23.049   5.0 3.11 MW ML2MW
1997 10 22 1255 113.499 -21.919   5.0 3.04 MW ML2MW
1997 12 23 1011 115.064 -21.884   5.0 3.42 MW ML2MW
1998 02 11 0859 115.263 -23.558   5.0 3.11 MW ML2MW
1999 01 23 2256 115.553 -21.464   5.0 3.42 MW ML2MW
1999 05 02 1559 116.300 -20.820   5.0 3.26 MW ML2MW
1999 06 25 0036 113.910 -22.850   5.0 3.91 MW ML2MW
1999 10 29 0615 113.780 -22.170  18.0 3.26 MW ML2MW
2000 05 22 1425 116.945 -25.326   5.0 3.11 MW ML2MW
2000 09 16 0429 113.055 -22.612  27.0 3.11 MW ML2MW
2000 09 24 0907 114.791 -22.090  10.0 3.41 MW ML2MW
2000 10 02 1133 113.143 -22.696  13.0 3.66 MW ML2MW
2001 09 11 0356 114.990 -24.820   2.0 3.35 MW ML2MW
2002 08 16 2225 114.461 -22.814  10.0 3.68 MW ML2MW
2002 10 08 1554 115.498 -25.263   5.0 4.33 MW ML2MW
2003 05 31 0316 115.589 -26.122  10.0 3.65 MW ML2MW
2004 12 13 2334 113.895 -21.936   0.0 3.05 MW ML2MW
2005 03 19 2138 115.764 -20.800  10.0 3.67 MW ML2MW
2005 06 09 1644 115.068 -23.093  14.5 3.58 MW ML2MW
2006 01 29 0940 113.446 -21.676  22.0 3.49 MW ML2MW
2006 09 02 1547 116.609 -24.482   2.0 3.56 MW ML2MW
2006 10 06 1206 113.904 -22.269  26.0 3.17 MW ML2MW
2006 12 07 1058 117.411 -25.188  14.0 3.41 MW ML2MW
2007 08 26 0034 115.369 -22.145   6.0 3.33 MW ML2MW
2007 11 07 1910 114.933 -23.833   0.0 4.32 MW ML2MW
2007 11 27 0248 115.047 -23.219  10.0 3.74 MW ML2MW
2008 01 28 1537 113.872 -22.683   7.2 3.03 MW ML2MW
2009 12 05 1540 114.013 -22.036  21.0 3.29 MW ML2MW
2010 01 26 1825 115.510 -26.080   3.7 3.84 MW ML2MW
2010 06 08 2007 113.534 -21.935  34.0 3.93 MW ML2MW
2010 07 04 0348 113.667 -22.370  13.0 3.37 MW ML2MW
2010 08 18 2054 117.219 -25.345   1.0 3.03 MW ML2MW
2010 09 18 1253 114.650 -22.045   0.0 3.21 MW ML2MW
2011 04 02 0607 117.345 -25.055   0.0 4.12 MW ML2MW
2011 06 27 2218 115.643 -25.283   0.0 3.90 MW ML2MW
2011 07 24 1316 114.557 -23.533  10.0 3.32 MW ML2MW
2011 12 05 1910 114.777 -21.809  10.0 5.26 MW GCMT; Ghasemi et al (2016)
2012 05 10 2228 115.850 -23.903  10.0 3.05 MW ML2MW
2013 01 07 0814 116.004 -25.380  13.0 3.36 MW ML2MW
2014 08 22 0725 114.610 -23.505  10.0 4.01 MW ML2MW
2014 10 22 0240 114.583 -22.501  10.0 3.07 MW ML2MW
2015 01 14 1212 114.522 -23.460  10.0 3.34 MW ML2MW
2016 01 20 1006 116.673 -25.500  10.0 3.02 MW ML2MW
2016 11 11 0621 115.325 -24.784  15.0 3.28 MW ML2MW
2017 01 15 0716 115.145 -23.670  10.0 3.85 MW ML2MW
2017 11 25 0718 115.786 -24.465  10.0 3.12 MW ML2MW
2017 12 17 1204 114.438 -22.867  10.0 3.12 MW ML2MW
2018 04 06 0742 114.511 -23.344  10.0 3.62 MW ML2MW
2020 02 10 0924 115.151 -21.424  10.0 4.60 MW ML2MW
2020 02 13 1052 114.923 -21.511  10.0 3.42 MW ML2MW
2020 02 22 1836 115.037 -21.485  10.0 3.62 MW ML2MW
2020 03 30 0947 116.074 -21.485  10.0 3.17 MW ML2MW
2020 08 18 1234 115.150 -21.129  10.0 3.12 MW ML2MW
2020 10 22 1637 114.511 -22.871  10.0 3.53 MW ML2MW
2020 12 29 1459 115.368 -24.153   8.8 3.59 MW ML2MW
2021 01 06 1520 114.540 -23.526  10.0 3.13 MW ML2MW
2021 02 07 0729 116.392 -21.708  10.0 3.49 MW ML2MW
2021 06 26 2212 113.863 -22.960  10.0 4.75 MW ML2MW
