1855 09 16 1712 144.800 -38.700  10.0 4.97 MW ML2MW
1841 04 21 1500 145.000 -38.000   0.0 3.71 MW ML2MW
1903 07 14 1028 142.533 -38.433  10.0 5.06 MW ML2MW
1841 10 30 0000 145.000 -38.000  10.0 3.71 MW ML2MW
1891 06 07 0424 144.900 -38.200  10.0 4.11 MW ML2MW
1907 01 31 0750 148.500 -39.500  10.0 5.34 MW ML2MW
1847 04 28 0630 144.800 -37.800  10.0 3.71 MW ML2MW
1891 07 08 0550 146.400 -37.900  10.0 4.11 MW ML2MW
1848 10 12 0130 144.800 -37.800  10.0 3.00 MW ML2MW
1922 04 10 1046 144.850 -39.140   0.0 5.15 MW ML2MW
1900 05 27 0225 145.900 -38.200  10.0 4.11 MW ML2MW
1859 06 12 0830 140.783 -37.833   9.0 3.64 MW ML2MW
1848 11 01 0000 142.500 -38.400  10.0 3.00 MW ML2MW
1931 03 13 2111 144.500 -39.500  10.0 5.15 MW ML2MW
1902 12 22 1245 144.800 -38.000  20.0 4.11 MW ML2MW
1885 01 09 1735 145.300 -38.200  10.0 3.71 MW ML2MW
1886 12 02 0843 143.500 -39.000  10.0 3.71 MW ML2MW
1873 04 22 0600 145.250 -38.500  10.0 3.35 MW ML2MW
1907 08 06 0054 146.000 -38.000  10.0 4.11 MW ML2MW
1887 08 01 2019 143.800 -39.000  10.0 3.71 MW ML2MW
1881 06 07 1400 145.250 -38.500  10.0 3.35 MW ML2MW
1893 12 23 1436 145.100 -38.400  10.0 3.71 MW ML2MW
1885 03 09 1320 144.900 -37.800  10.0 3.00 MW ML2MW
1932 09 02 1822 145.000 -38.250   5.0 4.11 MW ML2MW
1885 07 03 1457 145.000 -37.800  10.0 3.00 MW ML2MW
1939 04 05 1259 144.200 -38.900   0.0 4.11 MW ML2MW
1897 04 09 0000 140.670 -38.070  10.0 3.42 MW ML2MW
1956 08 14 1720 144.200 -37.800  10.0 4.11 MW ML2MW
1886 03 09 0000 144.900 -37.800  10.0 3.00 MW ML2MW
1901 11 19 1540 146.400 -38.000  10.0 3.71 MW ML2MW
1902 10 22 2100 146.400 -38.000  10.0 3.71 MW ML2MW
1891 07 05 1020 142.300 -38.300  10.0 3.00 MW ML2MW
1904 05 27 1325 146.070 -38.440   0.0 3.71 MW ML2MW
1904 09 22 1145 145.730 -38.450   0.0 3.71 MW ML2MW
1891 10 20 0620 145.500 -38.500  10.0 3.00 MW ML2MW
1892 12 23 0000 145.100 -38.200  10.0 3.00 MW ML2MW
1893 05 20 1637 146.700 -38.900  10.0 3.00 MW ML2MW
1907 03 31 1429 145.300 -38.100  10.0 3.71 MW ML2MW
1907 03 31 1520 145.250 -38.330  10.0 3.71 MW ML2MW
1894 11 22 0315 149.500 -38.000  10.0 3.35 MW ML2MW
1895 05 08 1050 143.500 -39.000  10.0 3.00 MW ML2MW
1908 06 09 1930 145.500 -38.100  10.0 3.71 MW ML2MW
1909 05 31 1600 141.400 -37.600  10.0 3.71 MW ML2MW
1896 02 01 1630 145.200 -38.200   5.0 3.00 MW ML2MW
1896 03 28 0730 145.500 -38.000   5.0 2.68 MW ML2MW
1909 11 15 0355 148.300 -37.800  10.0 3.71 MW ML2MW
1896 05 09 1034 145.900 -38.100   5.0 3.00 MW ML2MW
1910 03 20 2115 145.900 -38.200  10.0 3.71 MW ML2MW
1898 02 05 0140 145.700 -37.700  10.0 3.00 MW ML2MW
1914 08 17 2335 146.000 -38.300  15.0 3.71 MW ML2MW
1896 05 30 0000 146.300 -38.400  10.0 2.68 MW ML2MW
1899 02 05 0310 144.900 -38.500  10.0 3.00 MW ML2MW
1899 05 21 0000 145.500 -38.100  10.0 3.00 MW ML2MW
1899 11 23 0715 144.750 -38.100  10.0 3.35 MW ML2MW
1900 03 11 1730 142.500 -38.400  10.0 3.00 MW ML2MW
1960 05 03 0200 146.500 -38.500  10.0 3.64 MW ML2MW
1900 06 05 1000 144.170 -37.880  10.0 3.35 MW ML2MW
1900 09 16 1500 142.500 -38.400  10.0 3.00 MW ML2MW
1901 06 15 2205 143.100 -38.700  10.0 3.00 MW ML2MW
1960 10 20 2022 146.450 -38.560   8.0 3.89 MW ML2MW
1960 10 21 1447 146.500 -38.900   0.0 3.81 MW ML2MW
1902 01 21 0000 143.700 -38.700   0.0 3.00 MW ML2MW
1902 07 11 0000 146.400 -38.000  10.0 3.00 MW ML2MW
1961 04 11 0035 146.470 -38.280  46.0 3.95 MW ML2MW
1961 06 01 0935 144.210 -38.670   0.0 3.98 MW ML2MW
1902 07 20 1950 149.300 -37.800  10.0 3.00 MW ML2MW
1902 05 27 0000 144.600 -38.100  10.0 2.68 MW ML2MW
1961 10 09 2343 145.882 -39.211  49.0 3.89 MW ML2MW
1962 01 10 0540 146.500 -38.500   0.0 3.73 MW ML2MW
1902 12 17 1000 144.900 -38.500  10.0 3.00 MW ML2MW
1962 03 27 1754 146.550 -37.920   6.0 3.75 MW ML2MW
1962 04 11 1828 146.330 -38.900   0.0 3.48 MW ML2MW
1903 03 27 1212 145.500 -38.200   0.0 3.35 MW ML2MW
1962 05 27 1134 146.390 -38.580   0.0 3.48 MW ML2MW
1903 04 26 0025 146.400 -38.000  10.0 3.00 MW ML2MW
1903 06 05 1930 141.600 -38.300   0.0 3.00 MW ML2MW
1962 11 20 1215 146.070 -38.620  10.0 3.47 MW ML2MW
1963 03 29 0010 146.331 -37.898   0.0 3.51 MW ML2MW
1903 07 22 1930 146.200 -38.200  10.0 3.00 MW ML2MW
1964 11 17 2116 146.352 -38.416  16.1 3.92 MW ML2MW
1903 08 04 0932 146.070 -38.620   0.0 3.00 MW ML2MW
1903 08 14 1030 142.200 -38.000   0.0 3.00 MW ML2MW
1965 01 06 1944 145.973 -38.844   9.6 3.49 MW ML2MW
1903 08 18 1255 142.200 -37.700   0.0 3.00 MW ML2MW
1965 05 01 1817 146.412 -38.519   5.7 3.47 MW ML2MW
1965 05 08 0625 149.159 -38.658  26.5 3.74 MW ML2MW
1904 07 09 0926 145.400 -37.800   5.0 3.35 MW ML2MW
1966 07 05 2226 144.964 -39.647  62.0 3.97 MW ML2MW
1966 10 17 1712 146.199 -37.880  18.1 3.71 MW ML2MW
1904 11 06 0000 145.800 -38.100   0.0 3.00 MW ML2MW
1967 10 21 2104 146.100 -38.470   0.0 3.50 MW ML2MW
1905 01 27 1600 146.500 -38.100  10.0 3.35 MW ML2MW
1968 05 31 0141 147.350 -38.017   0.0 3.87 MW ML2MW
1905 09 18 1805 145.500 -38.500  10.0 3.00 MW ML2MW
1905 11 15 0030 146.200 -38.500   0.0 3.00 MW ML2MW
1906 02 17 1005 145.400 -37.800   5.0 3.00 MW ML2MW
1906 02 28 0000 145.350 -38.050   0.0 3.00 MW ML2MW
1905 09 29 2130 145.200 -37.830   5.0 2.68 MW ML2MW
1906 08 04 0910 147.800 -40.300   0.0 3.00 MW ML2MW
1906 08 10 0240 146.170 -38.420   0.0 3.00 MW ML2MW
1906 09 11 2015 145.770 -38.500   0.0 3.00 MW ML2MW
1907 02 24 1900 146.400 -38.000  10.0 3.00 MW ML2MW
1907 05 16 1000 144.200 -38.000  10.0 3.00 MW ML2MW
1907 06 08 1605 143.600 -38.900  10.0 3.00 MW ML2MW
1907 06 25 1804 144.300 -38.600  10.0 3.00 MW ML2MW
1908 10 27 0830 145.900 -38.100  10.0 3.00 MW ML2MW
1909 03 28 1757 145.000 -38.500  10.0 3.00 MW ML2MW
1909 08 04 1105 145.400 -38.100  10.0 3.00 MW ML2MW
1910 10 24 1700 145.700 -38.100  10.0 3.00 MW ML2MW
1910 10 26 0830 145.200 -38.300  10.0 3.00 MW ML2MW
1911 01 05 1755 145.000 -37.900  10.0 3.00 MW ML2MW
1911 03 07 1610 145.400 -38.100  10.0 3.00 MW ML2MW
1911 06 11 1435 144.700 -38.100  10.0 3.35 MW ML2MW
1913 11 26 0950 145.500 -37.850  10.0 3.35 MW ML2MW
1914 09 05 1100 146.100 -38.700  10.0 3.00 MW ML2MW
1915 02 27 1215 146.800 -38.200  10.0 3.00 MW ML2MW
1915 05 24 0800 146.700 -38.200  10.0 3.35 MW ML2MW
1913 11 27 0400 145.040 -37.970  10.0 2.68 MW ML2MW
1922 12 09 1222 142.500 -38.500  10.0 3.00 MW ML2MW
1932 08 05 0000 142.000 -37.600  10.0 3.00 MW ML2MW
1932 12 23 1416 145.400 -37.900   5.0 3.35 MW ML2MW
1933 12 24 0000 145.400 -37.900  10.0 3.00 MW ML2MW
1935 06 18 1747 145.240 -37.750  10.0 3.35 MW ML2MW
1937 06 17 1954 145.300 -37.980   5.0 3.00 MW ML2MW
1939 10 29 1324 145.300 -38.300  15.0 3.00 MW ML2MW
1939 11 29 1503 145.300 -38.300  15.0 3.00 MW ML2MW
1945 05 14 0303 145.000 -38.000  10.0 3.00 MW ML2MW
1947 06 09 0703 143.600 -38.400  10.0 3.00 MW ML2MW
1947 11 16 0919 145.000 -38.000  10.0 3.00 MW ML2MW
1948 01 16 1120 145.000 -38.000  10.0 3.00 MW ML2MW
1948 03 13 1747 145.000 -38.000  10.0 3.00 MW ML2MW
1948 04 28 1941 145.000 -38.000  10.0 3.00 MW ML2MW
1940 01 31 1854 145.100 -37.900   5.0 2.68 MW ML2MW
1941 11 04 0233 145.300 -38.000  10.0 2.68 MW ML2MW
1957 10 19 1049 146.100 -38.700  10.0 3.00 MW ML2MW
1946 08 15 1437 145.050 -37.870   5.0 2.68 MW ML2MW
1959 04 28 0809 149.120 -37.960  10.0 3.20 MW ML2MW
1960 04 28 0447 148.440 -37.770   0.0 3.09 MW ML2MW
1948 05 26 0100 145.050 -37.900   5.0 2.68 MW ML2MW
1960 12 23 0939 148.280 -37.750  22.0 3.09 MW ML2MW
1948 08 15 0000 145.050 -37.870  10.0 2.68 MW ML2MW
1952 02 14 0000 145.170 -37.830  10.0 2.68 MW ML2MW
1957 02 14 0229 145.100 -37.850   5.0 2.68 MW ML2MW
1957 08 31 1456 145.270 -37.990  10.0 2.68 MW ML2MW
1962 03 07 1417 147.350 -38.020  10.0 3.08 MW ML2MW
1959 01 19 0852 145.300 -38.000  10.0 2.68 MW ML2MW
1959 06 01 2335 145.130 -38.095   5.0 2.68 MW ML2MW
1962 08 20 0607 146.890 -37.920  10.0 3.08 MW ML2MW
1960 05 25 0932 148.930 -38.520  10.0 2.81 MW ML2MW
1962 12 15 2141 146.550 -38.550  10.0 3.28 MW ML2MW
1963 03 16 0938 146.300 -38.600   0.0 3.13 MW ML2MW
1963 12 25 0848 146.200 -37.830   0.0 3.00 MW ML2MW
1964 08 11 0731 146.330 -39.037   0.0 3.33 MW ML2MW
1964 10 12 2245 146.276 -38.059  36.8 3.35 MW ML2MW
1964 10 25 1032 145.000 -39.300  10.0 3.10 MW ML2MW
1964 11 06 1519 149.300 -38.870  34.0 2.97 MW ML2MW
1962 01 11 0910 148.811 -37.804   0.0 2.76 MW ML2MW
1965 01 09 0915 146.962 -38.161   0.0 2.94 MW ML2MW
1965 09 08 0617 146.410 -38.215  16.0 2.95 MW ML2MW
1966 02 13 1056 145.895 -38.904   6.0 3.33 MW ML2MW
1966 08 15 2227 149.121 -37.957  36.0 3.25 MW ML2MW
1963 02 07 0555 146.330 -38.900  10.0 2.75 MW ML2MW
1966 09 29 1805 146.104 -38.267   0.0 3.31 MW ML2MW
1963 11 11 2349 148.090 -37.888   8.0 2.76 MW ML2MW
1968 11 16 2311 148.000 -38.000   0.0 3.10 MW ML2MW
1969 04 08 0553 148.400 -38.170   0.0 3.13 MW ML2MW
1964 08 28 2132 144.170 -38.730  10.0 2.76 MW ML2MW
1969 07 28 0147 147.710 -37.980   0.0 3.31 MW ML2MW
1964 09 26 1027 146.450 -38.450  10.0 2.73 MW ML2MW
1970 01 21 1124 148.150 -37.720   4.0 3.07 MW ML2MW
1970 11 01 0926 146.190 -38.270  28.0 3.28 MW ML2MW
1971 01 27 0202 148.930 -38.520   0.0 3.09 MW ML2MW
1971 08 12 0044 139.769 -38.647   4.4 3.09 MW ML2MW
1971 10 22 0017 143.930 -40.900  10.0 3.17 MW ML2MW
1965 06 18 0534 139.858 -37.914   0.0 2.66 MW ML2MW
1972 06 05 0616 148.000 -38.960  10.0 3.09 MW ML2MW
1972 07 14 1126 144.950 -38.860   0.0 3.25 MW ML2MW
1972 08 22 1323 148.640 -38.360   0.0 3.26 MW ML2MW
1972 08 28 1245 142.090 -38.660  10.0 3.17 MW ML2MW
1972 11 05 1922 143.593 -38.934  10.0 3.16 MW ML2MW
1973 01 23 2345 143.430 -39.020  10.0 3.28 MW ML2MW
1973 03 22 2241 147.850 -37.730   0.0 3.15 MW ML2MW
1974 09 07 1746 146.524 -37.800   6.8 3.25 MW ML2MW
1974 09 16 0737 149.550 -38.380   0.0 3.35 MW ML2MW
1975 01 22 0037 143.550 -38.440  32.0 3.11 MW ML2MW
1975 09 08 1741 145.890 -38.540   0.0 3.25 MW ML2MW
1970 11 08 1157 149.070 -38.030   0.0 2.75 MW ML2MW
1976 02 22 1518 144.081 -38.640  11.6 3.33 MW ML2MW
1976 04 01 0230 146.930 -39.930   0.0 2.99 MW ML2MW
1976 06 26 2055 144.880 -38.708  17.1 3.12 MW ML2MW
1976 07 01 1725 142.169 -38.022  12.2 2.97 MW ML2MW
1976 07 12 1345 140.451 -37.565   4.0 3.28 MW ML2MW
1971 04 05 1046 148.420 -38.100   0.0 2.76 MW ML2MW
1977 09 02 1848 144.885 -39.188  10.3 3.01 MW ML2MW
1977 09 17 2205 149.630 -38.000   0.0 3.04 MW ML2MW
1971 08 01 1119 148.070 -37.920   0.0 2.73 MW ML2MW
1977 09 22 2055 144.723 -38.175  16.7 3.17 MW ML2MW
1977 11 07 0929 144.868 -39.220  11.6 3.02 MW ML2MW
1977 11 12 1840 143.544 -38.949  12.5 3.32 MW ML2MW
1971 11 30 0456 148.720 -38.230   0.0 2.80 MW ML2MW
1977 12 04 0208 145.491 -39.503   3.6 3.37 MW ML2MW
1978 08 17 0255 146.454 -38.552  14.2 3.10 MW ML2MW
1978 08 25 2023 146.305 -38.416   3.6 3.00 MW ML2MW
1978 12 24 0244 146.332 -38.451  17.2 2.97 MW ML2MW
1972 11 19 2232 145.450 -43.570  10.0 2.88 MW ML2MW
1979 01 13 1338 140.179 -37.899  13.3 3.00 MW ML2MW
1979 08 30 0101 147.590 -38.614  17.2 2.97 MW ML2MW
1979 12 28 1112 144.398 -38.904   0.0 3.07 MW ML2MW
1973 09 13 2238 144.850 -42.420   0.0 2.74 MW ML2MW
1980 06 05 1419 148.566 -38.006  17.2 3.20 MW ML2MW
1980 09 18 0551 145.678 -38.360  10.4 3.07 MW ML2MW
1974 08 01 1437 149.371 -37.962  29.0 2.88 MW ML2MW
1981 05 16 2255 141.664 -38.480  12.5 3.10 MW ML2MW
1974 08 10 0433 144.860 -39.400   0.0 2.80 MW ML2MW
1982 02 11 1458 147.484 -38.531  17.2 2.97 MW ML2MW
1982 06 26 0728 141.970 -40.880   0.0 3.11 MW ML2MW
1982 11 09 2147 149.100 -38.060   0.0 3.37 MW ML2MW
1975 03 26 1013 146.695 -37.909  14.3 2.88 MW ML2MW
1983 06 15 0050 140.728 -38.583  10.0 3.32 MW ML2MW
1983 08 31 1025 146.349 -38.517  17.0 3.10 MW ML2MW
1975 06 14 0518 143.600 -38.880  10.0 2.72 MW ML2MW
1975 07 22 1130 146.180 -38.400  10.0 2.90 MW ML2MW
1975 09 30 1306 145.300 -43.350   0.0 2.74 MW ML2MW
1985 01 19 1502 145.957 -38.815  12.8 3.26 MW ML2MW
1985 05 29 1749 146.010 -38.334  13.3 3.24 MW ML2MW
1986 08 24 0819 146.578 -37.982  15.6 3.17 MW ML2MW
1976 03 08 1922 146.594 -38.076  11.3 2.90 MW ML2MW
1987 05 28 2318 146.250 -38.054  14.4 3.04 MW ML2MW
1976 04 05 0747 146.171 -38.724  12.7 2.75 MW ML2MW
1987 06 24 1853 144.220 -38.895  24.9 3.18 MW ML2MW
1976 05 02 0845 140.247 -37.895  10.0 2.81 MW ML2MW
1987 12 07 1054 149.325 -37.921  12.3 3.00 MW ML2MW
1987 12 20 0802 145.583 -38.410  16.2 3.33 MW ML2MW
1988 02 07 0013 145.235 -39.552  15.4 2.95 MW ML2MW
1988 05 10 0640 149.343 -37.785  11.6 3.26 MW ML2MW
1976 10 05 1746 144.330 -42.330   0.0 2.88 MW ML2MW
1989 02 09 1714 147.679 -38.175  10.0 3.12 MW ML2MW
1976 11 01 0127 145.251 -39.209  15.1 2.81 MW ML2MW
1989 05 31 0009 142.692 -38.821   0.0 3.09 MW ML2MW
1977 02 21 1018 146.452 -38.127   7.8 2.81 MW ML2MW
1989 11 17 1337 144.777 -39.231   3.6 3.10 MW ML2MW
1977 08 17 0412 143.023 -39.352  10.6 2.82 MW ML2MW
1990 01 25 1333 148.477 -38.166   3.6 3.10 MW ML2MW
1990 05 11 0222 146.368 -37.759   2.7 3.09 MW ML2MW
1977 09 13 1418 146.456 -37.933  13.7 2.82 MW ML2MW
1991 04 16 1608 147.370 -38.510   1.0 2.96 MW ML2MW
1992 11 08 0140 143.529 -38.922  12.8 3.34 MW ML2MW
1993 07 24 1333 146.485 -38.353  15.0 3.19 MW Allen (2012)
1993 09 25 0240 146.530 -38.311  10.2 3.32 MW Allen (2012)
1978 01 22 2159 145.123 -38.543   2.0 2.89 MW ML2MW
1993 11 24 0759 147.026 -38.484  17.3 3.03 MW ML2MW
1978 04 19 1746 145.570 -43.950   0.0 2.83 MW ML2MW
1994 05 14 1433 143.496 -38.714  12.0 3.17 MW ML2MW
1978 06 10 0705 145.966 -38.492  17.2 2.76 MW ML2MW
1994 06 27 0152 145.962 -38.722  11.6 3.04 MW ML2MW
1995 01 11 0711 145.992 -38.165   8.7 3.15 MW Allen (2012)
1995 02 01 1021 146.259 -38.462  10.1 3.07 MW Allen (2012)
1978 10 23 1053 144.659 -39.249  10.2 2.81 MW ML2MW
1978 10 26 2211 144.770 -42.400   0.0 2.82 MW ML2MW
1995 05 03 1748 146.283 -38.472  15.0 3.36 MW Allen (2012)
1978 11 09 0114 145.029 -38.750   0.0 2.75 MW ML2MW
1996 01 16 1030 145.070 -38.284  10.7 3.00 MW Allen (2012)
1996 05 10 0548 146.145 -37.733  10.6 2.96 MW Allen (2012)
1979 01 24 0907 146.343 -38.429   3.6 2.77 MW ML2MW
1996 12 24 2228 145.534 -38.696  17.2 3.29 MW Allen (2012)
1979 04 15 2020 144.792 -39.059   0.0 2.81 MW ML2MW
1979 06 26 1215 147.106 -38.699   0.0 2.87 MW ML2MW
1997 03 31 2026 145.450 -39.522  14.8 3.11 MW ML2MW
1979 09 09 0852 146.417 -38.616  11.6 2.68 MW ML2MW
1997 05 04 2233 145.959 -38.135  14.0 3.21 MW Allen (2012)
1979 12 06 0752 148.530 -37.860  15.0 2.86 MW ML2MW
1998 02 17 1100 140.153 -38.113  34.9 3.04 MW ML2MW
1998 04 07 2119 146.132 -38.478  16.3 2.94 MW ML2MW
1998 05 30 1906 139.826 -37.872  22.7 3.10 MW ML2MW
1980 01 24 0930 148.502 -38.284  11.2 2.68 MW ML2MW
1980 03 27 1237 146.055 -38.000  14.4 2.81 MW ML2MW
1998 10 08 1205 145.848 -39.462  17.1 3.34 MW ML2MW
1980 06 27 1951 145.615 -37.876  14.2 2.74 MW ML2MW
1998 11 02 1904 144.645 -39.189  10.0 3.01 MW ML2MW
1998 11 19 0317 146.280 -38.410  14.9 2.94 MW ML2MW
1980 07 15 0844 147.348 -38.459  21.7 2.83 MW ML2MW
1980 08 01 0907 145.552 -39.385   1.8 2.74 MW ML2MW
1999 03 01 1854 147.428 -38.198   9.1 3.09 MW ML2MW
1980 12 05 0736 144.972 -37.692  12.8 2.81 MW ML2MW
1999 03 17 1406 139.381 -37.564   8.1 2.95 MW ML2MW
1980 12 11 1031 146.231 -38.379   0.0 2.68 MW ML2MW
1981 01 23 1436 145.893 -38.567   0.0 2.74 MW ML2MW
1999 07 13 0820 145.837 -38.407   5.4 3.10 MW ML2MW
1999 09 11 1947 144.792 -39.235  17.2 3.00 MW ML2MW
1999 10 09 0817 148.285 -37.738  11.9 3.14 MW ML2MW
1981 09 16 2313 146.188 -38.403   0.3 2.68 MW ML2MW
1999 10 29 1133 144.461 -42.033  18.2 3.37 MW ML2MW
1999 12 12 1401 139.614 -37.765  13.3 2.95 MW ML2MW
1982 03 23 0728 145.750 -38.387   4.0 2.89 MW ML2MW
1982 04 09 0317 144.308 -38.999  17.2 2.75 MW ML2MW
1982 10 04 0009 145.201 -39.554   0.0 2.73 MW ML2MW
1982 12 01 2000 145.196 -39.911  12.8 2.88 MW ML2MW
1983 01 23 2014 143.584 -38.935  13.7 2.84 MW ML2MW
1983 03 08 2324 145.410 -43.300   0.0 2.75 MW ML2MW
1983 06 05 0726 144.506 -38.497  19.2 2.75 MW ML2MW
1983 08 07 0357 146.033 -38.280   6.7 2.75 MW ML2MW
1983 09 29 0306 144.730 -42.250   0.0 2.75 MW ML2MW
1983 11 05 0444 141.891 -37.922   2.6 2.82 MW ML2MW
1984 07 10 2212 146.182 -38.449  17.2 2.88 MW ML2MW
1985 10 06 0136 146.368 -38.387  11.2 2.76 MW ML2MW
1986 01 13 0634 145.614 -38.690  15.8 2.82 MW ML2MW
1986 02 04 0110 144.728 -38.247  15.8 2.75 MW ML2MW
1986 07 29 0607 141.078 -38.170   3.6 2.72 MW ML2MW
1986 09 20 1605 146.555 -37.971  13.7 2.82 MW ML2MW
1986 11 27 1018 146.501 -37.949  18.9 2.74 MW ML2MW
1987 02 05 1351 148.146 -39.068  17.2 2.73 MW ML2MW
1987 03 28 2341 148.321 -38.343  16.7 2.74 MW ML2MW
1987 05 15 1930 146.393 -37.806   2.2 2.88 MW ML2MW
1987 08 17 0136 149.000 -38.300   0.0 2.87 MW ML2MW
1988 01 09 0806 146.655 -38.387  11.9 2.82 MW ML2MW
1988 02 13 0155 146.460 -37.919  13.4 2.76 MW ML2MW
1988 02 19 1108 145.520 -38.213  14.0 2.82 MW ML2MW
1988 05 14 1355 146.507 -38.558  15.8 2.75 MW ML2MW
1989 04 30 2352 146.308 -38.404   8.5 2.90 MW ML2MW
1989 05 23 1131 143.254 -39.291  10.0 2.73 MW ML2MW
1989 07 06 1138 147.080 -40.820  10.0 2.75 MW ML2MW
1990 05 18 1139 146.267 -40.317  10.0 2.75 MW ML2MW
1990 06 19 0746 146.413 -38.326  12.7 2.75 MW ML2MW
1990 09 13 0812 147.133 -37.933  16.1 2.75 MW ML2MW
1990 10 28 0759 144.817 -39.350  10.0 2.81 MW ML2MW
1991 04 08 1703 145.089 -39.326  10.5 2.89 MW ML2MW
1991 06 15 0207 142.364 -37.828   3.4 2.82 MW ML2MW
1991 11 02 2056 142.493 -37.608   1.2 2.75 MW ML2MW
1991 12 28 1805 142.734 -37.693   0.6 2.82 MW ML2MW
1992 03 17 0540 144.903 -39.096   3.6 2.75 MW ML2MW
1992 04 14 1126 139.801 -37.802   3.1 2.88 MW ML2MW
1992 06 04 0247 143.469 -39.010  12.6 2.81 MW ML2MW
1992 07 11 1003 146.783 -38.481  14.3 2.89 MW ML2MW
1993 08 21 0110 146.347 -38.533   4.6 2.82 MW ML2MW
1994 04 20 0517 145.548 -38.682  15.3 2.90 MW ML2MW
1994 05 24 1146 143.131 -38.512   8.8 2.75 MW ML2MW
1994 10 16 1731 146.287 -38.472  20.0 2.76 MW ML2MW
1995 03 27 0738 147.124 -38.503  10.9 2.89 MW ML2MW
1995 09 16 0738 146.281 -38.484  12.5 2.76 MW ML2MW
1995 09 19 0632 143.167 -38.629  16.0 2.83 MW ML2MW
1995 10 04 1505 144.820 -38.507  15.6 2.83 MW ML2MW
1996 01 08 1039 145.780 -43.870   0.0 2.90 MW ML2MW
1996 04 21 1458 145.427 -38.594  14.5 2.83 MW ML2MW
1997 01 09 1447 146.187 -38.064   1.8 2.75 MW ML2MW
1997 08 25 2232 144.699 -38.437  20.4 2.76 MW ML2MW
1997 09 08 1659 146.778 -39.839   5.0 2.75 MW ML2MW
1997 10 31 1733 145.396 -38.459  18.8 2.89 MW ML2MW
1998 04 18 1023 146.854 -38.486  18.1 2.88 MW ML2MW
1998 11 17 1908 146.296 -38.071  21.7 2.86 MW ML2MW
1999 12 26 0148 146.149 -38.325   1.6 2.86 MW ML2MW
2000 03 23 1040 143.580 -38.965  16.3 2.87 MW ML2MW
2000 06 17 1643 146.208 -38.513  15.5 2.80 MW ML2MW
2000 08 16 1529 147.498 -40.747  10.0 2.83 MW ML2MW
2000 08 22 0835 145.814 -39.424   3.8 2.86 MW ML2MW
2001 01 17 0451 142.010 -37.691  10.2 2.87 MW ML2MW
2001 03 16 0622 145.666 -38.426  16.2 2.89 MW ML2MW
2003 02 17 1726 139.414 -38.303  22.0 2.89 MW ML2MW
2003 09 09 0930 146.360 -38.517  12.3 2.87 MW ML2MW
2003 12 20 1334 141.456 -37.639   8.7 2.88 MW ML2MW
2004 04 24 1503 146.535 -37.880  19.1 2.87 MW ML2MW
2004 10 20 0004 147.089 -39.060  10.0 2.81 MW ML2MW
2005 01 28 0124 146.342 -38.195   8.0 2.80 MW ML2MW
2005 05 19 1021 142.663 -38.942  10.0 2.79 MW ML2MW
2006 04 19 1859 139.880 -37.881  22.2 2.89 MW ML2MW
2006 06 28 1626 145.626 -39.617   9.4 2.79 MW ML2MW
2006 07 13 0442 145.554 -37.925  11.3 2.84 MW ML2MW
2007 05 08 1805 144.701 -39.177  17.8 2.85 MW ML2MW
2007 05 28 1809 145.566 -38.339  22.3 2.89 MW ML2MW
2007 06 06 0104 146.345 -38.552  19.5 2.77 MW ML2MW
2007 07 09 0849 139.939 -37.909   6.6 2.74 MW ML2MW
2007 08 09 0525 144.665 -38.917  10.0 2.87 MW ML2MW
2007 09 16 1143 145.167 -38.359  10.0 2.89 MW ML2MW
2007 10 12 0135 146.555 -37.918   1.2 2.87 MW ML2MW
2008 02 17 1148 140.842 -38.476  28.8 2.82 MW ML2MW
2008 05 14 2240 140.709 -38.246  19.0 2.75 MW ML2MW
2008 06 01 0217 144.788 -38.610  14.1 2.88 MW ML2MW
2008 09 08 0521 139.936 -37.588  17.5 2.82 MW ML2MW
2008 10 06 0138 146.071 -39.214  10.0 2.80 MW ML2MW
2008 10 24 0039 149.506 -38.390  10.0 2.79 MW ML2MW
2009 05 23 0748 144.752 -39.125  10.0 2.87 MW ML2MW
2009 10 29 0217 148.924 -37.918  10.0 2.80 MW ML2MW
2010 08 06 0650 146.044 -38.555  14.9 2.83 MW ML2MW
2010 08 14 2123 147.541 -38.504   0.0 2.76 MW ML2MW
2010 10 22 1632 146.268 -38.564  10.0 2.66 MW ML2MW
2011 02 26 0046 146.535 -37.605   8.1 2.73 MW ML2MW
2011 04 15 1337 145.772 -39.994  10.0 2.75 MW ML2MW
2011 05 20 2227 142.299 -40.705  10.0 2.74 MW ML2MW
2011 07 28 2041 148.557 -38.194  10.0 2.70 MW ML2MW
2011 10 08 2140 146.163 -38.317   4.3 2.76 MW ML2MW
2011 10 23 1456 144.367 -41.539  10.0 2.83 MW ML2MW
2012 01 02 1246 146.370 -38.562  14.4 2.86 MW ML2MW
2012 02 26 1029 140.089 -37.930  27.0 2.83 MW ML2MW
2012 03 06 2234 139.663 -37.728  32.1 2.69 MW ML2MW
2012 06 19 1344 148.421 -38.298  10.0 2.83 MW ML2MW
2012 06 22 1938 145.758 -38.463   0.0 2.86 MW ML2MW
2012 10 31 0835 145.802 -38.128  14.4 2.70 MW ML2MW
2012 12 22 0741 145.824 -38.462  10.0 2.85 MW ML2MW
2013 05 01 1641 144.487 -38.126  11.6 2.90 MW ML2MW
2013 08 31 0543 146.098 -37.859  10.7 2.68 MW ML2MW
2014 03 06 1531 139.935 -38.541  13.0 2.76 MW ML2MW
2014 05 10 1033 140.693 -38.373   0.0 2.78 MW ML2MW
2014 05 20 1833 146.053 -38.426  13.3 2.73 MW ML2MW
2014 08 31 1053 140.680 -38.076  37.9 2.66 MW ML2MW
2014 10 04 2203 146.728 -38.526  10.0 2.72 MW ML2MW
2014 12 06 2054 144.041 -38.225  12.6 2.89 MW ML2MW
2014 12 30 1731 140.631 -38.253  39.4 2.85 MW ML2MW
2015 04 28 1442 146.203 -38.248   8.6 2.82 MW ML2MW
2015 07 30 0925 142.263 -39.780  10.0 2.69 MW ML2MW
2017 01 03 0824 140.082 -37.910   0.0 2.77 MW ML2MW
2017 05 13 1743 146.277 -38.185  10.0 2.80 MW ML2MW
2017 08 07 0643 141.555 -37.674  10.0 2.86 MW ML2MW
2017 10 17 1204 145.628 -38.175  10.0 2.70 MW ML2MW
2017 10 20 1409 143.519 -38.597  10.0 2.82 MW ML2MW
2017 11 07 0657 140.923 -38.344  10.0 2.81 MW ML2MW
2017 11 07 1727 148.378 -37.998  10.0 2.65 MW ML2MW
2017 11 09 2209 146.370 -37.831  10.0 2.54 MW ML2MW
2017 11 10 0052 145.802 -38.562  10.0 2.79 MW ML2MW
2017 12 10 1221 148.037 -38.153  10.0 2.72 MW ML2MW
2017 12 23 1435 148.857 -38.139  10.0 2.55 MW ML2MW
2018 01 19 0617 145.850 -38.229  10.0 2.57 MW ML2MW
2018 02 10 1937 142.998 -38.984  10.0 2.76 MW ML2MW
2018 02 14 1615 145.818 -38.371  10.0 2.52 MW ML2MW
2018 02 22 1359 144.996 -38.354  10.0 2.38 MW ML2MW
2018 02 22 1839 142.980 -39.017  10.0 2.39 MW ML2MW
2018 03 10 1351 140.994 -38.350  10.0 2.83 MW ML2MW
2018 03 11 0135 146.411 -37.903  10.0 2.53 MW ML2MW
2018 04 06 2353 147.402 -40.267  10.0 2.81 MW ML2MW
2018 05 21 2309 140.970 -38.694  10.0 2.88 MW ML2MW
2018 07 21 1821 144.862 -38.038   1.8 2.62 MW ML2MW
2019 04 11 1223 140.044 -37.742  10.0 2.30 MW ML2MW
2019 06 23 1546 147.004 -38.607  10.0 2.36 MW ML2MW
2020 08 03 1657 145.519 -37.880   8.6 2.31 MW ML2MW
2020 09 18 0718 146.043 -38.580  10.0 2.56 MW ML2MW
2021 07 28 1022 147.375 -37.753  10.0 2.88 MW ML2MW
