1967 04 03 0440 126.320 -12.200  18.0 4.47 MW mb2MW
1978 11 12 0909 128.440 -12.570   0.0 2.87 MW ML2MW
1981 12 14 1159 122.651 -13.902  33.0 3.72 MW mb2MW
1978 11 27 0422 128.930 -14.320   0.0 2.95 MW ML2MW
1982 02 08 1423 123.433 -12.627  37.0 2.98 MW ML2MW
1989 01 05 0857 123.320 -15.900   5.0 2.75 MW ML2MW
1995 08 15 1458 128.925 -11.251  33.0 2.98 MW mb2MW
1997 02 08 1337 129.310 -11.550 281.0 2.66 MW mb2MW
1998 12 05 2311 129.746 -10.275 560.0 2.87 MW mb2MW
1999 07 14 1254 122.080 -14.920   5.0 2.97 MW ML2MW
2005 03 29 1717 129.662 -10.542 573.0 2.13 MW mb2MW
2005 07 09 1348 124.660 -14.950  37.0 2.73 MW ML2MW
2006 02 22 0842 128.384 -10.382  35.0 2.87 MW mb2MW
2010 12 02 1830 128.594 -14.658   2.0 2.85 MW ML2MW
2011 05 11 2034 125.207 -12.614   0.0 2.76 MW mb2MW
2018 03 14 1907 129.668 -13.324  10.0 2.50 MW ML2MW
