1960 06 04 1243 143.430 -39.020  10.0 4.10 MW ML2MW
1960 12 24 1642 143.590 -38.880   0.0 4.60 MW ML2MW
1963 06 14 1923 146.425 -38.657   1.6 4.62 MW ML2MW
1965 09 14 1253 144.300 -38.700  10.0 5.14 MW ML2MW
1969 06 20 1115 146.300 -38.470  19.0 4.86 MW ML2MW
1970 05 31 0150 146.220 -38.520   0.0 4.00 MW ML2MW
1970 12 24 1814 146.070 -38.440  19.0 3.73 MW ML2MW
1971 01 09 1150 146.480 -38.140   7.0 3.64 MW ML2MW
1971 06 15 2006 145.834 -40.978  10.0 3.89 MW ML2MW
1971 07 06 2154 145.048 -38.452  17.0 4.48 MW ML2MW
1973 02 17 0856 145.390 -38.810  10.0 3.74 MW ML2MW
1973 09 21 0256 146.790 -38.570  10.0 3.82 MW ML2MW
1974 06 01 0420 146.670 -39.180   0.0 3.40 MW ML2MW
1975 05 03 0909 144.000 -41.700   0.0 3.86 MW ML2MW
1975 11 22 1931 140.060 -38.189  18.0 4.00 MW ML2MW
1976 08 14 0347 139.158 -37.848  33.0 3.64 MW ML2MW
1979 07 11 0005 144.592 -39.960  17.0 3.81 MW ML2MW
1979 09 10 1524 144.439 -39.745  17.2 3.56 MW ML2MW
1980 01 16 0249 145.483 -39.554  17.2 3.49 MW ML2MW
1980 05 21 0448 146.516 -37.945  14.9 3.88 MW ML2MW
1981 06 16 2133 144.245 -38.899  17.2 4.67 MW ML2MW
1982 02 11 1458 147.484 -38.531  17.2 2.97 MW ML2MW
1982 03 11 1045 147.820 -42.730   0.0 2.91 MW ML2MW
1983 10 15 2050 145.046 -39.770  15.3 4.24 MW ML2MW
1984 08 26 0723 142.389 -39.153  17.2 3.65 MW ML2MW
1984 10 20 0516 145.904 -38.970  16.7 4.16 MW ML2MW
1985 01 19 1502 145.957 -38.815  12.8 3.26 MW ML2MW
1986 12 20 1204 143.349 -39.212  13.9 3.48 MW ML2MW
1987 03 26 1214 136.705 -36.461   0.0 3.54 MW ML2MW
1987 05 30 1444 146.554 -37.947  17.0 3.90 MW ML2MW
1987 06 24 1853 144.220 -38.895  24.9 3.18 MW ML2MW
1987 12 20 0802 145.583 -38.410  16.2 3.33 MW ML2MW
1988 02 07 0013 145.235 -39.552  15.4 2.95 MW ML2MW
1989 02 09 1714 147.679 -38.175  10.0 3.12 MW ML2MW
1989 11 08 0506 140.056 -37.547  13.2 3.71 MW ML2MW
1989 11 17 1337 144.777 -39.231   3.6 3.10 MW ML2MW
1991 01 10 1107 139.211 -37.331   2.7 3.58 MW ML2MW
1991 04 16 1608 147.370 -38.510   1.0 2.96 MW ML2MW
1993 11 24 0759 147.026 -38.484  17.3 3.03 MW ML2MW
1994 02 01 0553 146.350 -38.536  17.1 3.72 MW Allen (2012)
1994 05 14 1433 143.496 -38.714  12.0 3.17 MW ML2MW
1994 06 27 0152 145.962 -38.722  11.6 3.04 MW ML2MW
1995 12 18 1644 139.579 -37.613   8.5 3.50 MW ML2MW
1996 01 16 1030 145.070 -38.284  10.7 3.00 MW Allen (2012)
1996 12 24 2228 145.534 -38.696  17.2 3.29 MW Allen (2012)
1997 01 20 1103 145.031 -38.379  19.3 3.50 MW ML2MW
1997 03 31 2026 145.450 -39.522  14.8 3.11 MW ML2MW
1998 08 24 2217 146.135 -40.892   7.0 3.11 MW ML2MW
1998 09 15 1323 147.289 -38.371  20.6 3.42 MW ML2MW
1998 09 27 2232 144.741 -38.290  20.5 3.74 MW ML2MW
1998 10 08 1205 145.848 -39.462  17.1 3.34 MW ML2MW
1998 11 02 1904 144.645 -39.189  10.0 3.01 MW ML2MW
1999 01 13 0940 146.317 -38.097  12.3 3.54 MW Allen (2012)
1999 03 01 1854 147.428 -38.198   9.1 3.09 MW ML2MW
1999 04 13 0351 147.858 -42.083   0.0 2.97 MW ML2MW
1999 09 11 1947 144.792 -39.235  17.2 3.00 MW ML2MW
2000 05 17 1729 143.563 -38.710  17.1 3.09 MW ML2MW
2000 07 24 0747 145.272 -37.958  19.5 3.13 MW Allen (2012)
2000 08 03 1129 145.989 -38.752  16.2 3.24 MW Allen (2012)
2000 08 29 1205 146.246 -38.404  15.4 4.15 MW Allen (2012)
2000 12 29 2339 144.482 -38.793  17.1 3.60 MW ML2MW
2001 03 13 1247 144.005 -38.510   3.6 2.94 MW ML2MW
2001 08 21 2313 145.472 -38.119  13.0 3.66 MW Allen (2012)
2001 12 31 0748 144.914 -37.390  10.0 2.94 MW ML2MW
2002 05 04 2238 145.751 -38.708  13.9 2.94 MW ML2MW
2002 07 19 0540 144.819 -39.245   8.5 3.15 MW ML2MW
2002 07 22 1438 148.023 -40.904  10.0 3.28 MW ML2MW
2002 09 24 0742 146.066 -38.691   3.0 3.67 MW Allen (2012)
2003 04 06 2330 145.384 -38.563  11.0 2.96 MW ML2MW
2003 04 10 0711 145.928 -39.241  18.3 3.85 MW ML2MW
2005 01 14 0051 144.348 -39.745  10.0 3.05 MW ML2MW
2005 04 20 2153 146.554 -38.517   7.4 3.52 MW ML2MW
2006 01 19 1615 146.204 -40.783  10.0 3.60 MW ML2MW
2006 04 08 0034 142.258 -38.874   5.8 3.48 MW ML2MW
2006 10 22 1236 145.025 -37.873  16.1 3.09 MW ML2MW
2006 12 04 0254 144.844 -39.055  13.5 3.30 MW ML2MW
2007 01 20 1717 145.526 -38.419  10.0 2.96 MW ML2MW
2007 03 08 0234 145.746 -37.903  10.6 3.66 MW Allen (2012)
2007 03 16 0612 145.611 -39.547  10.0 3.14 MW ML2MW
2007 07 28 1650 144.373 -39.594  10.0 3.13 MW ML2MW
2007 11 13 0659 140.110 -37.789  15.4 3.86 MW ML2MW
2008 01 24 0321 144.627 -38.757  14.3 3.43 MW ML2MW
2008 06 24 0703 140.578 -38.058  29.1 3.52 MW ML2MW
2008 09 21 1309 148.297 -39.793  10.0 3.09 MW ML2MW
2008 10 28 1224 144.281 -38.264   6.1 3.17 MW ML2MW
2008 11 22 0129 146.116 -39.310  10.0 2.93 MW ML2MW
2009 02 05 0404 144.994 -39.024  10.0 3.58 MW ML2MW
2009 03 06 0955 145.852 -38.413   9.8 4.41 MW Allen (2012); Herrmann (2009); Ghasemi et al (2016)
2009 09 22 0820 145.233 -38.199   5.0 3.17 MW ML2MW
2009 10 15 2318 145.291 -39.389  10.0 3.14 MW ML2MW
2009 12 07 1330 147.839 -42.159   9.3 3.88 MW ML2MW
2010 03 30 0808 144.903 -38.089   9.0 3.17 MW ML2MW
2010 04 06 0637 147.438 -38.271  10.0 2.97 MW ML2MW
2010 08 14 2123 147.541 -38.504   0.0 3.28 MW ML2MW
2010 12 28 0851 147.300 -38.570  35.7 3.33 MW ML2MW
2011 11 14 0243 147.393 -42.107  10.0 3.16 MW ML2MW
2012 02 25 0116 149.139 -40.347  20.0 2.96 MW ML2MW
2012 06 19 1053 146.290 -38.259  18.1 5.06 MW GCMT; Hoult et al (2021)
2012 06 19 1344 148.421 -38.298  10.0 3.25 MW ML2MW
2012 07 31 0008 146.716 -38.605  10.0 3.09 MW ML2MW
2013 01 12 2021 145.814 -40.935  10.0 3.35 MW ML2MW
2013 01 17 2356 144.749 -39.716   5.0 3.25 MW ML2MW
2013 04 14 2220 144.871 -38.404  12.8 3.05 MW ML2MW
2013 05 01 1641 144.487 -38.126  11.6 2.96 MW ML2MW
2013 07 15 0419 144.335 -39.769  14.5 3.66 MW ML2MW
2014 01 13 0458 145.350 -37.874  11.8 3.09 MW ML2MW
2014 01 18 1148 145.592 -37.920   9.4 2.90 MW ML2MW
2014 04 02 2018 144.563 -39.561  10.0 3.10 MW ML2MW
2014 05 20 2253 147.444 -38.552  10.0 3.39 MW ML2MW
2014 06 28 0642 145.295 -39.448   9.5 3.15 MW ML2MW
2014 12 02 1634 145.846 -38.418   8.8 3.52 MW ML2MW
2014 12 03 1905 145.460 -38.067  18.4 3.59 MW ML2MW
2015 03 10 1239 145.512 -38.035   9.5 2.97 MW ML2MW
2015 03 27 1327 140.750 -38.562  38.0 3.47 MW ML2MW
2015 05 13 1135 136.775 -36.551  17.8 3.52 MW ML2MW
2015 09 17 0244 142.582 -39.825  54.0 4.39 MW ML2MW
2015 09 20 1753 138.355 -36.773  10.0 3.90 MW ML2MW
2016 04 04 1942 146.034 -38.572  19.3 3.45 MW ML2MW
2016 06 05 1647 146.358 -40.745  10.0 3.18 MW ML2MW
2016 06 12 1251 145.810 -39.061  14.0 3.13 MW ML2MW
2017 01 31 1940 146.274 -38.429  19.7 3.57 MW ML2MW
2017 08 26 0523 148.341 -42.120  10.0 2.93 MW ML2MW
2017 09 18 1924 144.646 -40.070  10.0 3.51 MW ML2MW
2017 10 23 2029 140.811 -38.486  10.0 3.55 MW ML2MW
2017 12 03 1245 149.329 -40.264  10.0 3.09 MW ML2MW
2018 02 11 1324 145.937 -39.139  10.0 3.06 MW ML2MW
2019 01 04 0611 145.036 -38.268  10.0 3.04 MW ML2MW
2019 02 24 2114 147.868 -42.094  10.0 3.28 MW ML2MW
2019 04 04 0608 139.522 -37.511  10.0 3.74 MW ML2MW
2019 04 11 1223 140.044 -37.742  10.0 3.72 MW ML2MW
2019 05 28 0905 145.457 -39.708  10.0 2.99 MW ML2MW
2019 06 23 1546 147.004 -38.607  10.0 2.90 MW ML2MW
2019 09 23 0030 146.912 -38.099  10.0 3.30 MW ML2MW
2019 10 19 0356 144.630 -39.169  10.0 2.99 MW ML2MW
2019 11 28 0318 145.278 -37.905  10.0 3.14 MW ML2MW
2019 12 24 0159 144.683 -38.484  10.0 3.52 MW ML2MW
2020 06 04 0705 145.900 -38.958  10.0 3.56 MW ML2MW
2020 07 14 2210 145.615 -38.986  10.0 3.31 MW ML2MW
2020 07 29 0908 145.532 -38.015   7.3 3.14 MW ML2MW
2020 08 03 1657 145.519 -37.880   8.6 3.44 MW ML2MW
2020 08 23 0937 143.670 -38.860   2.9 3.98 MW ML2MW
2020 11 14 1332 145.841 -38.403  10.0 3.72 MW ML2MW
2021 06 22 1909 143.580 -38.906  10.0 3.80 MW ML2MW
2021 07 01 0755 146.931 -38.561  10.0 3.38 MW ML2MW
2021 07 03 0528 144.955 -37.564   5.3 3.26 MW ML2MW
2021 07 16 1456 146.186 -38.502   8.5 3.63 MW ML2MW
2021 10 10 1243 148.156 -41.987   6.0 2.91 MW ML2MW
