1941 06 27 0755 137.340 -25.950   0.0 6.54 MW MS2MW
1965 09 10 1224 122.200 -18.100  18.0 4.91 MW ML2MW
1968 08 06 1908 123.200 -18.500  18.0 5.00 MW mb2MW
1969 06 17 1954 116.730 -25.260   0.0 4.55 MW ML2MW
1970 03 24 1035 126.673 -22.059  15.0 5.92 MW MS2MW
1972 07 22 0419 126.710 -28.030   0.0 4.36 MW mb2MW
1972 08 28 0218 136.326 -24.992  13.4 5.32 MW mb2MW
1972 10 21 0233 115.550 -24.880   0.0 4.53 MW ML2MW
1973 03 11 1604 127.418 -21.889  10.0 4.68 MW mb2MW
1974 02 27 0157 136.501 -28.803  10.0 4.08 MW ML2MW
1975 01 10 0820 126.110 -27.740   0.0 5.32 MW mb2MW
1975 03 07 2013 126.580 -25.860   0.0 4.58 MW mb2MW
1975 08 25 1128 123.286 -18.958   0.0 4.36 MW mb2MW
1975 11 28 1755 115.560 -21.530   0.0 4.47 MW mb2MW
1976 03 15 1538 125.470 -32.340  10.0 4.89 MW mb2MW
1976 04 18 1950 126.546 -22.184  51.0 4.26 MW mb2MW
1976 10 21 1112 126.665 -22.347  33.0 4.58 MW mb2MW
1976 11 28 1834 122.417 -18.618  33.0 4.04 MW mb2MW
1977 05 15 1916 117.950 -35.000  10.0 4.19 MW ML2MW
1977 11 17 1756 123.670 -30.590   0.0 4.30 MW ML2MW
1977 11 22 0800 120.400 -19.600   0.0 4.13 MW ML2MW
1977 12 30 1009 117.172 -25.245  33.0 4.65 MW ML2MW
1978 05 01 0342 115.503 -23.464   0.0 4.58 MW mb2MW
1979 04 24 2314 129.160 -26.340   0.0 4.15 MW ML2MW
1979 07 14 0940 122.755 -18.103  15.0 5.04 MW GCMT
1980 03 15 0709 121.640 -18.770   0.0 4.11 MW ML2MW
1980 07 31 1219 120.960 -19.510   0.0 4.00 MW ML2MW
1982 02 13 0826 126.643 -22.096  10.0 4.47 MW mb2MW
1984 07 07 0439 126.659 -28.219  33.0 4.17 MW ML2MW
1985 02 10 1559 129.910 -25.310   0.0 3.25 MW ML2MW
1985 03 22 0023 125.570 -22.840  10.0 3.45 MW ML2MW
1985 04 03 0150 132.455 -23.016   9.0 4.55 MW ML2MW
1985 04 21 1456 121.897 -19.965  10.0 3.54 MW ML2MW
1985 05 20 2258 120.860 -18.410  10.0 3.44 MW ML2MW
1985 06 05 0341 122.430 -32.650  10.0 3.11 MW ML2MW
1985 07 10 0824 132.000 -25.500   0.0 3.11 MW ML2MW
1985 07 28 0739 122.582 -32.554   5.8 4.72 MW ML2MW
1986 01 30 1640 135.535 -27.596   3.8 3.19 MW ML2MW
1986 03 16 0644 126.610 -28.100   5.0 3.43 MW ML2MW
1986 03 30 0853 132.734 -26.310   5.0 5.71 MW GCMT
1986 04 14 1932 131.345 -24.879  10.0 3.83 MW ML2MW
1986 04 16 0601 123.480 -20.450   5.0 3.23 MW ML2MW
1986 05 21 2042 116.220 -25.310   5.0 3.35 MW ML2MW
1986 05 26 0555 128.992 -27.768   5.0 4.06 MW ML2MW
1986 06 15 0233 125.930 -25.340   5.0 3.01 MW ML2MW
1986 07 20 0125 126.460 -21.980   5.0 3.11 MW ML2MW
1986 08 24 0454 126.705 -21.648  10.0 3.38 MW ML2MW
1986 09 16 1616 122.310 -32.590   5.0 3.36 MW ML2MW
1986 11 28 1546 129.779 -25.433   5.0 3.86 MW ML2MW
1986 12 14 0932 121.510 -19.180   5.0 3.36 MW ML2MW
1987 03 30 0510 131.519 -26.062  33.0 3.64 MW ML2MW
1987 04 17 1658 115.980 -25.460  23.0 3.00 MW ML2MW
1987 04 19 2241 122.260 -32.610   5.0 3.14 MW ML2MW
1987 05 12 0900 135.632 -27.296  11.1 3.11 MW ML2MW
1987 07 05 1105 120.700 -18.470   5.0 3.04 MW ML2MW
1987 07 07 1031 136.035 -28.178   8.0 3.53 MW ML2MW
1987 07 08 1038 122.280 -32.540   5.0 4.36 MW ML2MW
1987 08 19 1621 128.619 -24.455   0.0 3.20 MW ML2MW
1987 08 21 0939 122.370 -32.660   5.0 3.04 MW ML2MW
1987 10 12 0453 118.470 -34.910   5.0 3.26 MW ML2MW
1987 11 01 1527 126.600 -22.080   5.0 3.10 MW ML2MW
1987 12 04 1315 120.624 -17.655  10.0 4.24 MW ML2MW
1987 12 13 1529 126.270 -29.610   5.0 3.08 MW ML2MW
1988 04 23 2338 126.628 -21.817   5.0 3.14 MW ML2MW
1988 05 08 1553 124.730 -22.830   5.0 3.05 MW ML2MW
1988 05 09 1924 126.430 -21.920   5.0 3.12 MW ML2MW
1988 05 18 0903 122.280 -18.960   5.0 3.11 MW ML2MW
1988 06 15 0913 126.500 -31.720   5.0 4.21 MW ML2MW
1988 07 16 0016 117.050 -25.080   5.0 3.10 MW ML2MW
1988 08 08 1813 126.573 -27.243   5.0 4.10 MW ML2MW
1988 10 19 1549 115.310 -22.840   5.0 3.24 MW ML2MW
1988 11 01 0425 129.540 -25.090   5.0 3.12 MW ML2MW
1988 11 04 0734 128.030 -29.940   5.0 3.10 MW ML2MW
1988 11 24 2344 116.440 -25.350   5.0 3.16 MW ML2MW
1988 12 15 1856 124.583 -19.164   5.0 3.68 MW ML2MW
1988 12 22 1110 136.222 -28.657   5.7 3.11 MW ML2MW
1988 12 23 0424 126.510 -22.000   5.0 3.04 MW ML2MW
1989 01 07 1141 116.060 -25.390   5.0 3.69 MW ML2MW
1989 03 03 0051 121.570 -21.690   5.0 3.02 MW ML2MW
1989 05 28 0255 130.755 -25.139  28.6 4.97 MW ML2MW
1989 07 27 0607 125.467 -26.092   5.0 3.11 MW ML2MW
1990 01 12 0549 131.570 -25.620   5.0 3.50 MW ML2MW
1990 01 12 0950 131.239 -23.053   5.0 4.26 MW ML2MW
1990 02 08 0823 137.342 -27.891   9.0 4.35 MW ML2MW
1990 02 14 1350 137.633 -26.313  13.5 3.01 MW ML2MW
1990 03 05 1258 127.775 -26.262   3.0 3.04 MW ML2MW
1990 03 21 1337 129.510 -25.430  10.0 4.35 MW ML2MW
1990 04 21 2136 127.301 -26.144  10.0 3.19 MW ML2MW
1990 06 27 1423 123.117 -18.833   5.0 3.19 MW ML2MW
1990 08 11 1754 130.270 -23.120  10.0 4.35 MW ML2MW
1990 09 12 1205 122.870 -18.630   5.0 3.26 MW ML2MW
1990 09 27 1241 137.510 -25.910  10.0 3.74 MW ML2MW
1990 10 18 0952 115.804 -25.912   5.0 3.04 MW ML2MW
1990 11 25 2146 126.400 -21.730   5.0 3.11 MW ML2MW
1990 12 01 2054 131.809 -26.527  12.9 3.34 MW ML2MW
1990 12 01 2235 131.325 -26.582  21.6 3.99 MW ML2MW
1991 02 13 0735 125.653 -29.775   1.0 3.04 MW ML2MW
1991 03 15 0429 124.655 -29.360   1.0 3.11 MW ML2MW
1991 04 18 0450 132.807 -26.447  10.0 3.00 MW ML2MW
1991 05 16 0202 116.093 -25.457   9.0 3.04 MW ML2MW
1991 06 14 1222 122.318 -32.603   5.0 3.58 MW ML2MW
1991 06 17 0452 121.678 -19.974   5.0 3.19 MW ML2MW
1991 11 05 0926 122.097 -32.836   5.0 3.74 MW ML2MW
1991 12 13 0448 117.360 -34.389   1.0 4.17 MW ML2MW
1992 03 10 0347 130.077 -25.449   5.0 3.26 MW ML2MW
1992 04 16 0801 116.674 -24.416   5.3 3.34 MW ML2MW
1992 06 02 0116 127.954 -22.015   5.0 3.26 MW ML2MW
1992 06 13 1805 130.096 -23.862  16.0 4.35 MW ML2MW
1992 07 12 1746 123.066 -19.903   5.0 3.11 MW ML2MW
1992 07 14 0519 129.220 -22.160  10.0 3.34 MW ML2MW
1992 07 15 0017 126.433 -22.064   5.0 4.63 MW ML2MW
1992 07 27 0940 129.286 -24.284   5.0 3.11 MW ML2MW
1992 08 22 1054 128.791 -27.452   5.0 3.74 MW ML2MW
1992 11 01 2100 136.968 -28.828  15.0 3.26 MW ML2MW
1992 11 29 1557 116.356 -23.937  10.0 3.11 MW ML2MW
1992 12 03 1737 131.395 -25.931  10.0 3.58 MW ML2MW
1992 12 29 2020 129.870 -25.404   0.0 3.91 MW ML2MW
1993 02 27 2208 122.317 -32.625   5.0 3.42 MW ML2MW
1993 03 22 0208 129.903 -25.392   0.0 3.26 MW ML2MW
1993 03 27 0808 122.821 -18.561   5.0 3.19 MW ML2MW
1993 04 05 1754 127.593 -25.768   5.0 3.11 MW ML2MW
1993 07 06 2359 126.368 -22.569   5.0 3.34 MW ML2MW
1993 07 09 1006 115.713 -24.458   5.0 3.58 MW ML2MW
1993 11 20 0738 125.726 -20.590   5.0 3.34 MW ML2MW
1993 11 30 0051 125.087 -29.892   5.0 3.26 MW ML2MW
1994 04 19 1125 126.548 -21.917   5.0 3.42 MW ML2MW
1994 08 22 0331 126.315 -21.986   5.0 3.42 MW ML2MW
1994 09 01 0625 130.459 -22.873   5.0 3.19 MW ML2MW
1994 09 04 1301 124.253 -30.688   5.0 4.17 MW ML2MW
1994 10 11 1034 121.307 -33.294   3.0 3.82 MW ML2MW
1994 11 04 2200 135.440 -28.316  12.5 3.11 MW ML2MW
1994 12 02 1942 130.133 -23.587   0.0 4.08 MW ML2MW
1994 12 27 1910 130.248 -23.649   5.0 3.11 MW ML2MW
1995 01 01 1227 136.115 -28.541  10.3 3.19 MW ML2MW
1995 01 27 1914 123.229 -18.859   5.0 3.42 MW ML2MW
1995 01 31 0845 136.748 -28.970  11.8 3.04 MW ML2MW
1995 02 21 0126 122.512 -18.886   5.0 3.19 MW ML2MW
1995 02 23 0403 126.226 -21.905   5.0 3.34 MW ML2MW
1995 03 06 1056 129.814 -22.129   6.0 3.34 MW ML2MW
1995 03 16 2301 130.406 -23.347   5.0 3.11 MW ML2MW
1995 04 05 2338 126.953 -32.672   5.0 3.91 MW ML2MW
1995 05 29 2033 136.600 -24.800   5.0 3.26 MW ML2MW
1995 06 04 2036 125.796 -24.119   5.0 3.66 MW ML2MW
1995 07 01 1104 135.937 -28.014  10.0 3.19 MW ML2MW
1995 07 02 1928 135.383 -28.016   0.0 3.58 MW ML2MW
1995 07 03 2316 135.072 -27.601  10.0 3.19 MW ML2MW
1995 07 10 1225 132.316 -22.357   0.0 3.26 MW ML2MW
1995 08 10 0650 131.704 -22.357   0.0 3.19 MW ML2MW
1995 08 15 0157 120.813 -18.414   5.0 3.19 MW ML2MW
1995 09 21 0940 127.504 -22.249  10.0 3.83 MW mb2MW
1995 10 19 0355 122.835 -18.546   5.0 3.34 MW ML2MW
1995 11 20 1116 131.450 -25.991  10.0 3.50 MW ML2MW
1996 02 04 1755 120.897 -18.863   5.0 3.42 MW ML2MW
1996 04 22 0958 126.595 -22.082   5.0 3.58 MW ML2MW
1996 05 21 2021 121.966 -18.535  30.0 3.26 MW ML2MW
1996 07 09 0926 129.936 -26.990   5.0 3.26 MW ML2MW
1996 09 04 1211 130.685 -26.444   0.0 3.11 MW ML2MW
1996 11 12 0502 130.005 -21.963  11.0 3.11 MW ML2MW
1996 11 30 1723 117.480 -25.230  10.0 3.51 MW mb2MW
1996 11 30 1738 116.682 -24.560   5.0 3.19 MW ML2MW
1996 12 01 0450 132.988 -26.695   5.0 3.42 MW ML2MW
1996 12 06 0401 128.704 -23.405   5.0 3.04 MW ML2MW
1996 12 10 0602 128.448 -26.251   5.0 3.42 MW ML2MW
1997 02 05 0015 139.241 -28.710  11.5 4.17 MW ML2MW
1997 02 22 0848 126.327 -21.757  12.0 3.74 MW ML2MW
1997 02 24 1242 135.177 -27.634   8.1 3.19 MW ML2MW
1997 06 06 0617 125.812 -24.156   5.0 3.11 MW ML2MW
1997 06 23 2044 131.870 -23.110  19.0 4.08 MW ML2MW
1997 07 01 0606 115.642 -21.419   5.0 3.26 MW ML2MW
1997 07 23 1829 126.541 -22.114   5.0 3.58 MW ML2MW
1997 07 29 0742 125.807 -28.360  10.0 4.08 MW ML2MW
1997 09 11 1619 126.262 -30.968   5.0 3.11 MW ML2MW
1997 09 26 0810 127.560 -22.792   5.0 3.04 MW ML2MW
1997 12 23 1011 115.064 -21.884   5.0 3.42 MW ML2MW
1997 12 28 1556 122.313 -32.621   5.0 3.11 MW ML2MW
1998 02 11 0859 115.263 -23.558   5.0 3.11 MW ML2MW
1998 04 10 0346 122.343 -32.589   5.0 4.17 MW ML2MW
1998 05 15 2354 130.940 -26.090   5.0 3.42 MW ML2MW
1998 06 09 0100 135.769 -28.037  27.1 4.26 MW ML2MW
1998 06 16 1513 134.470 -23.650   7.0 3.26 MW ML2MW
1998 06 23 0838 131.860 -26.080  10.0 3.19 MW ML2MW
1998 07 17 1846 127.845 -26.502  11.0 3.42 MW ML2MW
1998 07 23 0149 131.350 -23.030   0.0 3.11 MW ML2MW
1998 07 31 0046 125.694 -24.301   5.0 3.26 MW ML2MW
1998 08 17 0457 135.246 -28.994   8.3 3.58 MW ML2MW
1998 09 11 0207 132.810 -26.410   0.0 3.19 MW ML2MW
1998 11 19 0642 137.790 -25.000   0.0 3.04 MW ML2MW
1999 01 18 1450 126.410 -27.788  10.0 4.08 MW ML2MW
1999 01 23 2256 115.553 -21.464   5.0 3.42 MW ML2MW
1999 02 01 0423 136.814 -28.400  25.5 3.12 MW ML2MW
1999 02 26 0008 136.420 -27.827   7.2 3.12 MW ML2MW
1999 03 01 0128 137.590 -25.800   0.0 3.50 MW ML2MW
1999 03 06 2354 139.137 -28.565   6.9 3.99 MW ML2MW
1999 03 27 2209 124.441 -30.832   5.0 3.11 MW ML2MW
1999 04 09 0728 129.812 -25.189   5.0 3.04 MW ML2MW
1999 04 10 2227 124.752 -19.621   5.0 3.26 MW ML2MW
1999 08 14 1245 131.044 -26.170  10.0 3.58 MW ML2MW
1999 12 01 1525 126.590 -27.180   5.0 3.26 MW ML2MW
2000 01 07 0302 121.430 -18.100   5.0 3.11 MW ML2MW
2000 02 08 0426 128.814 -23.911   5.0 3.19 MW ML2MW
2000 05 22 1425 116.945 -25.326   5.0 3.11 MW ML2MW
2000 06 19 1804 131.404 -22.832   5.0 3.51 MW ML2MW
2000 07 25 2056 126.286 -22.291  10.0 3.04 MW ML2MW
2000 08 01 1123 131.749 -26.787   0.0 3.29 MW ML2MW
2000 09 07 0107 131.205 -23.264  10.0 3.19 MW ML2MW
2000 11 11 2200 126.172 -27.637   2.0 3.29 MW ML2MW
2000 11 15 0848 126.540 -22.039  11.0 3.27 MW ML2MW
2000 11 16 0125 118.386 -34.537   0.0 3.10 MW ML2MW
2001 01 10 1003 126.635 -27.890   0.0 3.04 MW ML2MW
2001 02 02 0322 122.410 -20.915  20.0 3.19 MW ML2MW
2001 03 29 1853 135.364 -27.071  20.6 3.34 MW ML2MW
2001 04 12 1822 137.370 -25.673  10.0 3.36 MW ML2MW
2001 04 12 2237 137.692 -25.843  10.0 3.42 MW ML2MW
2001 04 25 2337 124.280 -30.910   5.0 3.38 MW ML2MW
2001 05 28 0743 131.680 -26.500  10.0 3.11 MW ML2MW
2001 07 28 1949 126.662 -22.137  10.0 3.57 MW ML2MW
2001 08 14 0803 127.580 -22.940   0.0 3.60 MW ML2MW
2001 08 18 0205 122.555 -33.416  10.0 3.11 MW ML2MW
2001 08 25 0338 120.940 -18.870   5.0 3.42 MW ML2MW
2001 10 06 1631 120.046 -17.656   0.0 3.45 MW ML2MW
2001 10 07 1354 139.767 -24.934   0.0 3.19 MW ML2MW
2001 10 13 0507 129.014 -30.501  12.6 3.05 MW ML2MW
2001 10 19 0418 129.547 -23.601   1.0 3.84 MW ML2MW
2001 10 19 1743 120.628 -33.712  10.0 5.01 MW ML2MW
2002 03 17 0109 125.388 -27.539   5.0 3.27 MW ML2MW
2002 03 24 1156 131.680 -26.691   2.0 3.45 MW ML2MW
2002 04 13 0037 137.714 -26.480  12.0 3.04 MW ML2MW
2002 04 15 2244 130.040 -23.151   3.0 3.37 MW ML2MW
2002 04 16 1601 129.965 -23.024   2.0 3.37 MW ML2MW
2002 06 28 1257 130.090 -23.291   5.0 3.22 MW ML2MW
2002 09 09 0657 126.709 -31.527   6.0 3.89 MW ML2MW
2002 10 06 1457 129.274 -22.186   1.0 3.56 MW ML2MW
2002 10 25 0425 126.813 -32.415   5.0 3.53 MW ML2MW
2003 01 15 0203 137.306 -25.947  10.0 3.18 MW ML2MW
2003 03 06 0357 126.675 -22.162  10.0 3.26 MW ML2MW
2003 05 03 2237 138.140 -28.062   3.1 3.13 MW ML2MW
2003 05 11 0305 135.095 -27.857   2.4 3.78 MW ML2MW
2003 05 31 0316 115.589 -26.122  10.0 3.65 MW ML2MW
2003 06 06 1140 126.524 -22.073   0.0 3.19 MW ML2MW
2003 07 18 1319 119.609 -34.372   5.0 3.06 MW ML2MW
2003 08 07 0510 129.882 -23.343   0.0 3.21 MW ML2MW
2003 09 16 1616 130.389 -22.676   0.0 3.23 MW ML2MW
2004 01 17 1608 122.396 -18.783  10.0 3.87 MW ML2MW
2004 01 23 0928 132.786 -22.297  10.0 3.31 MW ML2MW
2004 01 23 1531 123.549 -31.672  14.9 4.23 MW ML2MW
2004 01 26 2039 131.849 -26.181  10.0 3.26 MW ML2MW
2004 02 11 0930 130.100 -22.498  12.5 4.90 MW GCMT
2004 02 18 1541 131.671 -27.600  27.6 3.06 MW ML2MW
2004 02 23 1723 125.571 -20.832   5.0 3.73 MW ML2MW
2004 03 01 2233 123.171 -32.423   1.7 3.24 MW ML2MW
2004 03 05 0011 127.084 -32.346  10.0 4.30 MW ML2MW
2004 04 10 0555 130.093 -25.064  10.0 3.19 MW ML2MW
2004 05 05 1008 131.071 -26.042  10.0 3.45 MW ML2MW
2004 06 07 1340 125.483 -27.695   6.8 3.67 MW ML2MW
2004 08 14 1537 130.950 -26.090   0.8 3.45 MW ML2MW
2004 11 01 1315 124.844 -19.111   8.9 3.89 MW ML2MW
2005 01 27 1729 122.381 -32.467  10.0 3.41 MW ML2MW
2005 03 13 0209 131.694 -26.205   5.0 4.42 MW ML2MW
2005 03 19 0729 130.868 -26.091  10.0 3.94 MW ML2MW
2005 03 29 1615 126.605 -22.144   5.0 3.41 MW ML2MW
2005 05 14 1333 136.741 -28.687  26.1 3.76 MW ML2MW
2005 06 09 1644 115.068 -23.093  14.5 3.58 MW ML2MW
2005 06 30 0525 135.741 -29.070   6.2 3.19 MW ML2MW
2006 01 22 0049 135.890 -28.087   3.3 3.12 MW ML2MW
2006 04 01 0109 130.972 -26.046  10.0 3.94 MW mb2MW
2006 05 02 0247 137.341 -25.877  10.0 3.51 MW ML2MW
2006 05 13 0104 135.595 -27.709  10.0 4.15 MW mb2MW
2006 05 24 2134 129.984 -23.204  10.0 3.77 MW ML2MW
2006 06 06 1534 117.838 -25.119  10.0 4.40 MW ML2MW
2006 08 12 2313 136.023 -28.239  18.1 3.04 MW ML2MW
2006 09 02 1547 116.609 -24.482   2.0 3.56 MW ML2MW
2006 09 13 0547 126.611 -22.141  10.0 3.26 MW ML2MW
2006 12 07 1058 117.411 -25.188  14.0 3.41 MW ML2MW
2007 02 28 2022 123.232 -18.723  16.0 3.51 MW ML2MW
2007 03 02 1019 136.708 -23.580   6.9 3.58 MW ML2MW
2007 03 06 0407 124.341 -29.933   1.0 3.82 MW ML2MW
2007 03 28 0423 136.115 -28.281   8.5 3.12 MW ML2MW
2007 04 20 0719 132.900 -26.572   0.0 3.19 MW ML2MW
2007 06 05 1039 135.613 -28.175  10.0 3.04 MW ML2MW
2007 07 01 1356 128.633 -23.003  10.0 3.82 MW ML2MW
2007 08 26 0034 115.369 -22.145   6.0 3.33 MW ML2MW
2007 08 30 2232 135.998 -28.050   0.0 3.04 MW ML2MW
2007 11 05 0641 129.666 -22.390   0.0 3.35 MW ML2MW
2007 11 27 0248 115.047 -23.219  10.0 3.74 MW ML2MW
2007 12 01 2058 129.657 -22.291  10.0 3.34 MW ML2MW
2008 01 19 1224 122.127 -33.016   0.0 3.31 MW ML2MW
2008 02 22 0258 123.526 -19.097   2.1 3.20 MW ML2MW
2008 03 17 0656 137.427 -25.975  10.0 3.59 MW ML2MW
2008 04 17 1822 122.519 -18.709  10.0 3.24 MW ML2MW
2008 05 20 0825 129.609 -23.363   0.0 3.51 MW ML2MW
2008 05 28 0430 122.323 -18.596   0.0 4.49 MW ML2MW
2008 07 04 1525 125.965 -31.700   0.6 3.07 MW ML2MW
2008 07 09 2345 125.223 -26.034   1.4 4.62 MW Ghasemi et al (2016)
2008 07 20 1908 135.818 -28.268  10.0 3.04 MW ML2MW
2008 12 05 1530 127.550 -22.203   3.0 3.29 MW ML2MW
2009 01 14 2257 133.172 -29.228  12.5 3.15 MW ML2MW
2009 03 14 1309 136.032 -28.391  28.4 3.12 MW ML2MW
2009 04 14 0140 135.762 -27.990  10.3 3.77 MW ML2MW
2009 06 21 0608 124.631 -30.308  10.0 3.36 MW ML2MW
2009 09 20 2058 136.101 -27.550  17.4 3.52 MW ML2MW
2009 11 03 0654 125.792 -27.579   9.5 3.60 MW ML2MW
2009 11 17 1227 136.415 -27.935  33.0 3.27 MW ML2MW
2010 01 26 1825 115.510 -26.080   3.7 3.77 MW ML2MW
2010 02 03 0502 138.098 -28.157   7.6 3.72 MW ML2MW
2010 02 14 1014 122.307 -32.506   0.0 3.35 MW ML2MW
2010 03 11 1257 132.472 -22.413   0.0 3.06 MW ML2MW
2010 06 09 1541 123.256 -22.166   0.0 3.17 MW ML2MW
2010 06 10 1749 138.263 -27.989   0.0 3.02 MW ML2MW
2010 06 21 0404 129.752 -21.524   5.0 3.54 MW ML2MW
2010 07 05 1229 131.061 -25.940   0.0 3.36 MW ML2MW
2010 07 27 0635 128.845 -23.113   0.0 3.52 MW ML2MW
2010 08 18 2054 117.219 -25.345   1.0 3.05 MW ML2MW
2010 08 30 0417 127.636 -22.936   0.0 3.21 MW ML2MW
2010 10 14 1100 135.707 -23.319   0.0 3.22 MW ML2MW
2010 10 24 1017 124.228 -30.582  31.0 3.03 MW ML2MW
2010 10 27 0825 135.708 -25.995   0.0 3.57 MW ML2MW
2010 11 10 0104 136.649 -23.320  10.0 3.29 MW ML2MW
2010 12 25 1201 129.721 -22.197  15.0 3.38 MW ML2MW
2011 03 26 1922 135.777 -27.828  36.0 3.26 MW ML2MW
2011 04 02 0607 117.345 -25.055   0.0 4.05 MW ML2MW
2011 05 11 1215 133.096 -26.709   0.0 3.14 MW ML2MW
2011 05 23 1347 131.059 -26.250  10.0 3.36 MW ML2MW
2011 09 01 0156 123.300 -18.845  10.0 3.86 MW ML2MW
2011 10 27 0705 126.529 -22.061  10.0 3.04 MW ML2MW
2011 11 26 2059 138.351 -26.012  28.2 3.25 MW ML2MW
2011 12 14 0549 123.152 -32.513  15.0 3.53 MW ML2MW
2012 03 21 1707 136.098 -28.376   4.9 3.77 MW ML2MW
2012 03 23 0925 131.971 -26.178  10.0 5.18 MW Ghasemi et al (2016)
2012 04 19 2103 132.976 -26.050  20.3 3.71 MW ML2MW
2012 06 29 1228 136.882 -23.931  10.0 3.36 MW ML2MW
2012 08 19 1627 135.472 -27.528   7.7 3.30 MW ML2MW
2012 09 26 0522 132.163 -26.054  13.0 3.41 MW ML2MW
2012 10 08 1028 137.065 -25.474  33.1 3.21 MW ML2MW
2012 10 12 1927 127.681 -22.881  10.0 3.62 MW ML2MW
2012 11 08 0356 127.209 -29.907  32.5 3.64 MW ML2MW
2012 11 21 0621 128.603 -22.974  10.0 3.42 MW ML2MW
2012 11 28 2235 125.943 -27.757   0.0 3.89 MW Ghasemi et al (2016)
2013 01 07 0814 116.004 -25.380  13.0 3.29 MW ML2MW
2013 03 08 2159 122.228 -21.738  10.0 3.14 MW ML2MW
2013 03 15 0440 127.693 -22.755  10.0 3.56 MW ML2MW
2013 03 21 0408 127.736 -25.581  10.0 3.21 MW ML2MW
2013 05 07 2148 132.113 -26.185   4.0 3.40 MW ML2MW
2013 05 13 2044 122.826 -31.691   0.0 3.06 MW ML2MW
2013 06 05 1317 121.548 -20.263   0.0 3.72 MW ML2MW
2013 06 09 1422 132.230 -25.953  33.4 5.38 MW Ghasemi et al (2016)
2013 06 12 1330 127.743 -22.752   0.0 3.54 MW ML2MW
2013 07 29 0521 131.669 -22.675   0.0 3.26 MW ML2MW
2013 08 24 0639 123.662 -30.872   0.0 3.01 MW ML2MW
2013 11 25 1539 124.529 -19.312  10.0 3.12 MW ML2MW
2013 12 07 2024 125.528 -31.506  10.0 3.29 MW ML2MW
2013 12 15 0732 125.637 -31.637  10.0 3.06 MW ML2MW
2013 12 16 1838 125.154 -21.811  15.0 3.14 MW ML2MW
2014 01 17 1609 135.277 -27.537  15.8 3.04 MW ML2MW
2014 01 22 1100 136.555 -28.874  18.2 3.09 MW ML2MW
2014 02 01 0526 119.627 -34.614  10.0 3.09 MW ML2MW
2014 02 07 0118 126.183 -32.285   0.0 3.36 MW ML2MW
2014 02 15 0458 125.979 -31.640   0.0 3.05 MW ML2MW
2014 05 04 2237 128.589 -23.005  10.0 3.91 MW Ghasemi et al (2016)
2014 06 02 1012 126.236 -32.693  10.0 3.40 MW ML2MW
2014 06 07 0554 135.116 -27.225  27.4 3.16 MW ML2MW
2014 07 09 1555 127.320 -23.122  10.0 3.18 MW ML2MW
2014 07 16 0035 128.382 -25.718  10.0 3.38 MW ML2MW
2014 09 06 1354 124.413 -30.018  13.0 3.36 MW ML2MW
2014 09 18 0321 126.970 -31.646  15.0 3.40 MW ML2MW
2014 10 24 1821 129.685 -23.579   0.0 3.14 MW ML2MW
2014 12 01 1025 131.300 -21.716  10.0 3.79 MW ML2MW
2014 12 05 2316 123.450 -19.017  10.0 3.21 MW ML2MW
2015 01 06 1241 133.071 -26.862   4.0 3.51 MW ML2MW
2015 03 15 1134 121.489 -33.545  10.0 3.23 MW ML2MW
2015 05 02 2131 132.111 -25.916  23.0 3.06 MW ML2MW
2015 09 04 0123 135.114 -27.597  11.2 3.08 MW ML2MW
2015 12 25 0712 138.109 -25.613  32.1 3.17 MW ML2MW
2016 03 20 0638 136.824 -28.894  29.0 3.20 MW ML2MW
2016 04 30 1945 123.858 -19.061  10.0 3.22 MW ML2MW
2016 05 16 2013 128.602 -22.904  10.0 4.15 MW Ghasemi et al (2016)
2016 05 20 1814 129.832 -25.579   0.0 6.06 MW GCMT; Ghasemi et al (2016)
2016 06 09 1018 124.392 -30.880  10.0 3.51 MW ML2MW
2016 06 10 0149 126.347 -28.009   0.0 3.09 MW ML2MW
2016 07 08 0940 122.346 -32.541  10.0 4.97 MW Ghasemi et al (2016)
2016 08 22 1143 130.049 -25.967   0.0 3.01 MW ML2MW
2016 08 25 0405 124.792 -19.502  10.0 3.06 MW ML2MW
2016 09 20 0108 132.526 -26.517   9.0 3.28 MW ML2MW
2016 10 09 1240 136.119 -28.413  12.0 3.06 MW ML2MW
2016 10 16 1353 136.599 -28.266  15.0 3.61 MW ML2MW
2016 12 26 1259 137.217 -27.210  10.0 3.54 MW ML2MW
2017 01 15 0716 115.145 -23.670  10.0 3.77 MW ML2MW
2017 02 16 0935 135.882 -28.182   0.0 3.03 MW ML2MW
2017 03 17 0731 122.445 -32.444  10.0 3.01 MW ML2MW
2017 03 26 2000 122.891 -31.616  10.0 3.93 MW ML2MW
2017 03 26 2025 122.814 -31.794  10.0 3.06 MW ML2MW
2017 03 29 0255 136.080 -28.282  10.0 3.42 MW ML2MW
2017 04 04 0355 128.939 -25.903  10.0 4.02 MW ML2MW
2017 04 04 1825 121.927 -33.206  10.0 3.02 MW ML2MW
2017 05 23 1223 136.053 -28.428  10.0 3.15 MW ML2MW
2017 06 12 0911 137.631 -25.834  10.0 3.11 MW ML2MW
2017 06 16 1854 120.838 -19.559  10.0 3.30 MW ML2MW
2017 06 21 0034 124.469 -29.236  10.0 3.12 MW ML2MW
2017 07 13 2027 127.571 -23.230  10.0 3.56 MW ML2MW
2017 07 15 2127 131.897 -26.122   0.0 3.57 MW ML2MW
2017 07 15 2127 131.935 -26.094  10.0 3.57 MW ML2MW
2017 07 16 0350 126.781 -31.512  10.0 3.32 MW ML2MW
2017 10 17 0710 130.382 -22.389  10.0 3.21 MW ML2MW
2017 10 21 1215 132.685 -26.494  10.0 3.28 MW ML2MW
2017 10 21 1732 132.575 -26.481  10.0 3.11 MW ML2MW
2017 11 04 0744 127.055 -32.166  10.0 3.21 MW ML2MW
2017 11 07 2210 131.330 -23.521  10.0 3.08 MW ML2MW
2017 11 23 1902 122.870 -31.635  10.0 3.01 MW ML2MW
2017 11 25 0718 115.786 -24.465  10.0 3.01 MW ML2MW
2017 12 16 0801 131.219 -23.447  10.0 3.16 MW ML2MW
2017 12 31 1459 127.806 -25.650  10.0 3.35 MW ML2MW
2018 01 10 2131 123.355 -18.893  10.0 3.82 MW ML2MW
2018 02 17 0020 132.936 -26.467  10.0 3.13 MW ML2MW
2018 03 20 2120 131.782 -30.318  10.0 3.03 MW ML2MW
2018 03 24 1244 121.513 -33.569  10.0 3.56 MW ML2MW
2018 04 17 0239 126.583 -22.006  10.0 3.39 MW ML2MW
2018 04 26 2202 122.519 -18.178  10.0 3.60 MW ML2MW
2018 05 01 2134 127.563 -25.600  10.0 3.31 MW ML2MW
2018 05 02 0607 127.533 -25.466  10.0 3.31 MW ML2MW
2018 05 12 0050 139.331 -28.798  10.0 4.10 MW ML2MW
2018 05 19 1623 122.213 -21.817  10.0 3.54 MW ML2MW
2018 05 26 2315 119.869 -17.697  10.0 3.49 MW ML2MW
2018 06 20 0254 122.424 -32.668  10.0 4.71 MW ML2MW
2018 06 21 0417 122.512 -32.563  10.0 3.59 MW ML2MW
2018 08 08 1419 122.412 -32.536  10.0 4.36 MW ML2MW
2018 08 31 1504 132.583 -26.554  10.0 3.35 MW ML2MW
2018 09 02 2239 136.621 -28.480  10.0 3.06 MW ML2MW
2018 09 16 0456 116.787 -34.423   3.0 5.25 MW AUST
2018 10 13 0013 122.646 -32.251  10.0 3.16 MW ML2MW
2018 11 30 0802 131.026 -26.174  10.0 3.30 MW ML2MW
2018 12 25 1621 128.579 -21.368  10.0 3.55 MW ML2MW
2019 02 05 1557 130.840 -21.820  10.0 3.39 MW ML2MW
2019 02 21 0956 125.591 -32.047  10.0 3.24 MW ML2MW
2019 03 23 1258 130.347 -25.940   9.6 3.12 MW ML2MW
2019 04 04 2337 131.830 -23.396  10.0 3.06 MW ML2MW
2019 04 24 0342 128.353 -21.396  10.0 3.50 MW ML2MW
2019 05 02 0358 135.452 -27.514   7.2 3.41 MW ML2MW
2019 05 29 2043 123.973 -30.366  10.0 3.05 MW ML2MW
2019 06 22 0143 126.891 -25.784  10.0 3.08 MW ML2MW
2019 07 04 1643 135.136 -27.458  10.0 3.41 MW ML2MW
2019 07 14 0539 120.295 -18.262  20.0 6.55 MW AUST
2019 07 14 0555 120.659 -18.624  21.6 4.74 MW ML2MW
2019 07 14 0559 120.555 -18.372  19.9 4.62 MW ML2MW
2019 07 14 1848 120.689 -18.472   9.8 3.24 MW ML2MW
2019 07 16 1054 120.580 -18.462  19.1 3.33 MW ML2MW
2019 07 16 1435 120.828 -18.685  10.5 3.34 MW ML2MW
2019 07 17 2039 120.502 -18.523  13.3 3.12 MW ML2MW
2019 07 22 1149 120.925 -18.999  10.0 3.01 MW ML2MW
2019 07 24 2342 136.977 -28.659  10.0 3.53 MW ML2MW
2019 07 26 0836 119.961 -18.137  10.0 3.39 MW ML2MW
2019 08 01 1649 117.556 -34.698  10.0 3.73 MW ML2MW
2019 08 01 1842 116.884 -25.328  10.0 3.28 MW ML2MW
2019 08 08 0921 120.608 -18.551  10.0 3.15 MW ML2MW
2019 08 18 1011 120.051 -18.434  10.0 3.06 MW ML2MW
2019 08 19 1248 120.246 -18.549  10.0 3.17 MW ML2MW
2019 08 31 0556 117.435 -34.764  10.0 3.06 MW ML2MW
2019 09 11 0901 127.487 -23.526  10.0 4.28 MW ML2MW
2019 09 13 1232 117.421 -34.777  10.0 3.21 MW ML2MW
2019 09 29 1523 125.288 -29.391  10.0 3.09 MW ML2MW
2019 09 30 1255 122.466 -32.605  10.0 3.05 MW ML2MW
2019 10 04 1635 136.987 -25.643  10.0 3.79 MW ML2MW
2019 10 31 0739 122.885 -33.740  10.0 3.55 MW ML2MW
2019 11 17 1211 123.392 -31.332  10.0 3.27 MW ML2MW
2019 12 13 0539 122.462 -32.553  10.0 3.27 MW ML2MW
2019 12 17 1253 120.018 -19.133  10.0 3.01 MW ML2MW
2020 01 05 0138 123.624 -19.230  10.0 3.32 MW ML2MW
2020 01 15 1456 123.112 -19.449  10.0 3.24 MW ML2MW
2020 01 28 0310 126.364 -23.434  10.0 3.87 MW ML2MW
2020 02 22 0950 135.661 -27.918  10.0 3.52 MW ML2MW
2020 03 01 1237 122.525 -32.486  10.0 3.30 MW ML2MW
2020 03 26 1056 130.761 -21.566  10.0 3.08 MW ML2MW
2020 05 02 1654 126.147 -27.827  10.0 3.63 MW ML2MW
2020 05 17 0925 121.662 -18.868  10.0 3.04 MW ML2MW
2020 06 08 1316 124.344 -30.761  10.0 3.17 MW ML2MW
2020 06 14 1533 123.342 -18.781  10.0 3.05 MW ML2MW
2020 06 23 2252 120.656 -18.283  10.0 3.30 MW ML2MW
2020 07 03 2258 120.554 -18.484  10.0 3.42 MW ML2MW
2020 07 14 0332 135.644 -28.217  10.0 3.16 MW ML2MW
2020 07 28 2322 116.217 -24.686  10.0 3.09 MW ML2MW
2020 09 17 1428 120.056 -18.041  20.5 3.18 MW ML2MW
2020 09 26 2205 126.736 -27.437   7.2 3.26 MW ML2MW
2020 10 05 0027 117.814 -24.167  10.0 3.67 MW ML2MW
2020 10 15 1818 136.277 -28.707  10.0 3.40 MW ML2MW
2020 12 17 0413 124.685 -19.057  10.0 3.36 MW ML2MW
2020 12 21 1714 130.878 -23.170  10.0 3.63 MW ML2MW
2020 12 29 1459 115.368 -24.153   8.8 3.69 MW ML2MW
2021 01 20 2333 135.631 -28.774  10.0 3.68 MW ML2MW
2021 02 06 1200 137.479 -25.773  10.0 3.03 MW ML2MW
2021 02 07 1354 124.323 -30.462  10.0 3.09 MW ML2MW
2021 02 15 1254 129.067 -25.444  10.0 3.04 MW ML2MW
2021 03 10 1327 122.943 -31.760  10.0 3.03 MW ML2MW
2021 03 12 1357 129.447 -22.303  10.0 4.30 MW ML2MW
2021 04 22 2054 117.395 -24.343  10.0 3.06 MW ML2MW
2021 05 30 1630 125.404 -32.393  10.0 3.25 MW ML2MW
2021 06 18 1237 124.514 -30.204  10.0 3.60 MW ML2MW
2021 07 19 1554 130.142 -26.434  10.0 3.18 MW ML2MW
2021 09 10 0554 120.998 -20.541  10.0 3.42 MW ML2MW
2021 09 27 1422 122.345 -18.379   8.4 3.01 MW ML2MW
2021 10 12 1215 126.739 -30.671  10.0 3.46 MW ML2MW
2021 11 30 0743 116.245 -25.555  10.0 3.23 MW ML2MW
2021 12 29 0257 125.403 -22.749  10.0 3.79 MW ML2MW
2022 02 07 1900 126.797 -32.232  10.0 3.66 MW ML2MW
2022 02 10 0111 123.340 -18.816  10.0 3.46 MW ML2MW
2022 02 14 2240 137.200 -26.451  10.0 3.07 MW ML2MW
2022 02 25 2106 116.531 -25.214  10.0 3.63 MW ML2MW
2022 03 02 0152 122.491 -32.322   5.0 3.06 MW ML2MW
2022 03 06 1004 136.183 -28.398   5.7 3.16 MW ML2MW
2022 03 20 0537 133.706 -28.275   7.6 3.09 MW ML2MW
2022 04 03 2322 123.091 -18.450  10.0 3.12 MW ML2MW
2022 04 14 0234 120.110 -18.071  10.0 3.47 MW ML2MW
2022 04 15 0034 128.983 -24.769  10.0 3.19 MW ML2MW
2022 04 25 2116 129.008 -24.721  10.0 3.29 MW ML2MW
2022 05 08 1721 122.430 -32.484  10.0 3.16 MW ML2MW
2022 05 26 2222 119.981 -18.135  10.0 3.20 MW ML2MW
2022 06 05 0604 122.383 -32.463   5.0 3.43 MW ML2MW
2022 06 12 0911 123.358 -18.786  10.0 3.50 MW ML2MW
2022 06 14 0141 132.745 -26.513  10.0 3.16 MW ML2MW
2022 06 25 2119 125.932 -31.812  10.0 3.61 MW ML2MW
2022 06 27 1157 123.313 -18.835  10.0 3.47 MW ML2MW
2022 06 29 2316 123.544 -19.129  10.0 3.19 MW ML2MW
2022 08 04 2252 120.103 -18.040  10.0 3.62 MW ML2MW
2022 08 11 0024 123.367 -18.725  10.0 3.18 MW ML2MW
2022 08 14 1249 125.521 -32.425  10.0 3.75 MW ML2MW
2022 08 24 1020 126.376 -26.049  10.0 3.26 MW ML2MW
2022 09 20 2106 117.471 -24.395  10.0 3.53 MW ML2MW
2022 10 05 2119 126.018 -27.962  10.0 3.49 MW ML2MW
2022 10 10 2039 127.998 -22.771  10.0 3.53 MW ML2MW
2022 10 25 2203 120.080 -18.103  10.0 3.72 MW ML2MW
2022 11 17 1342 131.797 -26.555   5.6 3.43 MW ML2MW
