1873 12 15 0400 127.500 -26.250   0.0 5.45 MW ML2MW
1960 03 02 0421 116.200 -25.700  18.0 3.38 MW ML2MW
1963 11 17 0755 116.800 -25.000  18.0 3.01 MW ML2MW
1965 01 17 0248 135.655 -27.968   0.0 3.73 MW ML2MW
1968 06 06 1931 123.800 -30.700   0.0 3.05 MW mb2MW
1968 07 31 1651 124.400 -30.800  18.0 3.97 MW mb2MW
1968 08 02 2045 133.100 -22.780  30.0 4.39 MW mb2MW
1968 11 12 1023 124.000 -31.600  18.0 4.22 MW mb2MW
1969 03 28 0333 116.200 -25.400   7.0 3.12 MW ML2MW
1969 08 11 0855 115.700 -24.900   7.0 3.72 MW mb2MW
1969 08 17 1755 116.000 -25.100   7.0 3.88 MW mb2MW
1969 10 27 1139 131.320 -22.800   0.0 4.14 MW mb2MW
1971 05 12 0916 115.200 -22.900   0.0 3.55 MW mb2MW
1971 05 19 0422 115.500 -22.900   0.0 3.80 MW mb2MW
1971 07 12 1156 136.151 -28.786   5.8 3.19 MW ML2MW
1971 09 10 1634 127.280 -26.310   0.0 3.88 MW mb2MW
1972 01 16 0343 124.000 -31.000   0.0 3.22 MW ML2MW
1972 01 29 0410 124.500 -21.000   0.0 3.04 MW ML2MW
1972 02 05 1620 125.610 -27.070   0.0 3.64 MW ML2MW
1972 04 08 0751 126.800 -23.140   0.0 3.63 MW ML2MW
1972 12 07 0744 120.600 -18.100   0.0 3.32 MW ML2MW
1972 12 21 1343 124.300 -30.700   0.0 3.80 MW mb2MW
1973 01 26 0441 138.350 -25.510   0.0 3.45 MW ML2MW
1974 09 26 1638 128.130 -17.240   0.0 3.61 MW ML2MW
1975 05 11 0046 122.770 -21.150  10.0 3.72 MW ML2MW
1976 11 07 0347 128.663 -16.115   6.0 3.80 MW ML2MW
1976 12 04 2027 128.100 -17.100   0.0 3.04 MW ML2MW
1977 04 09 0947 117.440 -34.440   0.0 3.42 MW ML2MW
1977 05 18 0611 126.700 -17.500   0.0 3.31 MW ML2MW
1977 07 20 1219 120.200 -17.300   0.0 3.45 MW ML2MW
1977 08 17 2116 125.424 -29.797   0.0 3.89 MW ML2MW
1977 09 06 0122 138.566 -28.948  25.9 3.13 MW ML2MW
1977 09 14 1638 135.518 -27.149  25.7 3.19 MW ML2MW
1977 10 24 1220 124.510 -23.860   0.0 3.11 MW ML2MW
1977 11 03 0356 127.000 -22.600  10.0 3.72 MW mb2MW
1978 01 17 2215 115.520 -22.720  30.0 3.13 MW ML2MW
1978 03 23 0235 131.000 -22.980  10.0 3.37 MW ML2MW
1978 08 05 1208 130.770 -23.230   0.0 3.40 MW ML2MW
1978 11 18 0511 136.361 -27.992  19.1 3.34 MW ML2MW
1978 12 16 1008 136.380 -28.839  19.1 3.33 MW ML2MW
