1929 08 16 2128 120.660 -16.990  33.0 6.24 MW MS2MW
1965 05 19 0213 111.953 -25.027   4.7 5.29 MW MS2MW
1979 04 23 0545 120.163 -16.617  30.8 6.15 MW GCMT
1979 07 14 0940 122.755 -18.103  15.0 5.04 MW GCMT
1980 03 15 0709 121.640 -18.770   0.0 4.11 MW ML2MW
1980 07 31 1219 120.960 -19.510   0.0 4.00 MW ML2MW
1981 01 01 0900 122.756 -17.510  33.0 4.14 MW ML2MW
1981 04 03 2000 123.150 -18.120   0.0 3.60 MW ML2MW
1981 05 05 0552 121.840 -18.940  37.0 3.60 MW ML2MW
1981 07 14 0614 130.734 -10.997  33.0 4.05 MW mb2MW
1981 07 16 1246 114.240 -21.030  10.0 4.39 MW ML2MW
1981 12 06 0140 114.169 -22.902   0.0 3.76 MW ML2MW
1981 12 14 1159 122.651 -13.902  33.0 3.80 MW mb2MW
1982 02 19 0111 123.349 -18.902   0.0 3.63 MW ML2MW
1982 02 19 2026 113.900 -22.290  10.0 3.50 MW ML2MW
1982 03 17 0429 127.600 -14.974  10.0 3.53 MW ML2MW
1982 03 27 1543 114.000 -22.470  10.0 3.87 MW ML2MW
1982 06 16 1513 118.470 -18.050  37.0 3.94 MW ML2MW
1982 11 20 0200 127.090 -19.036  19.0 3.57 MW ML2MW
1982 12 31 2219 124.142 -17.450  33.0 4.14 MW mb2MW
1983 01 13 0247 120.100 -16.400  37.0 3.74 MW ML2MW
1983 04 21 2118 118.970 -18.090  37.0 3.73 MW ML2MW
1983 05 29 1938 126.619 -12.221  33.0 4.47 MW mb2MW
1983 06 07 0616 125.581 -15.009  10.0 3.65 MW ML2MW
1983 10 24 0053 114.920 -26.940  10.0 3.50 MW ML2MW
1983 10 30 0109 123.740 -16.530  37.0 3.52 MW ML2MW
1984 03 16 0345 123.344 -15.003  37.0 4.30 MW mb2MW
1984 06 30 1245 116.494 -19.937  10.0 3.98 MW ML2MW
1984 08 07 2051 127.320 -15.550   0.0 3.46 MW ML2MW
1985 03 13 2152 121.678 -15.427  33.0 4.35 MW ML2MW
1985 04 12 0318 130.140 -14.750  10.0 3.87 MW ML2MW
1985 05 06 1621 122.416 -12.312  33.0 3.97 MW mb2MW
1985 05 07 1004 118.880 -18.950  10.0 3.90 MW ML2MW
1985 06 10 1500 113.435 -22.398  33.0 3.87 MW ML2MW
1985 07 23 0947 126.797 -19.310  10.0 4.23 MW ML2MW
1985 08 13 1234 117.869 -18.892  37.0 3.60 MW ML2MW
1985 08 18 0109 113.960 -22.960  10.0 3.65 MW ML2MW
1985 11 15 0835 113.530 -23.740  10.0 3.68 MW ML2MW
1985 11 24 0926 124.640 -15.910  33.0 4.05 MW mb2MW
1986 01 14 0038 113.440 -23.870   5.0 3.88 MW ML2MW
1986 05 31 2038 117.949 -18.846  10.0 3.68 MW ML2MW
1986 09 13 0237 120.950 -15.810   5.0 3.59 MW ML2MW
1986 10 16 2136 114.590 -22.610   5.0 3.96 MW ML2MW
1986 11 05 0757 118.850 -18.470   5.0 3.58 MW ML2MW
1986 12 04 1347 115.830 -20.250   5.0 3.71 MW ML2MW
1987 06 21 1615 118.990 -18.170   5.0 3.55 MW ML2MW
1987 07 19 0303 113.060 -27.220   5.0 4.36 MW ML2MW
1987 08 30 1423 128.679 -16.739  14.0 4.13 MW ML2MW
1987 09 24 2046 115.650 -19.670   5.0 3.59 MW ML2MW
1987 10 16 1119 112.560 -25.760   5.0 3.99 MW ML2MW
1987 11 06 1336 122.966 -13.388  10.0 3.60 MW ML2MW
1987 12 04 1315 120.624 -17.655  10.0 4.24 MW ML2MW
1987 12 25 1936 120.652 -16.326  10.0 3.85 MW ML2MW
1988 02 06 0524 124.730 -16.601  15.0 5.10 MW EHB
1988 06 23 1131 128.606 -16.814  10.0 4.08 MW ML2MW
1988 07 14 2236 128.783 -16.862  33.0 3.94 MW ML2MW
1988 12 15 1856 124.583 -19.164   5.0 3.68 MW ML2MW
1989 01 24 0458 128.725 -10.658 147.0 4.22 MW mb2MW
1989 02 27 2325 122.586 -12.337  33.0 3.80 MW mb2MW
1989 03 21 1800 114.580 -23.240  10.0 3.51 MW ML2MW
1989 09 12 0943 128.396 -15.559  33.0 4.39 MW mb2MW
1990 02 18 2247 117.982 -18.183   5.0 4.35 MW ML2MW
1990 03 30 1131 113.385 -24.022   5.0 3.50 MW ML2MW
1990 04 01 1035 122.589 -13.359  33.0 3.63 MW mb2MW
1990 08 17 1214 122.631 -17.849  10.0 4.08 MW ML2MW
1990 08 28 1004 112.751 -22.864   5.2 3.58 MW ML2MW
1991 01 09 1022 123.921 -17.534  10.0 3.66 MW ML2MW
1991 08 18 1156 128.607 -16.770  10.0 3.82 MW ML2MW
1991 10 06 2259 129.087 -16.877   5.0 3.58 MW ML2MW
1991 10 09 1646 128.663 -16.706   5.0 3.66 MW ML2MW
1992 03 31 0214 126.875 -18.820  10.0 3.97 MW mb2MW
1992 04 18 2040 123.250 -17.322  10.0 3.50 MW ML2MW
1992 07 27 1159 122.139 -17.616   5.0 3.91 MW ML2MW
1992 08 27 1919 123.600 -12.407  33.0 3.66 MW ML2MW
1992 10 27 1715 119.110 -18.193  33.0 3.74 MW ML2MW
1993 03 11 2216 114.606 -21.552   5.0 3.50 MW ML2MW
1993 05 14 2014 113.472 -22.978   5.0 3.91 MW ML2MW
1993 08 11 1914 126.841 -19.514  10.0 3.50 MW ML2MW
1994 07 22 1136 123.418 -12.199  33.0 3.55 MW mb2MW
1994 10 09 1501 128.070 -16.652   5.0 3.58 MW ML2MW
1994 10 25 0809 123.689 -12.213  33.0 4.05 MW mb2MW
1995 04 20 1403 123.605 -12.230  24.5 3.97 MW mb2MW
1995 06 18 0745 126.380 -11.116 150.0 4.08 MW ML2MW
1995 08 20 1957 122.619 -12.385  59.0 3.80 MW mb2MW
1995 08 25 1150 112.183 -23.754   5.0 4.22 MW mb2MW
1996 01 13 1919 129.327 -10.342 626.0 3.80 MW mb2MW
1996 03 11 2324 127.149 -16.578   5.0 3.58 MW ML2MW
1996 03 13 0340 123.064 -12.584  33.0 3.91 MW ML2MW
1996 04 02 0355 127.890 -10.600  64.0 3.50 MW ML2MW
1996 05 28 0126 128.573 -10.213  67.0 3.72 MW mb2MW
1996 10 18 0528 114.588 -32.761   5.0 3.99 MW ML2MW
1996 10 23 1823 128.650 -16.598   5.0 3.58 MW ML2MW
1996 12 08 2129 124.630 -15.197  33.0 3.58 MW ML2MW
1997 02 02 1936 124.073 -13.884  33.0 3.55 MW mb2MW
1997 02 20 1445 120.863 -15.951   5.0 3.50 MW ML2MW
1997 07 08 2134 114.330 -28.465   5.0 4.08 MW ML2MW
1997 07 29 0542 130.154 -12.789   0.0 4.08 MW ML2MW
1997 08 10 0920 124.333 -16.159  20.0 6.21 MW GCMT
1997 09 01 0948 123.138 -18.116   5.0 4.35 MW ML2MW
1997 09 12 1822 114.960 -21.106  37.0 3.66 MW ML2MW
1997 11 11 1226 128.168 -16.504   5.0 3.50 MW ML2MW
1998 03 29 2006 129.278 -14.280  10.0 4.08 MW ML2MW
1998 08 08 1326 123.420 -12.766  33.0 3.97 MW mb2MW
1998 10 15 0404 126.907 -11.718  33.0 3.63 MW mb2MW
1998 11 13 1154 124.887 -19.132   7.0 3.74 MW ML2MW
1999 03 22 0122 127.312 -16.692   5.0 3.50 MW ML2MW
1999 06 25 0036 113.910 -22.850   5.0 3.91 MW ML2MW
2000 01 13 0224 123.806 -16.478   5.0 3.92 MW ML2MW
2000 01 20 1501 114.050 -24.130   5.0 3.47 MW ML2MW
2000 02 08 1337 122.277 -13.529  33.0 3.55 MW mb2MW
2000 04 01 1329 111.629 -25.186   0.0 4.11 MW ML2MW
2000 04 13 0314 128.635 -16.421  15.0 3.70 MW ML2MW
2000 05 14 1239 112.960 -23.282  10.0 3.80 MW mb2MW
2000 07 25 0333 113.630 -24.190   5.0 3.79 MW ML2MW
2000 09 09 1731 124.086 -16.678  10.0 3.77 MW ML2MW
2000 10 02 1133 113.143 -22.696  13.0 3.66 MW ML2MW
2000 10 15 0827 128.902 -12.370  28.0 4.21 MW ML2MW
2000 12 28 0528 130.763 -12.544   0.0 3.62 MW ML2MW
2001 02 17 1300 129.194 -13.077   0.0 3.58 MW ML2MW
2001 03 11 2123 129.571 -11.349   0.0 3.74 MW ML2MW
2001 04 29 1954 114.042 -27.651   9.0 3.63 MW mb2MW
2001 05 11 0811 127.460 -14.490   0.0 3.74 MW ML2MW
2001 07 27 0423 124.366 -18.384   0.0 3.48 MW ML2MW
2002 02 05 1751 122.320 -17.457   0.0 3.46 MW ML2MW
2002 04 05 1910 112.388 -25.181  10.0 3.97 MW ML2MW
2002 08 16 2225 114.461 -22.814  10.0 3.68 MW ML2MW
2002 10 08 1554 115.498 -25.263   5.0 4.33 MW ML2MW
2002 11 01 0855 129.904 -11.931  10.0 4.16 MW ML2MW
2002 11 05 1225 123.320 -16.362   0.0 4.08 MW ML2MW
2003 03 18 1906 123.629 -17.086   5.0 3.76 MW ML2MW
2003 12 05 2226 126.844 -18.387  10.0 3.88 MW mb2MW
2004 01 14 0109 122.789 -12.864  75.0 3.66 MW ML2MW
2004 01 17 1608 122.396 -18.783  10.0 3.87 MW ML2MW
2004 01 23 1820 123.700 -12.020 107.0 3.47 MW mb2MW
2004 04 02 2222 128.185 -11.851   0.0 3.66 MW ML2MW
2004 04 08 1024 124.198 -12.349  98.0 3.80 MW mb2MW
2004 09 25 1510 129.152 -16.776  10.0 3.99 MW ML2MW
2004 11 01 1315 124.844 -19.111   8.9 3.89 MW ML2MW
2004 11 23 1050 127.153 -16.937  10.0 3.95 MW ML2MW
2004 12 16 0955 125.120 -17.597  11.8 3.50 MW ML2MW
2004 12 23 0427 124.414 -15.048   0.0 3.82 MW ML2MW
2005 01 24 0943 122.587 -17.530  10.0 3.72 MW ML2MW
2005 02 23 1935 122.095 -14.636  10.0 4.22 MW mb2MW
2005 03 08 0454 122.014 -14.738  10.0 3.88 MW mb2MW
2005 12 20 1949 114.102 -29.400  10.0 3.78 MW ML2MW
2005 12 26 2040 122.762 -13.834  10.0 4.22 MW mb2MW
2005 12 27 0932 112.757 -24.860   0.0 3.53 MW ML2MW
2007 02 15 1538 113.383 -25.918  10.0 5.05 MW Leask (2010); Young (2011)
2007 02 28 2022 123.232 -18.723  16.0 3.51 MW ML2MW
2007 04 28 2219 124.759 -12.018  21.0 3.97 MW mb2MW
2007 11 07 1910 114.933 -23.833   0.0 4.32 MW ML2MW
2007 12 13 0529 122.823 -12.537  15.0 3.75 MW ML2MW
2008 02 06 0646 129.644 -13.402   6.7 4.14 MW ML2MW
2008 05 28 0430 122.323 -18.596   0.0 4.49 MW ML2MW
2008 05 28 0935 118.920 -18.430   5.0 3.56 MW ML2MW
2008 07 29 1109 122.110 -14.550   0.0 4.55 MW ML2MW
2009 03 06 0135 121.240 -16.271  10.0 5.13 MW ML2MW
2009 04 05 2210 119.480 -16.940  10.0 4.30 MW mb2MW
2009 06 06 1826 113.267 -28.278   0.0 3.60 MW ML2MW
2010 06 08 2007 113.534 -21.935  34.0 3.93 MW ML2MW
2010 10 15 1306 117.435 -19.603  10.0 3.54 MW ML2MW
2010 12 05 1325 128.900 -14.885  30.0 3.70 MW ML2MW
2010 12 21 1500 127.327 -13.115  10.0 3.71 MW ML2MW
2011 04 14 0118 123.730 -18.197  20.0 3.52 MW ML2MW
2011 05 07 0523 123.021 -17.833  10.0 3.72 MW ML2MW
2011 05 09 0818 112.972 -27.250  10.0 3.66 MW ML2MW
2011 06 21 2003 113.481 -25.292   0.0 3.57 MW ML2MW
2011 07 11 1939 116.135 -20.051  33.0 3.47 MW ML2MW
2011 07 14 0235 114.173 -33.165   0.0 3.77 MW ML2MW
2011 08 17 1109 128.677 -16.919   0.0 3.55 MW mb2MW
2011 09 01 0156 123.300 -18.845  10.0 3.74 MW ML2MW
2011 12 05 1910 114.777 -21.809  10.0 5.26 MW GCMT; Ghasemi et al (2016)
2012 03 01 0418 120.644 -16.505  33.0 3.64 MW ML2MW
2012 03 29 0505 114.224 -29.031   3.0 3.51 MW ML2MW
2012 05 11 1827 128.104 -10.582 116.0 4.14 MW mb2MW
2012 11 05 1931 129.045 -11.546  39.0 4.36 MW ML2MW
2012 12 01 1719 127.661 -16.195  10.0 3.70 MW ML2MW
2012 12 28 1204 112.396 -24.344   3.0 4.10 MW ML2MW
2013 01 15 0711 112.861 -25.040   0.0 3.54 MW ML2MW
2013 09 28 0400 129.119 -15.610   0.0 3.47 MW ML2MW
2014 03 16 0324 124.438 -17.414  10.0 3.60 MW ML2MW
2014 08 22 0725 114.610 -23.505  10.0 4.01 MW ML2MW
2014 10 10 0423 113.734 -27.269  10.0 3.83 MW ML2MW
2014 11 12 0200 125.666 -18.287  18.0 3.60 MW ML2MW
2014 11 28 0301 112.569 -26.054  15.0 3.94 MW ML2MW
2015 05 23 2107 128.744 -16.873  10.0 3.59 MW ML2MW
2015 10 07 2030 121.874 -17.229  14.0 4.22 MW ML2MW
2015 10 27 0632 126.526 -20.267  10.0 3.52 MW ML2MW
2015 10 27 0638 115.570 -20.507  10.0 3.60 MW ML2MW
2016 01 01 1946 129.230 -13.891  15.0 3.58 MW ML2MW
2018 01 10 2131 123.355 -18.893  10.0 3.53 MW ML2MW
2018 03 03 2200 128.818 -16.767  10.0 3.57 MW ML2MW
2018 04 06 0742 114.511 -23.344  10.0 3.62 MW ML2MW
2018 09 14 1300 114.252 -27.014  10.0 3.61 MW ML2MW
2018 10 27 1215 119.259 -17.568  10.0 3.67 MW ML2MW
2018 12 16 1426 112.623 -23.304  10.0 5.85 MW AUST
2018 12 16 1438 112.767 -23.687  10.0 4.57 MW ML2MW
2018 12 16 1557 112.802 -23.473  10.0 3.65 MW ML2MW
2019 02 01 0828 113.302 -24.501  10.0 4.42 MW ML2MW
2019 02 20 0226 129.232 -15.580  10.0 3.74 MW ML2MW
2019 07 14 0539 120.295 -18.262  20.0 6.55 MW AUST
2019 07 14 0603 120.638 -18.745  11.2 4.12 MW ML2MW
2019 07 14 0623 120.760 -18.622  15.0 3.78 MW ML2MW
2019 07 14 1007 120.612 -18.443  18.1 3.73 MW ML2MW
2019 07 14 2133 120.568 -18.365  21.9 4.32 MW ML2MW
2019 07 15 2122 120.652 -18.542  21.3 3.62 MW ML2MW
2019 07 17 0802 113.108 -25.979  10.0 3.98 MW ML2MW
2019 07 17 1020 120.363 -18.526  21.5 4.39 MW ML2MW
2019 07 26 0836 119.961 -18.137  10.0 3.46 MW ML2MW
2019 08 08 0103 120.433 -18.580  10.0 3.68 MW ML2MW
2019 10 26 0457 120.532 -18.391  10.0 3.79 MW ML2MW
2020 01 02 0053 121.609 -14.768  10.0 4.01 MW ML2MW
2020 02 10 0924 115.151 -21.424  10.0 4.60 MW ML2MW
2020 02 22 1836 115.037 -21.485  10.0 3.62 MW ML2MW
2020 04 12 2203 121.807 -17.087  10.0 3.54 MW ML2MW
2020 10 22 1637 114.511 -22.871  10.0 3.53 MW ML2MW
2020 11 08 0827 112.665 -24.939  10.0 3.54 MW ML2MW
2020 11 09 2030 116.381 -20.283  10.0 3.53 MW ML2MW
2021 06 17 0552 128.722 -16.624  10.0 3.86 MW ML2MW
2021 06 26 2212 113.863 -22.960  10.0 4.75 MW ML2MW
2021 06 29 0217 119.971 -18.087  10.0 3.69 MW ML2MW
2021 08 25 2217 127.774 -16.522  10.0 3.77 MW ML2MW
