1892 01 26 1648 149.500 -40.400  10.0 6.33 MW ML2MW
1902 09 19 1035 138.000 -35.000  10.0 5.43 MW ML2MW
1939 03 26 0356 138.300 -31.100   0.0 5.83 MW MS2MW
1954 02 28 1809 138.564 -35.033   4.0 4.88 MW ML2MW
1958 01 01 0007 146.100 -42.200  10.0 4.79 MW ML2MW
1959 11 02 0117 135.980 -33.360  10.0 4.61 MW ML2MW
1960 08 18 1504 136.150 -33.800   0.0 3.91 MW ML2MW
1960 08 30 2123 136.000 -34.000   0.0 3.91 MW ML2MW
1960 08 31 0214 135.870 -34.211   0.0 4.00 MW ML2MW
1960 11 12 2303 135.500 -34.600  10.0 3.97 MW ML2MW
1961 02 03 1437 148.500 -40.000   0.0 3.81 MW ML2MW
1961 06 10 1558 135.000 -34.500   0.0 3.72 MW ML2MW
1962 03 03 2204 136.000 -33.000   0.0 3.84 MW ML2MW
1962 05 16 2141 137.660 -35.510   0.0 4.34 MW ML2MW
1962 07 07 0430 138.600 -31.300   0.0 3.43 MW ML2MW
1962 09 26 0550 138.330 -35.000   7.0 3.52 MW ML2MW
1963 03 29 2156 138.500 -31.100   0.0 4.04 MW ML2MW
1963 11 03 1200 145.800 -43.490  10.0 4.28 MW ML2MW
1963 12 03 0459 138.420 -31.880  21.0 3.43 MW ML2MW
1964 07 12 0039 134.659 -34.102   8.6 3.68 MW ML2MW
1964 11 14 1053 144.410 -39.970  33.0 4.26 MW ML2MW
1964 12 09 1638 146.625 -41.803  10.0 3.42 MW ML2MW
1965 03 01 1339 138.105 -30.347   0.0 3.61 MW ML2MW
1965 03 02 1518 138.380 -30.570  33.0 4.60 MW ML2MW
1965 03 14 1247 138.540 -31.950  26.0 4.59 MW ML2MW
1965 08 28 0026 138.297 -32.225  16.1 4.06 MW ML2MW
1965 11 22 2215 134.332 -33.827   8.2 3.51 MW ML2MW
1966 10 17 0027 135.995 -34.415  23.8 3.72 MW ML2MW
1966 11 23 2048 139.303 -34.347  13.4 4.18 MW ML2MW
1966 12 07 0249 138.913 -33.339  18.6 3.44 MW ML2MW
1967 05 04 2334 137.987 -32.557  13.6 3.74 MW ML2MW
1967 11 30 0544 146.450 -42.756  10.0 3.48 MW ML2MW
1968 03 20 2353 138.329 -32.589   5.2 3.40 MW ML2MW
1968 08 01 1346 139.071 -31.244   1.8 3.57 MW ML2MW
1968 12 07 0158 138.912 -31.159   0.0 3.43 MW ML2MW
1969 01 29 1503 139.115 -31.797  20.3 4.06 MW ML2MW
1969 01 31 0946 138.040 -32.551   2.1 3.41 MW ML2MW
1969 03 13 1128 144.750 -41.315  10.0 3.48 MW ML2MW
1969 10 09 0845 139.608 -31.757  10.0 3.66 MW ML2MW
1970 07 27 0513 139.508 -31.726  10.4 3.50 MW ML2MW
1970 09 16 1740 138.577 -33.209   0.0 3.53 MW ML2MW
1971 01 06 2354 138.560 -33.459  11.9 4.40 MW ML2MW
1971 06 15 2006 145.834 -40.978  10.0 3.89 MW ML2MW
1971 07 26 0750 138.756 -31.375  18.6 4.54 MW ML2MW
1971 10 05 0701 139.831 -31.735   1.5 3.74 MW ML2MW
1971 10 08 1542 138.977 -32.501   6.4 3.44 MW ML2MW
1971 10 18 1321 138.365 -31.310  10.7 3.75 MW ML2MW
1971 11 05 1611 139.778 -30.314   7.2 3.61 MW ML2MW
1972 04 18 2220 138.619 -31.578  11.9 5.05 MW ML2MW
1972 04 27 1150 138.891 -31.263  12.5 3.58 MW ML2MW
1972 10 17 1240 138.513 -34.998   5.7 3.42 MW ML2MW
1973 01 28 1203 135.787 -32.160  21.0 3.46 MW ML2MW
1973 06 03 1108 145.080 -42.320  10.0 3.88 MW ML2MW
1974 01 19 1954 138.796 -32.177   3.6 3.53 MW ML2MW
1974 11 09 0958 138.070 -32.437   9.3 3.76 MW ML2MW
1974 11 18 0411 136.720 -33.741  12.0 3.60 MW ML2MW
1974 12 13 1853 137.060 -35.030  17.7 3.83 MW ML2MW
1975 01 03 0218 138.716 -31.243   6.4 3.69 MW ML2MW
1975 04 06 1101 137.989 -35.693  20.9 3.79 MW ML2MW
1975 04 29 2207 138.943 -32.164   0.0 3.61 MW ML2MW
1975 05 23 1407 137.698 -29.533  13.8 3.43 MW ML2MW
1975 07 14 1802 138.579 -35.250  23.6 3.66 MW ML2MW
1976 11 04 0130 138.803 -32.383  10.6 3.44 MW ML2MW
1977 02 11 2334 141.310 -32.473  13.8 3.43 MW ML2MW
1977 04 16 1819 138.010 -32.433   0.0 3.78 MW ML2MW
1977 08 30 1413 138.474 -31.057  12.7 3.75 MW ML2MW
1977 09 28 1918 139.309 -32.273   9.7 3.58 MW ML2MW
1978 03 26 2236 138.923 -32.389  16.4 4.00 MW ML2MW
1978 05 08 0222 138.619 -30.774  31.3 3.66 MW ML2MW
1979 03 15 2004 138.645 -32.414   6.3 3.45 MW ML2MW
1979 07 04 0918 139.185 -34.388   4.2 3.41 MW ML2MW
1979 07 11 0005 144.592 -39.960  17.0 3.81 MW ML2MW
1979 08 03 0019 138.631 -33.163   6.2 3.45 MW ML2MW
1979 09 10 1524 144.439 -39.745  17.2 3.56 MW ML2MW
1979 10 22 1113 136.955 -33.312  34.3 3.50 MW ML2MW
1980 02 15 2351 138.259 -31.488  12.0 3.44 MW ML2MW
1980 04 15 0038 137.030 -33.263  31.0 4.04 MW ML2MW
1980 04 22 0124 138.722 -32.027  12.1 3.67 MW ML2MW
1980 08 30 1423 139.361 -31.761   8.0 3.99 MW ML2MW
1980 11 13 0856 138.825 -33.739  18.4 4.00 MW ML2MW
1981 05 20 1756 136.966 -33.294  28.7 3.41 MW ML2MW
1981 07 15 0209 138.639 -31.366  23.6 3.68 MW ML2MW
1981 10 02 1755 138.878 -32.476   6.8 3.82 MW ML2MW
1981 12 11 0517 137.963 -32.200  20.5 3.58 MW ML2MW
1982 04 01 0131 144.128 -40.678  10.6 3.71 MW ML2MW
1982 04 19 1558 138.610 -32.354  13.2 3.46 MW ML2MW
1982 07 15 0144 138.339 -31.048  17.7 3.74 MW ML2MW
1982 08 19 1048 145.359 -40.793   5.3 3.50 MW ML2MW
1983 02 25 1955 139.271 -34.188   9.1 3.50 MW ML2MW
1983 06 20 1732 141.885 -30.453  16.6 3.92 MW ML2MW
1983 11 11 0232 138.669 -31.479  18.5 3.66 MW ML2MW
1983 12 29 1741 138.289 -30.755  20.0 4.18 MW ML2MW
1984 03 17 0423 139.158 -33.287  10.0 3.49 MW ML2MW
1984 06 03 0325 138.490 -30.450   0.0 3.43 MW ML2MW
1985 05 28 0400 139.372 -31.792   6.8 3.58 MW ML2MW
1985 08 09 0444 139.334 -31.795   7.3 3.91 MW ML2MW
1985 09 08 1545 137.284 -29.514  10.7 3.76 MW ML2MW
1985 11 10 2208 138.386 -32.740  20.4 3.65 MW ML2MW
1986 01 04 0626 138.718 -31.542   6.0 3.41 MW ML2MW
1986 03 16 0153 144.509 -41.446  17.1 3.97 MW ML2MW
1986 12 20 1204 143.349 -39.212  13.9 3.48 MW ML2MW
1989 06 26 1118 138.546 -31.438  14.5 3.66 MW ML2MW
1989 07 31 1621 144.783 -40.751  14.0 3.65 MW ML2MW
1990 01 16 0111 144.535 -41.144  14.0 3.24 MW ML2MW
1990 01 19 1621 139.361 -33.802   7.5 2.97 MW ML2MW
1990 03 05 0655 139.047 -33.047   6.6 3.11 MW ML2MW
1990 04 05 1002 138.511 -31.108  15.8 3.04 MW ML2MW
1990 05 06 1003 139.346 -33.895   8.2 3.19 MW ML2MW
1990 06 13 2023 138.318 -33.160  14.6 3.11 MW ML2MW
1990 07 16 1421 137.300 -35.333   2.9 3.04 MW ML2MW
1990 08 20 1356 138.706 -31.115  10.9 2.97 MW ML2MW
1990 12 03 1318 139.260 -31.565   4.5 4.08 MW ML2MW
1990 12 13 0628 138.987 -33.017   6.0 3.04 MW ML2MW
1991 01 10 0407 138.185 -32.335  26.9 3.19 MW ML2MW
1991 03 04 0014 136.336 -33.542   3.8 3.07 MW ML2MW
1991 03 25 0146 147.300 -42.280  10.0 3.11 MW ML2MW
1991 03 25 1842 136.948 -34.122   0.9 3.14 MW ML2MW
1991 05 05 1426 139.203 -31.028   2.7 3.19 MW ML2MW
1991 07 17 1315 136.159 -33.976   9.0 2.92 MW ML2MW
1991 08 17 0628 139.085 -34.365  12.9 3.66 MW ML2MW
1991 08 19 1858 135.999 -34.352  25.4 3.04 MW ML2MW
1991 09 02 2213 138.998 -32.724   2.8 3.66 MW ML2MW
1991 10 07 2310 140.557 -32.541  10.4 2.95 MW ML2MW
1991 11 03 1155 138.712 -33.169  13.0 2.97 MW ML2MW
1991 11 29 0945 138.359 -31.527   8.5 3.50 MW ML2MW
1992 05 27 1017 138.487 -33.076   2.2 3.04 MW ML2MW
1992 06 11 1914 138.267 -33.167   5.0 3.19 MW ML2MW
1992 07 28 0933 138.783 -31.221  13.2 3.74 MW ML2MW
1992 08 17 2001 138.556 -33.905  11.4 3.26 MW ML2MW
1992 10 10 1919 138.431 -30.839  14.4 3.04 MW ML2MW
1992 12 15 0135 138.347 -31.534   7.9 3.26 MW ML2MW
1992 12 16 0213 145.429 -40.997  10.1 3.16 MW ML2MW
1992 12 17 1803 138.996 -33.030   6.5 3.74 MW ML2MW
1993 01 17 1023 138.564 -35.553  11.6 2.97 MW ML2MW
1993 02 09 1534 139.016 -30.985  11.5 2.97 MW ML2MW
1993 04 20 1446 138.909 -33.035   8.4 3.34 MW ML2MW
1993 05 08 1119 138.158 -31.896   7.9 3.04 MW ML2MW
1993 05 10 0821 138.261 -32.865  18.1 3.19 MW ML2MW
1993 06 02 1445 144.550 -41.150  10.0 2.97 MW ML2MW
1993 06 24 0659 139.145 -31.597  11.0 3.04 MW ML2MW
1993 08 13 0036 139.025 -33.073   2.9 2.97 MW ML2MW
1993 09 24 1819 138.357 -32.437   1.7 2.97 MW ML2MW
1993 10 28 1658 138.960 -33.725   8.3 3.04 MW ML2MW
1993 12 07 2353 134.239 -33.816   4.0 3.05 MW ML2MW
1993 12 17 0116 144.583 -41.233  10.0 3.11 MW ML2MW
1994 04 17 1258 138.973 -33.035   8.3 3.11 MW ML2MW
1994 06 09 1408 141.986 -32.131  12.3 2.99 MW ML2MW
1994 06 19 0224 138.363 -33.168  11.4 3.26 MW ML2MW
1994 06 24 0559 138.640 -30.647  12.6 3.04 MW ML2MW
1994 06 26 0736 133.815 -33.605  13.3 3.18 MW ML2MW
1994 07 08 1840 138.913 -30.556  13.7 3.34 MW ML2MW
1994 07 20 1505 138.872 -33.829  15.2 2.97 MW ML2MW
1994 08 10 2037 139.150 -34.161  17.7 3.26 MW ML2MW
1994 09 04 2144 137.987 -30.302   7.5 3.11 MW ML2MW
1994 11 30 1953 138.157 -30.402   5.1 4.08 MW ML2MW
1995 02 03 0604 136.538 -33.625   4.0 3.00 MW ML2MW
1995 02 09 0410 139.499 -34.515  15.3 3.26 MW ML2MW
1995 03 06 1242 135.544 -33.931   6.8 3.09 MW ML2MW
1995 03 12 1136 138.354 -32.623  10.4 3.04 MW ML2MW
1995 04 11 1549 138.905 -31.251   5.4 3.11 MW ML2MW
1995 05 25 1351 136.291 -33.642  12.9 2.94 MW ML2MW
1995 10 27 1028 137.017 -35.239  15.5 4.08 MW ML2MW
1995 11 13 0400 138.466 -32.584   7.8 3.91 MW ML2MW
1995 11 18 1325 138.757 -31.196  19.1 3.04 MW ML2MW
1995 12 26 1216 144.857 -40.839  10.0 3.02 MW ML2MW
1996 03 23 1610 138.709 -31.335   9.0 3.11 MW ML2MW
1996 06 09 0143 135.927 -34.171   9.6 3.50 MW ML2MW
1996 07 22 1009 138.872 -31.190   6.8 3.50 MW ML2MW
1996 08 31 0855 138.625 -31.223   3.7 3.04 MW ML2MW
1996 11 09 1126 139.140 -30.130   0.0 2.97 MW ML2MW
1996 11 25 2034 144.342 -40.999   5.0 3.11 MW ML2MW
1996 12 16 2302 138.983 -33.530  11.1 2.97 MW ML2MW
1997 03 05 0615 138.979 -33.817  21.7 4.82 MW ML2MW
1997 04 03 1556 138.598 -31.044  14.1 3.04 MW ML2MW
1997 05 03 2254 138.616 -33.735   5.0 3.34 MW ML2MW
1997 07 21 1510 137.769 -32.725  14.0 3.74 MW ML2MW
1997 07 26 0633 141.430 -31.990   0.0 3.19 MW ML2MW
1997 08 23 1730 146.285 -41.627  13.5 4.08 MW ML2MW
1998 01 28 0845 138.598 -32.885   4.6 3.34 MW ML2MW
1998 01 29 2106 136.898 -34.177   5.1 3.14 MW ML2MW
1998 02 26 1413 136.621 -33.347  27.7 3.74 MW ML2MW
1998 05 06 0529 136.867 -34.151  15.2 3.61 MW ML2MW
1998 07 02 1509 135.013 -33.599  21.3 3.09 MW ML2MW
1998 07 09 0558 138.253 -33.519  10.2 2.90 MW ML2MW
1998 07 15 1551 136.873 -34.161  12.3 3.34 MW ML2MW
1998 07 16 2143 139.778 -35.103  10.5 3.27 MW ML2MW
1998 08 17 0457 135.246 -28.994   8.3 3.58 MW ML2MW
1998 08 24 2217 146.135 -40.892   7.0 3.11 MW ML2MW
1998 09 21 0906 137.438 -29.330  15.8 3.27 MW ML2MW
1998 09 29 1348 141.356 -31.700  11.0 2.94 MW ML2MW
1998 10 05 2024 135.880 -33.556  14.1 3.01 MW ML2MW
1998 11 12 1408 138.931 -35.020  21.8 3.04 MW ML2MW
1998 11 15 0939 139.400 -34.126  10.0 3.04 MW ML2MW
1998 11 22 1337 137.667 -29.506  15.9 3.04 MW ML2MW
1998 12 17 0617 138.206 -32.917  11.2 3.04 MW ML2MW
1998 12 17 2354 138.371 -32.382   8.4 3.19 MW ML2MW
1999 01 22 1515 139.078 -33.795  20.7 3.50 MW ML2MW
1999 01 26 0536 139.329 -33.928  23.0 3.34 MW ML2MW
1999 02 07 0745 138.996 -33.793   0.2 2.90 MW ML2MW
1999 03 17 0721 138.845 -30.969   2.4 3.27 MW ML2MW
1999 03 29 1041 138.849 -32.623   3.2 3.04 MW ML2MW
1999 04 13 0351 147.858 -42.083   0.0 2.97 MW ML2MW
1999 04 20 0146 138.766 -33.128   9.2 3.12 MW ML2MW
1999 05 10 0351 138.576 -31.730  14.7 2.90 MW ML2MW
1999 08 06 0033 138.325 -31.860  18.8 3.27 MW ML2MW
1999 08 06 0821 138.276 -32.836  16.9 3.19 MW ML2MW
1999 08 18 1101 138.464 -33.274  19.5 4.17 MW ML2MW
1999 09 02 0016 138.326 -32.313  12.7 3.34 MW ML2MW
1999 09 06 0837 138.400 -31.875  11.1 3.26 MW ML2MW
1999 09 24 2058 139.341 -34.354   9.2 2.97 MW ML2MW
1999 10 17 1311 139.075 -30.445  12.4 2.90 MW ML2MW
1999 10 31 1236 138.572 -32.407   5.2 3.50 MW ML2MW
1999 11 06 0828 137.246 -34.763  13.8 2.90 MW ML2MW
1999 11 15 0316 137.328 -35.433  12.4 3.34 MW ML2MW
1999 12 31 0848 139.366 -33.163   6.0 2.97 MW ML2MW
2000 01 27 0521 146.395 -43.054  12.0 3.51 MW ML2MW
2000 03 11 0329 138.443 -33.727  21.8 3.12 MW ML2MW
2000 03 27 0548 137.455 -29.344  12.0 3.69 MW ML2MW
2000 04 01 0801 138.391 -31.851   7.6 3.04 MW ML2MW
2000 06 27 0312 136.873 -34.170   8.2 3.14 MW ML2MW
2000 07 12 2121 138.534 -32.596  13.8 3.12 MW ML2MW
2000 09 07 2359 136.889 -34.169   9.0 3.22 MW ML2MW
2000 10 01 0623 137.683 -29.782  12.1 3.58 MW ML2MW
2000 10 12 2322 138.777 -31.641  23.8 2.97 MW ML2MW
2000 12 01 1654 144.935 -40.663   0.0 2.97 MW ML2MW
2001 01 19 0115 136.853 -34.176   9.0 3.22 MW ML2MW
2001 01 29 0831 138.444 -30.972  11.6 3.12 MW ML2MW
2001 03 29 0600 138.757 -29.607  33.0 2.97 MW ML2MW
2001 04 04 1417 138.949 -33.149   7.6 3.04 MW ML2MW
2001 04 12 0727 138.271 -33.210  15.9 3.34 MW ML2MW
2001 04 30 1504 145.560 -42.068  10.0 3.09 MW ML2MW
2001 05 09 0218 138.618 -33.669  22.7 3.04 MW ML2MW
2001 05 09 0232 137.330 -35.323  17.4 3.34 MW ML2MW
2001 06 14 1205 138.130 -31.837  18.0 3.93 MW ML2MW
2001 07 16 0143 146.331 -42.819  10.0 3.08 MW ML2MW
2001 09 06 1843 135.860 -35.413   8.7 3.02 MW ML2MW
2001 09 08 1031 133.529 -34.272   7.2 3.09 MW ML2MW
2001 11 08 1050 138.172 -34.846  22.1 3.12 MW ML2MW
2001 11 22 1629 138.702 -31.453  19.5 3.51 MW ML2MW
2001 12 06 1731 138.448 -31.921  13.9 3.27 MW ML2MW
2002 01 19 0115 136.857 -34.176   8.8 3.22 MW ML2MW
2002 02 11 2133 136.300 -29.264   8.1 3.36 MW ML2MW
2002 02 24 1829 138.570 -31.499  10.5 2.90 MW ML2MW
2002 05 04 1847 138.745 -31.751  17.4 3.04 MW ML2MW
2002 05 10 1142 135.887 -33.509   2.1 2.93 MW ML2MW
2002 06 15 2118 147.331 -42.162  13.7 4.18 MW ML2MW
2002 07 22 1438 148.023 -40.904  10.0 3.28 MW ML2MW
2002 08 01 1858 138.730 -32.289  11.8 3.12 MW ML2MW
2002 08 21 1322 138.696 -33.741   8.9 3.04 MW ML2MW
2002 08 26 0733 138.143 -31.885  10.3 2.90 MW ML2MW
2002 09 20 0113 145.617 -41.347   5.2 2.93 MW ML2MW
2002 09 29 0613 138.161 -32.528  18.4 2.90 MW ML2MW
2002 10 03 0729 144.274 -40.971   3.7 3.13 MW ML2MW
2002 10 03 1815 138.452 -31.935  13.8 3.34 MW ML2MW
2002 10 29 1525 142.026 -30.583  16.3 3.52 MW ML2MW
2002 11 23 1326 138.374 -30.747   9.0 3.12 MW ML2MW
2002 12 09 1128 138.166 -31.846  11.2 3.04 MW ML2MW
2002 12 28 0924 135.819 -35.248  10.1 3.23 MW ML2MW
2002 12 30 1801 138.613 -33.101   8.7 2.97 MW ML2MW
2003 01 17 1948 135.542 -34.704  13.5 2.94 MW ML2MW
2003 02 01 0849 136.832 -33.427  32.5 3.43 MW ML2MW
2003 02 08 2231 138.417 -32.571  14.6 2.90 MW ML2MW
2003 03 27 1440 133.274 -33.780  24.1 3.50 MW ML2MW
2003 04 25 0338 138.113 -32.091   9.2 2.90 MW ML2MW
2003 05 02 1441 137.986 -33.878  19.2 3.12 MW ML2MW
2003 05 17 0452 139.037 -32.982   1.4 2.97 MW ML2MW
2003 05 27 1023 135.607 -35.217   8.8 3.30 MW ML2MW
2003 06 14 0138 146.373 -43.333  10.0 2.95 MW ML2MW
2003 07 07 2141 138.540 -31.085  24.2 3.04 MW ML2MW
2003 08 13 1419 138.391 -33.193  16.2 2.97 MW ML2MW
2003 08 29 0421 138.322 -32.808  18.4 3.04 MW ML2MW
2003 09 22 0849 138.390 -35.565  12.2 2.90 MW ML2MW
2003 10 20 0201 137.408 -29.385  17.2 3.34 MW ML2MW
2003 11 22 1836 138.729 -31.645  15.8 4.10 MW ML2MW
2003 12 03 0003 135.737 -34.191   5.0 3.16 MW ML2MW
2004 04 04 1150 138.151 -33.002  10.8 3.04 MW ML2MW
2004 04 04 1510 138.273 -32.126  16.4 3.12 MW ML2MW
2004 04 15 0554 138.756 -31.980  16.0 3.52 MW ML2MW
2004 05 23 1835 139.174 -34.345  15.4 3.27 MW ML2MW
2004 06 02 1327 138.266 -33.455  18.5 2.90 MW ML2MW
2004 06 13 1015 138.257 -32.303  15.5 2.97 MW ML2MW
2004 07 07 0220 138.503 -31.534   9.9 2.90 MW ML2MW
2004 07 28 1408 141.407 -29.928   0.0 3.08 MW ML2MW
2004 07 30 2146 138.459 -31.122   8.3 3.19 MW ML2MW
2004 08 16 1945 138.567 -31.109  20.4 3.19 MW ML2MW
2004 08 17 0906 137.978 -30.136  13.6 3.04 MW ML2MW
2004 11 08 0732 138.933 -32.412  14.0 2.97 MW ML2MW
2004 11 18 2331 146.111 -41.741  15.4 4.35 MW ML2MW
2004 11 23 1335 138.105 -32.396  16.7 3.27 MW ML2MW
2004 12 08 1706 138.320 -32.387  13.4 2.90 MW ML2MW
2004 12 13 1848 138.718 -32.361   9.4 3.27 MW ML2MW
2004 12 27 0337 136.859 -33.362  19.0 3.02 MW ML2MW
2005 01 12 2253 138.574 -33.097   7.4 2.97 MW ML2MW
2005 01 14 0051 144.348 -39.745  10.0 3.05 MW ML2MW
2005 01 19 0529 138.332 -30.894  12.0 2.90 MW ML2MW
2005 02 16 1826 131.537 -31.461   9.2 3.00 MW ML2MW
2005 02 20 0815 141.407 -31.737   0.0 3.04 MW ML2MW
2005 03 03 1056 139.088 -30.784  10.0 3.93 MW ML2MW
2005 03 04 0038 139.712 -30.788   7.3 3.27 MW ML2MW
2005 04 06 0609 138.149 -32.309   9.1 2.97 MW ML2MW
2005 05 14 1953 139.106 -30.987  19.7 4.37 MW ML2MW
2005 06 08 2100 139.993 -32.891   5.5 3.36 MW ML2MW
2005 06 16 0429 135.561 -34.138   9.3 3.65 MW ML2MW
2005 06 30 0525 135.741 -29.070   6.2 3.19 MW ML2MW
2005 07 12 0757 138.578 -31.558  12.9 3.12 MW ML2MW
2005 08 16 0733 139.371 -34.119  15.2 3.04 MW ML2MW
2005 08 24 0337 138.738 -32.322   8.4 3.34 MW ML2MW
2005 09 04 0311 137.511 -29.604   4.6 2.97 MW ML2MW
2005 09 09 0401 142.166 -30.328   0.0 3.37 MW ML2MW
2005 09 18 1036 138.593 -32.739  10.3 3.19 MW ML2MW
2005 09 25 0940 144.454 -41.323  10.0 3.54 MW ML2MW
2005 10 14 0533 138.881 -33.700  12.5 3.04 MW ML2MW
2005 12 12 0016 146.089 -42.712  10.0 3.16 MW ML2MW
2006 01 08 2202 139.164 -31.670  10.4 3.27 MW ML2MW
2006 01 19 1615 146.204 -40.783  10.0 3.60 MW ML2MW
2006 01 25 1158 135.562 -34.157   4.4 3.65 MW ML2MW
2006 02 09 0416 138.239 -32.856  13.2 3.52 MW ML2MW
2006 02 16 1524 138.325 -31.172  11.5 2.97 MW ML2MW
2006 02 18 1716 138.573 -32.804  16.5 2.97 MW ML2MW
2006 04 04 1006 138.754 -33.430  10.0 3.36 MW ML2MW
2006 05 03 1345 138.383 -30.708   3.4 3.12 MW ML2MW
2006 05 14 0434 139.241 -33.565  14.0 3.12 MW ML2MW
2006 06 15 0801 139.173 -32.121  11.0 3.76 MW ML2MW
2006 06 15 2218 147.049 -43.353  10.0 2.95 MW ML2MW
2006 07 07 2348 138.672 -31.391  20.2 3.92 MW ML2MW
2006 07 15 1448 138.763 -32.988   4.3 2.97 MW ML2MW
2006 07 17 0645 136.913 -34.175   4.4 3.48 MW ML2MW
2006 07 17 1148 139.579 -35.127  11.1 2.97 MW ML2MW
2006 07 27 1038 139.231 -31.265  10.0 3.85 MW ML2MW
2006 08 12 0220 138.061 -32.816  12.3 3.52 MW ML2MW
2006 09 10 1048 137.882 -29.889  10.7 2.90 MW ML2MW
2006 09 13 1439 146.580 -41.631  10.0 3.16 MW ML2MW
2006 10 04 1500 135.638 -34.171  10.1 3.23 MW ML2MW
2006 11 06 1255 138.700 -31.380  11.7 2.90 MW ML2MW
2007 01 01 1418 138.587 -31.057  20.6 2.90 MW ML2MW
2007 01 20 0457 145.376 -42.857  10.0 2.93 MW ML2MW
2007 01 28 2031 138.628 -30.801  14.7 3.34 MW ML2MW
2007 01 29 1154 145.088 -41.157  10.0 2.99 MW ML2MW
2007 07 08 1817 138.105 -35.602  12.0 2.97 MW ML2MW
2007 07 08 2035 138.390 -33.071  15.1 3.19 MW ML2MW
2007 07 28 1650 144.373 -39.594  10.0 3.13 MW ML2MW
2007 08 06 2132 138.100 -29.527   0.0 3.04 MW ML2MW
2007 08 24 1619 144.551 -41.128  10.0 3.01 MW ML2MW
2007 09 08 1029 144.872 -40.548  10.0 3.77 MW ML2MW
2007 09 16 2318 138.581 -31.367  34.0 4.25 MW ML2MW
2007 09 19 0711 138.260 -32.800  13.7 3.12 MW ML2MW
2007 10 21 1403 137.815 -30.092   9.9 2.97 MW ML2MW
2007 10 30 1226 138.471 -33.373  12.3 3.34 MW ML2MW
2007 12 12 0837 144.688 -40.370  10.0 3.57 MW ML2MW
2007 12 26 1536 138.363 -32.077  15.6 4.55 MW ML2MW
2007 12 30 0749 139.066 -31.547   7.8 2.90 MW ML2MW
2008 01 23 1936 138.672 -33.139   9.6 2.90 MW ML2MW
2008 02 12 0012 138.332 -32.919   5.5 3.12 MW ML2MW
2008 03 23 2000 138.248 -33.468  16.1 3.52 MW ML2MW
2008 03 25 0222 143.829 -40.201  10.0 3.16 MW ML2MW
2008 03 25 0656 144.324 -40.389  10.0 3.20 MW ML2MW
2008 04 08 1233 138.653 -31.437  13.5 2.90 MW ML2MW
2008 04 30 2111 141.585 -30.255  23.9 3.25 MW ML2MW
2008 05 12 1944 138.362 -32.866  12.6 3.27 MW ML2MW
2008 05 29 0535 138.814 -31.814  11.8 3.12 MW ML2MW
2008 05 29 1005 138.520 -31.667   7.2 2.90 MW ML2MW
2008 06 25 2034 138.629 -31.604  12.8 2.90 MW ML2MW
2008 07 01 0650 138.691 -33.079   5.3 3.27 MW ML2MW
2008 07 25 1126 138.110 -30.199  11.6 3.27 MW ML2MW
2008 07 27 0734 138.290 -32.701  16.7 3.19 MW ML2MW
2008 08 07 2354 137.597 -34.159  12.2 2.97 MW ML2MW
2008 09 21 1309 148.297 -39.793  10.0 3.09 MW ML2MW
2008 10 02 0514 135.231 -33.792  28.1 3.24 MW ML2MW
2008 10 07 1238 138.634 -32.078  11.2 3.19 MW ML2MW
2008 10 18 0202 138.781 -32.933   8.3 3.27 MW ML2MW
2008 10 23 1152 140.790 -32.520  13.5 3.99 MW ML2MW
2008 11 16 0202 138.751 -31.478  16.6 4.20 MW ML2MW
2008 11 26 1353 138.763 -31.649  18.9 2.90 MW ML2MW
2008 11 29 2141 145.983 -42.517   8.0 3.66 MW ML2MW
2008 12 04 1635 138.414 -33.401  11.4 3.27 MW ML2MW
2008 12 25 1109 138.619 -31.486  17.5 3.04 MW ML2MW
2008 12 28 1402 138.231 -32.696  11.9 3.19 MW ML2MW
2008 12 31 1139 138.495 -31.722  16.0 2.97 MW ML2MW
2009 01 02 1251 138.921 -33.030   5.7 3.27 MW ML2MW
2009 01 15 1015 138.399 -32.045  13.8 3.19 MW ML2MW
2009 01 19 0435 138.933 -31.960  16.7 2.90 MW ML2MW
2009 01 26 0029 138.988 -32.763   8.3 3.90 MW Ghasemi et al (2016)
2009 01 30 0817 138.983 -30.977  17.7 3.12 MW ML2MW
2009 02 18 0325 138.415 -32.163  21.0 3.27 MW ML2MW
2009 02 27 1713 138.009 -29.488  38.0 3.04 MW ML2MW
2009 03 04 2320 138.170 -32.672  20.4 3.60 MW ML2MW
2009 03 05 2013 138.604 -31.482  11.9 3.34 MW ML2MW
2009 03 10 1011 144.496 -41.021  10.0 3.14 MW ML2MW
2009 04 04 1240 133.943 -33.593   8.7 4.02 MW ML2MW
2009 04 07 0728 135.769 -35.351   9.9 2.94 MW ML2MW
2009 05 29 1445 138.189 -31.070   9.9 3.77 MW ML2MW
2009 06 06 1407 147.233 -44.419  15.0 2.91 MW ML2MW
2009 07 09 2216 138.564 -34.188  10.1 2.90 MW ML2MW
2009 07 26 2013 138.270 -32.084  10.0 2.90 MW ML2MW
2009 08 15 1954 138.765 -31.774  19.9 3.44 MW ML2MW
2009 08 20 1157 135.676 -34.113   6.7 3.02 MW ML2MW
2009 10 26 2241 139.070 -32.719   1.8 3.60 MW ML2MW
2009 11 03 0604 138.278 -35.375  10.3 3.40 MW ML2MW
2009 11 26 1238 138.331 -33.571   9.7 3.27 MW ML2MW
2009 12 07 1330 147.839 -42.159   9.3 3.87 MW ML2MW
2009 12 19 1605 138.793 -34.238  10.4 2.97 MW ML2MW
2010 04 16 1357 138.880 -35.109  26.4 3.59 MW ML2MW
2010 06 05 2147 136.719 -33.589  22.4 4.75 MW ML2MW
2010 06 22 2041 138.537 -32.641  13.5 2.97 MW ML2MW
2010 06 28 1905 146.703 -41.786  10.0 2.97 MW ML2MW
2010 07 15 1826 138.694 -31.698  18.9 3.40 MW ML2MW
2010 07 30 2129 138.149 -32.253  19.1 3.78 MW Ghasemi et al (2016)
2010 07 31 1656 136.822 -30.483   0.0 3.02 MW ML2MW
2010 08 11 2112 145.827 -43.180  11.8 3.25 MW ML2MW
2010 10 08 1053 138.537 -33.731  13.2 3.18 MW ML2MW
2010 10 10 0230 139.852 -32.913   5.4 4.06 MW Ghasemi et al (2016)
2010 10 23 0340 135.957 -34.040   3.7 3.21 MW ML2MW
2010 11 13 1936 138.753 -31.429  12.3 2.97 MW ML2MW
2010 11 18 0400 137.379 -35.423  11.9 2.97 MW ML2MW
2010 11 29 2008 139.564 -32.120   8.6 3.42 MW ML2MW
2010 12 03 0040 135.964 -34.066   5.8 2.99 MW ML2MW
2011 01 04 1640 135.653 -34.104  10.7 3.36 MW ML2MW
2011 01 04 1755 146.484 -43.776  10.0 3.39 MW ML2MW
2011 01 15 0038 136.497 -33.586  27.3 3.91 MW ML2MW
2011 01 17 1929 144.633 -40.394  10.0 3.37 MW ML2MW
2011 02 13 1448 138.699 -33.202   8.2 2.97 MW ML2MW
2011 02 20 1530 138.436 -32.571  10.9 3.17 MW ML2MW
2011 03 01 0526 138.542 -29.913   0.0 2.99 MW ML2MW
2011 03 02 2302 135.988 -34.032   6.9 3.06 MW ML2MW
2011 03 27 1130 138.511 -33.175  13.3 3.19 MW ML2MW
2011 04 12 1029 145.531 -42.243  12.3 3.46 MW ML2MW
2011 04 29 2226 144.970 -40.709  13.9 2.98 MW ML2MW
2011 05 04 1229 137.908 -32.287  11.4 3.36 MW ML2MW
2011 05 16 0330 139.035 -31.570  18.5 3.11 MW ML2MW
2011 05 18 2041 138.850 -30.855  10.5 3.07 MW ML2MW
2011 05 24 1027 139.331 -33.182   6.5 3.73 MW ML2MW
2011 06 22 1303 135.232 -33.812   0.0 2.93 MW ML2MW
2011 06 29 0616 138.675 -30.100   0.0 2.97 MW ML2MW
2011 06 30 0615 138.459 -30.256   0.0 3.01 MW ML2MW
2011 07 07 2059 147.123 -42.168  10.0 3.10 MW ML2MW
2011 07 11 1219 139.746 -30.341  10.0 3.32 MW ML2MW
2011 07 23 2047 138.816 -32.026  10.1 3.34 MW ML2MW
2011 08 18 0614 138.615 -30.113   0.0 3.03 MW ML2MW
2011 08 31 0624 138.596 -30.158   0.0 3.12 MW ML2MW
2011 09 04 1115 138.693 -33.086   4.0 4.18 MW Ghasemi et al (2016)
2011 09 21 0615 138.326 -30.363   0.0 3.11 MW ML2MW
2011 09 23 1642 138.559 -32.626   3.4 3.35 MW ML2MW
2011 10 06 0514 138.394 -30.368   0.0 2.98 MW ML2MW
2011 10 15 1038 138.799 -32.390   4.7 4.07 MW Ghasemi et al (2016)
2011 10 18 1552 138.637 -35.030  23.4 3.24 MW ML2MW
2011 10 22 1718 139.518 -32.115   4.0 3.07 MW ML2MW
2011 11 02 0241 136.730 -33.581   7.4 3.06 MW ML2MW
2011 11 14 0243 147.393 -42.107  10.0 3.74 MW ML2MW
2011 11 21 2011 145.523 -42.082   1.0 3.04 MW ML2MW
2011 12 17 0324 138.458 -32.931  14.7 2.97 MW ML2MW
2012 01 04 1955 138.765 -32.178  13.0 2.97 MW ML2MW
2012 01 22 2018 145.550 -42.083   1.4 3.13 MW ML2MW
2012 02 26 1425 136.011 -34.045   5.2 3.06 MW ML2MW
2012 03 23 1624 138.722 -33.389   9.4 2.97 MW ML2MW
2012 03 25 2053 136.850 -30.440   0.0 3.62 MW ML2MW
2012 04 08 1845 139.939 -28.822  22.1 3.26 MW ML2MW
2012 05 24 1906 141.738 -31.318  20.9 3.09 MW ML2MW
2012 06 03 1054 144.665 -41.255   2.0 3.02 MW ML2MW
2012 06 04 0409 138.436 -33.334  13.4 3.18 MW ML2MW
2012 06 11 2107 138.558 -32.332  18.1 3.11 MW ML2MW
2012 06 26 1340 138.564 -31.693  20.7 3.29 MW ML2MW
2012 06 26 2007 136.980 -33.296  14.8 3.06 MW ML2MW
2012 09 20 1241 136.372 -33.606   7.7 3.06 MW ML2MW
2012 10 01 1305 147.171 -43.648  11.2 3.25 MW ML2MW
2012 10 17 1816 141.900 -30.661  17.9 3.60 MW ML2MW
2012 11 16 0316 138.448 -33.388  10.5 2.97 MW ML2MW
2012 12 04 1751 139.233 -30.026  17.3 3.10 MW ML2MW
2012 12 31 0814 146.186 -43.807  10.0 2.97 MW ML2MW
2013 01 05 0022 138.539 -33.293  15.7 3.37 MW ML2MW
2013 01 12 2021 145.814 -40.935  10.0 3.08 MW ML2MW
2013 02 20 0957 137.357 -35.489  18.8 3.43 MW ML2MW
2013 03 27 2335 136.957 -33.431   7.2 3.21 MW ML2MW
2013 04 05 1220 145.556 -42.075   1.0 3.19 MW ML2MW
2013 05 01 1941 136.747 -30.357   0.0 3.34 MW ML2MW
2013 06 03 1803 138.637 -31.289  23.5 2.95 MW ML2MW
2013 06 14 1121 138.676 -31.750  19.5 3.15 MW ML2MW
2013 06 25 1143 145.549 -42.032  10.0 3.02 MW ML2MW
2013 07 11 0018 138.571 -31.939  17.3 3.04 MW ML2MW
2013 07 15 0419 144.335 -39.769  14.5 3.59 MW ML2MW
2013 07 16 0455 144.587 -41.344  10.0 3.13 MW ML2MW
2013 07 29 1132 138.619 -31.367  15.1 3.18 MW ML2MW
2013 08 14 1139 136.749 -33.577  13.7 3.32 MW ML2MW
2013 10 22 0716 137.550 -29.578  11.2 2.96 MW ML2MW
2013 10 22 2229 138.523 -33.571  15.8 3.04 MW ML2MW
2013 10 26 1032 138.618 -30.233  12.8 3.18 MW ML2MW
2013 11 22 1659 138.303 -31.092  15.5 3.10 MW ML2MW
2013 12 16 0207 138.553 -31.562  10.9 3.05 MW ML2MW
2013 12 23 1340 145.492 -42.090   2.0 2.94 MW ML2MW
2014 01 05 1801 138.685 -31.949  15.7 3.31 MW ML2MW
2014 01 17 0017 138.146 -33.299  14.2 3.14 MW ML2MW
2014 01 19 1813 138.306 -33.149  11.9 3.07 MW ML2MW
2014 03 31 0540 138.251 -32.745  12.5 3.11 MW ML2MW
2014 04 13 1913 138.410 -31.830   6.9 3.32 MW ML2MW
2014 04 23 1301 138.437 -33.353  18.5 3.08 MW ML2MW
2014 04 29 0954 139.559 -32.816   2.8 4.12 MW Ghasemi et al (2016)
2014 05 01 1029 135.891 -34.989  10.9 3.06 MW ML2MW
2014 05 10 0929 147.492 -41.781   5.3 2.93 MW ML2MW
2014 06 04 0229 137.615 -29.902   8.6 4.50 MW ML2MW
2014 06 12 2008 138.296 -32.492  16.2 3.13 MW ML2MW
2014 06 13 1424 138.670 -30.827   0.0 3.00 MW ML2MW
2014 07 16 2005 138.604 -31.228  11.0 2.98 MW ML2MW
2014 07 31 0530 141.564 -31.201  10.0 3.04 MW ML2MW
2014 07 31 0530 141.735 -31.307  17.8 3.04 MW ML2MW
2014 08 01 0637 139.490 -33.090   7.9 3.31 MW ML2MW
2014 08 30 1043 136.466 -33.816   4.4 3.07 MW ML2MW
2014 08 30 1044 136.466 -33.816   4.4 3.07 MW ML2MW
2014 09 17 1416 139.023 -33.463   8.7 3.17 MW ML2MW
2014 10 01 1409 138.388 -33.577  13.2 2.99 MW ML2MW
2014 12 22 1158 141.822 -31.942  19.2 3.34 MW ML2MW
2015 01 09 0732 138.265 -33.028  15.5 3.05 MW ML2MW
2015 01 13 2337 145.155 -41.372  10.1 3.33 MW ML2MW
2015 03 26 0328 136.625 -33.351  10.6 2.95 MW ML2MW
2015 04 11 1522 138.542 -33.352  11.8 2.95 MW ML2MW
2015 04 17 0209 138.574 -31.883  15.7 3.21 MW ML2MW
2015 05 11 0340 138.159 -32.707  14.2 3.22 MW ML2MW
2015 05 26 2349 146.652 -42.951  10.0 3.32 MW ML2MW
2015 05 30 1758 137.547 -30.039   0.0 2.91 MW ML2MW
2015 05 31 0820 146.499 -43.431  16.5 3.19 MW ML2MW
2015 06 15 1810 141.305 -32.787  15.0 2.96 MW ML2MW
2015 06 16 0411 138.658 -31.426  14.7 2.92 MW ML2MW
2015 06 19 2210 136.722 -33.481  25.6 3.02 MW ML2MW
2015 06 21 1846 138.661 -31.977  13.5 3.00 MW ML2MW
2015 06 22 0506 137.906 -29.785  10.0 2.92 MW ML2MW
2015 06 23 1105 138.637 -33.191   4.1 2.92 MW ML2MW
2015 06 25 0628 138.580 -32.851   5.3 2.97 MW ML2MW
2015 07 07 2326 139.304 -33.717   8.9 3.15 MW ML2MW
2015 07 13 0512 138.630 -32.049  21.6 3.19 MW ML2MW
2015 07 20 0945 139.169 -32.107  11.6 3.34 MW ML2MW
2015 07 27 0823 138.713 -31.647  20.2 3.31 MW ML2MW
2015 08 02 1321 145.452 -41.802   0.0 3.25 MW ML2MW
2015 08 03 0737 139.518 -29.857  10.0 3.07 MW ML2MW
2015 08 20 1412 146.417 -43.268  11.3 3.21 MW ML2MW
2015 09 04 1524 138.174 -32.345  16.6 2.92 MW ML2MW
2015 09 07 0017 138.490 -32.438  21.9 3.00 MW ML2MW
2015 09 08 1307 137.973 -32.500   9.4 2.93 MW ML2MW
2015 11 25 1300 138.689 -31.328  22.2 2.94 MW ML2MW
2015 11 26 0800 138.701 -30.786  10.0 3.17 MW ML2MW
2015 12 24 1748 136.855 -33.416  28.6 3.07 MW ML2MW
2016 01 04 0333 138.935 -32.451   7.3 3.49 MW ML2MW
2016 01 10 0507 136.904 -33.414  22.2 3.03 MW ML2MW
2016 03 23 1919 147.318 -42.172  14.0 3.31 MW ML2MW
2016 04 05 1308 138.548 -33.553  12.2 2.90 MW ML2MW
2016 05 01 1525 137.160 -29.681  10.0 3.13 MW ML2MW
2016 05 15 0741 138.655 -31.801  14.0 3.07 MW ML2MW
2016 05 16 1011 138.571 -31.821  10.0 3.08 MW ML2MW
2016 05 22 2111 136.289 -33.934  10.0 2.97 MW ML2MW
2016 05 24 0731 138.761 -31.814  10.0 3.30 MW ML2MW
2016 05 31 2346 139.232 -33.926   0.0 3.60 MW ML2MW
2016 06 04 1106 141.233 -30.082  12.0 2.94 MW ML2MW
2016 07 11 1934 137.604 -29.946   6.0 3.14 MW ML2MW
2016 07 22 1052 137.881 -32.129  10.0 3.07 MW ML2MW
2016 07 25 1025 138.302 -33.291   2.0 3.87 MW ML2MW
2016 07 25 2010 138.555 -32.638   0.0 3.10 MW ML2MW
2016 10 07 1755 138.542 -33.541  11.0 3.29 MW ML2MW
2016 10 29 0343 138.747 -30.632  10.0 3.38 MW ML2MW
2016 10 31 1441 138.259 -31.042   4.0 3.04 MW ML2MW
2016 11 03 1625 137.098 -29.627  10.0 3.60 MW ML2MW
2016 11 11 0656 142.211 -30.998   0.0 2.96 MW ML2MW
2016 11 25 1327 139.305 -33.908   0.0 3.06 MW ML2MW
2016 12 27 1709 136.459 -33.289  10.0 3.02 MW ML2MW
2017 01 10 1444 138.153 -32.285  10.0 3.24 MW ML2MW
2017 01 25 2029 138.624 -33.769  10.0 2.93 MW ML2MW
2017 01 30 0233 137.632 -34.156  10.0 3.49 MW ML2MW
2017 02 01 1337 139.258 -35.113  25.2 3.73 MW ML2MW
2017 02 05 1441 138.849 -33.796  10.0 2.97 MW ML2MW
2017 02 10 0153 138.550 -35.030  13.0 2.92 MW ML2MW
2017 02 12 2140 138.310 -32.985  10.0 3.04 MW ML2MW
2017 02 28 0030 138.618 -31.792  10.0 3.13 MW ML2MW
2017 03 05 1813 138.571 -31.421  10.0 3.46 MW ML2MW
2017 04 24 0737 138.399 -32.440  10.0 3.63 MW ML2MW
2017 04 25 0930 138.870 -31.185  10.0 3.29 MW ML2MW
2017 05 31 0747 138.884 -33.792  10.0 3.14 MW ML2MW
2017 06 22 2205 138.661 -31.586  10.0 3.14 MW ML2MW
2017 09 18 1604 144.642 -40.220  10.0 3.31 MW ML2MW
2017 09 18 1924 144.646 -40.070  10.0 3.43 MW ML2MW
2017 09 18 1927 144.481 -40.274  10.0 3.18 MW ML2MW
2017 09 29 2308 134.411 -34.406  10.0 2.93 MW ML2MW
2017 10 12 1718 138.911 -30.236  10.0 2.96 MW ML2MW
2017 12 03 1245 149.329 -40.264  10.0 3.11 MW ML2MW
2018 02 27 0406 138.462 -30.616  10.0 3.24 MW ML2MW
2018 03 23 0101 144.655 -40.481  10.0 3.30 MW ML2MW
2018 04 26 0955 138.262 -32.367  10.0 2.92 MW ML2MW
2018 05 07 1617 138.279 -33.048  10.0 2.91 MW ML2MW
2018 05 21 1615 137.135 -29.687  10.0 2.95 MW ML2MW
2018 05 23 0913 145.040 -40.471  10.0 3.17 MW ML2MW
2018 05 25 0145 138.273 -31.764  10.0 3.26 MW ML2MW
2018 05 25 0159 138.652 -32.241  10.0 2.96 MW ML2MW
2018 05 25 1322 138.656 -33.840  10.0 3.44 MW ML2MW
2018 05 28 0243 138.638 -35.288  10.0 3.20 MW ML2MW
2018 05 29 0048 138.664 -31.413  10.0 3.05 MW ML2MW
2018 05 29 0717 138.553 -31.606  10.0 3.01 MW ML2MW
2018 06 03 1150 138.250 -32.089  10.0 3.14 MW ML2MW
2018 06 04 1338 139.723 -32.997  10.0 2.98 MW ML2MW
2018 06 08 1724 144.449 -40.816  10.0 3.37 MW ML2MW
2018 06 17 1431 139.164 -33.966  10.0 3.19 MW ML2MW
2018 06 23 2157 139.217 -35.175  10.0 3.18 MW ML2MW
2018 07 01 0227 136.679 -33.606  10.0 3.72 MW ML2MW
2018 07 03 1945 138.472 -31.771  10.0 3.03 MW ML2MW
2018 07 06 2317 138.275 -32.577  10.0 3.47 MW ML2MW
2018 07 08 2153 138.565 -31.959  10.0 3.10 MW ML2MW
2018 07 09 1245 138.329 -33.266  10.0 3.24 MW ML2MW
2018 07 26 2321 138.420 -35.306  10.0 3.37 MW ML2MW
2018 07 27 0253 139.109 -33.266  10.0 2.96 MW ML2MW
2018 07 28 2156 138.598 -31.241  10.0 2.97 MW ML2MW
2018 08 06 2235 138.511 -31.000  10.0 2.98 MW ML2MW
2018 08 08 1101 139.159 -34.912  10.4 3.07 MW ML2MW
2018 08 28 0914 138.710 -33.201  10.0 2.97 MW ML2MW
2018 09 16 0444 138.507 -32.569   0.0 2.99 MW ML2MW
2018 09 30 1050 138.590 -31.441   4.5 3.16 MW ML2MW
2018 10 06 1254 138.324 -32.284   0.5 3.03 MW ML2MW
2018 10 10 0257 135.917 -35.319  10.0 3.40 MW ML2MW
2018 10 11 1636 144.654 -40.308  10.0 3.01 MW ML2MW
2018 10 18 2311 138.450 -31.634  10.0 3.02 MW ML2MW
2018 10 22 0420 138.054 -31.103  10.0 3.15 MW ML2MW
2018 11 02 2127 138.767 -32.100   0.0 3.35 MW ML2MW
2018 11 21 1558 136.846 -33.361  10.0 3.81 MW ML2MW
2018 12 02 2229 137.472 -29.471  10.0 2.97 MW ML2MW
2018 12 05 2152 141.526 -29.833  10.0 3.35 MW ML2MW
2018 12 21 2154 135.259 -33.926  10.0 3.32 MW ML2MW
2019 01 03 1704 136.559 -33.624  10.0 2.92 MW ML2MW
2019 01 03 2002 136.728 -33.452  10.0 3.07 MW ML2MW
2019 01 04 0143 138.459 -31.812  10.0 3.14 MW ML2MW
2019 01 20 0737 138.367 -31.504  10.0 2.91 MW ML2MW
2019 01 27 0000 138.161 -33.771  10.0 3.15 MW ML2MW
2019 02 18 0027 136.296 -33.651   7.2 3.40 MW ML2MW
2019 02 21 1819 139.679 -29.255  10.0 3.11 MW ML2MW
2019 02 23 2224 138.424 -33.357  10.0 3.06 MW ML2MW
2019 02 24 2114 147.868 -42.094  10.0 3.68 MW ML2MW
2019 03 02 1800 138.368 -31.519  10.0 3.04 MW ML2MW
2019 03 05 2247 139.107 -33.467   0.0 2.92 MW ML2MW
2019 03 26 2356 138.504 -31.500   2.5 3.16 MW ML2MW
2019 03 27 2055 136.411 -33.823  10.0 3.12 MW ML2MW
2019 03 30 0758 138.371 -32.201  10.0 2.96 MW ML2MW
2019 04 03 1417 139.083 -33.782   9.2 3.12 MW ML2MW
2019 04 05 0128 138.845 -31.181  10.0 3.52 MW ML2MW
2019 04 05 0511 138.001 -32.164  10.0 2.91 MW ML2MW
2019 04 13 1818 136.595 -33.580  10.0 3.52 MW ML2MW
2019 04 19 1159 138.995 -33.347   1.8 2.91 MW ML2MW
2019 04 24 2059 144.320 -40.054  27.6 3.14 MW ML2MW
2019 05 02 0655 138.411 -33.387   3.1 3.46 MW ML2MW
2019 05 12 1957 138.939 -33.237  10.0 3.06 MW ML2MW
2019 05 13 2047 139.093 -30.749  10.0 3.07 MW ML2MW
2019 06 13 1917 138.525 -31.882  10.0 3.31 MW ML2MW
2019 06 14 1851 138.524 -31.759  10.0 3.34 MW ML2MW
2019 06 16 1837 138.895 -33.350   2.0 3.44 MW ML2MW
2019 07 05 2001 135.927 -33.911  10.0 3.55 MW ML2MW
2019 07 19 0830 138.212 -32.953  10.2 3.07 MW ML2MW
2019 08 11 1725 136.274 -33.457  10.0 3.16 MW ML2MW
2019 08 13 1547 131.868 -33.789  10.0 3.60 MW ML2MW
2019 09 05 0221 138.321 -33.108  10.0 3.62 MW ML2MW
2019 10 02 2105 145.551 -41.721   0.9 3.17 MW ML2MW
2019 10 13 0004 138.901 -32.349  10.0 2.92 MW ML2MW
2019 10 14 1357 139.016 -31.369  10.0 3.28 MW ML2MW
2019 10 17 1436 138.560 -31.287  10.0 3.13 MW ML2MW
2019 11 09 0015 136.669 -33.397  10.0 2.91 MW ML2MW
2019 11 09 0221 138.706 -31.887  10.0 3.26 MW ML2MW
2019 11 14 1627 138.553 -31.704  10.0 3.79 MW ML2MW
2019 11 20 1633 138.687 -31.667  10.0 3.06 MW ML2MW
2019 11 21 0026 138.501 -30.953  10.0 3.39 MW ML2MW
2019 12 03 1526 138.450 -32.222  10.0 3.12 MW ML2MW
2019 12 17 0654 138.662 -33.430  10.0 2.92 MW ML2MW
2020 01 11 1100 133.184 -33.123  10.0 2.90 MW ML2MW
2020 01 11 1200 138.317 -33.124  10.0 3.01 MW ML2MW
2020 02 07 0634 138.538 -31.232  10.0 3.30 MW ML2MW
2020 02 14 1349 138.813 -32.836  10.0 3.88 MW ML2MW
2020 02 17 1650 138.116 -35.568  10.0 2.99 MW ML2MW
2020 02 25 0314 138.929 -30.219  10.0 3.49 MW ML2MW
2020 04 04 0859 139.126 -29.822  10.0 3.04 MW ML2MW
2020 04 11 2040 138.709 -33.070  10.0 3.52 MW ML2MW
2020 04 25 0421 138.270 -32.754  10.0 3.42 MW ML2MW
2020 04 29 0852 138.541 -31.548  10.0 3.40 MW ML2MW
2020 05 02 0829 139.031 -33.945  10.0 3.54 MW ML2MW
2020 05 10 1323 138.616 -33.389  10.0 3.30 MW ML2MW
2020 05 13 0948 138.337 -33.079  10.0 2.99 MW ML2MW
2020 05 14 0553 138.802 -33.711  10.0 4.43 MW ML2MW
2020 06 01 2149 138.001 -29.528  10.0 3.33 MW ML2MW
2020 06 07 0239 138.706 -33.202  10.0 2.94 MW ML2MW
2020 06 13 0943 138.736 -33.906  10.0 3.30 MW ML2MW
2020 06 28 0138 135.813 -33.578  10.0 3.14 MW ML2MW
2020 07 04 2306 138.311 -32.780  10.0 2.96 MW ML2MW
2020 07 07 0642 138.113 -35.605  10.0 3.18 MW ML2MW
2020 07 14 1437 139.145 -31.031  10.0 3.10 MW ML2MW
2020 07 21 2024 138.600 -31.735   9.4 3.08 MW ML2MW
2020 08 04 0009 139.002 -33.319   2.3 3.26 MW ML2MW
2020 08 23 2240 136.586 -33.571  10.0 3.48 MW ML2MW
2020 09 12 2050 139.064 -33.440   2.4 2.96 MW ML2MW
2020 09 13 1003 139.032 -34.412   8.4 3.05 MW ML2MW
2020 09 23 1823 138.065 -31.979   5.3 3.47 MW ML2MW
2020 09 24 1453 138.898 -33.320   1.1 3.09 MW ML2MW
2020 10 07 0731 138.149 -33.830   3.5 3.36 MW ML2MW
2020 10 10 0957 136.801 -34.532   7.9 2.92 MW ML2MW
2020 10 11 1414 138.615 -31.472  10.0 2.96 MW ML2MW
2020 10 12 0936 138.033 -35.713   9.1 3.00 MW ML2MW
2020 10 18 2100 138.632 -31.607  10.0 3.28 MW ML2MW
2020 10 18 2147 143.885 -40.306  10.0 3.71 MW ML2MW
2020 10 27 1753 138.343 -32.823  10.0 3.64 MW ML2MW
2020 10 31 1236 138.134 -30.935   8.2 3.34 MW ML2MW
2020 11 27 1435 139.160 -30.982  10.0 2.97 MW ML2MW
2020 12 12 0935 138.595 -33.448   5.9 3.19 MW ML2MW
2021 01 16 0947 138.392 -32.516   3.1 3.11 MW ML2MW
2021 02 01 2009 138.687 -33.463   5.5 3.28 MW ML2MW
2021 02 13 0028 138.598 -31.702   7.3 3.21 MW ML2MW
2021 02 27 2019 138.855 -31.995  10.0 3.19 MW ML2MW
2021 04 02 2223 141.802 -30.499  10.0 3.17 MW ML2MW
2021 04 11 0536 138.953 -30.072  10.0 3.69 MW ML2MW
2021 04 15 0952 137.899 -29.798   9.2 3.52 MW ML2MW
2021 04 20 1226 138.529 -32.413   1.1 3.18 MW ML2MW
2021 05 05 0452 134.413 -30.504  10.0 3.69 MW ML2MW
2021 05 06 1733 140.059 -32.845   7.8 3.09 MW ML2MW
2021 05 25 0159 138.325 -33.103   6.6 3.27 MW ML2MW
2021 05 26 1117 138.278 -32.820   7.8 3.20 MW ML2MW
2021 06 10 0454 138.597 -33.292   8.9 3.06 MW ML2MW
2021 06 15 1008 138.573 -32.337   2.1 3.11 MW ML2MW
2021 06 18 0915 138.452 -32.592   4.0 3.05 MW ML2MW
2021 06 24 1830 141.635 -31.541  10.0 3.86 MW ML2MW
2021 07 03 1323 138.495 -32.418   0.6 3.02 MW ML2MW
2021 07 15 0414 138.245 -32.853   5.9 3.06 MW ML2MW
2021 08 17 1931 138.257 -32.847   9.8 3.19 MW ML2MW
2021 08 29 0835 138.687 -32.620   2.3 3.00 MW ML2MW
2021 08 31 1811 138.193 -34.502   6.0 3.01 MW ML2MW
2021 09 10 0307 138.550 -31.414   7.2 3.41 MW ML2MW
2021 09 14 1237 138.119 -32.546   2.8 3.29 MW ML2MW
2021 10 07 1313 138.677 -33.544   2.0 2.98 MW ML2MW
2021 10 10 1243 148.156 -41.987   6.0 3.44 MW ML2MW
2021 10 26 1019 138.620 -33.490   6.6 3.11 MW ML2MW
2021 10 29 1025 135.743 -33.550  10.0 3.34 MW ML2MW
2021 11 15 0933 138.258 -32.868   9.7 3.32 MW ML2MW
2022 01 02 0714 138.841 -30.840  10.0 2.99 MW ML2MW
2022 01 05 1800 144.953 -40.617   1.0 3.14 MW ML2MW
2022 01 07 1553 138.460 -30.956  10.0 3.34 MW ML2MW
2022 01 08 1456 146.480 -41.940  10.0 3.37 MW ML2MW
2022 01 15 1640 147.441 -42.253  10.0 3.23 MW ML2MW
2022 01 21 1121 138.964 -31.465   7.9 3.05 MW ML2MW
2022 02 16 0845 139.041 -31.476   1.5 3.40 MW ML2MW
2022 02 23 1337 138.236 -33.003   3.6 3.29 MW ML2MW
2022 03 05 2050 138.884 -35.084  10.0 3.82 MW ML2MW
2022 03 12 1142 139.308 -33.113   0.6 3.18 MW ML2MW
2022 03 29 0834 138.877 -35.096  10.0 3.15 MW ML2MW
2022 04 03 1038 138.513 -32.283  10.0 3.34 MW ML2MW
2022 07 03 1547 139.057 -31.017  10.0 3.54 MW ML2MW
2022 07 18 0716 138.576 -33.342  10.0 3.14 MW ML2MW
2022 07 22 0314 137.950 -29.426   9.9 3.00 MW ML2MW
2022 08 02 1905 138.192 -33.030   4.4 3.10 MW ML2MW
2022 08 11 2341 138.013 -32.551   4.2 3.09 MW ML2MW
2022 08 19 1414 138.289 -32.813   4.8 3.10 MW ML2MW
2022 09 22 1317 139.420 -34.532   1.2 2.97 MW ML2MW
2022 10 07 1733 138.654 -31.597  10.3 3.04 MW ML2MW
2022 11 14 1248 138.375 -32.768  10.0 2.93 MW ML2MW
