1840 03 31 0630 138.600 -34.900   7.0 2.81 MW ML2MW
1872 01 30 1340 138.883 -34.067   9.0 4.17 MW ML2MW
1848 09 13 0630 138.600 -34.900   7.0 3.01 MW ML2MW
1887 01 08 1030 138.000 -32.450  10.0 4.53 MW ML2MW
1848 09 14 1830 138.900 -33.700  10.0 3.40 MW ML2MW
1883 07 07 1358 138.700 -35.100  10.0 4.11 MW ML2MW
1887 04 16 2210 135.800 -34.300  14.0 5.04 MW ML2MW
1902 09 19 1035 138.000 -35.000  10.0 5.36 MW ML2MW
1853 09 15 1630 138.110 -32.850  11.0 3.98 MW ML2MW
1911 10 26 1000 136.417 -33.667   0.0 4.83 MW ML2MW
1855 02 18 2200 138.950 -34.350   7.0 3.53 MW ML2MW
1852 05 19 1030 138.517 -35.150   7.0 2.81 MW ML2MW
1889 02 12 0645 139.000 -34.000   0.0 4.04 MW ML2MW
1856 06 24 1650 138.700 -34.650   7.0 3.91 MW ML2MW
1902 05 07 0510 138.500 -32.750   0.0 4.17 MW ML2MW
1857 04 27 1420 138.180 -35.833   7.0 3.20 MW ML2MW
1939 05 01 1907 138.000 -31.400   0.0 4.76 MW MS2MW
1858 08 21 1245 139.000 -34.567   8.0 3.46 MW ML2MW
1939 06 05 1220 138.500 -31.500   0.0 4.76 MW MS2MW
1905 08 21 1835 138.800 -34.200  14.0 4.04 MW ML2MW
1862 12 14 2055 138.700 -34.067   8.0 3.78 MW ML2MW
1908 04 09 1625 138.617 -33.917   0.0 4.11 MW ML2MW
1866 08 24 1245 138.867 -34.883   7.0 3.72 MW ML2MW
1911 02 19 1340 139.083 -32.883   6.0 4.17 MW ML2MW
1866 12 02 2020 139.133 -33.367   8.0 3.20 MW ML2MW
1868 10 28 0345 138.700 -33.580   7.0 3.85 MW ML2MW
1921 04 23 1900 138.833 -33.267   0.0 4.44 MW ML2MW
1871 01 11 0745 138.833 -33.783  10.0 3.59 MW ML2MW
1871 01 12 1155 139.000 -32.667  11.0 3.27 MW ML2MW
1872 06 08 0940 138.950 -33.950   7.0 3.72 MW ML2MW
1953 09 23 0630 137.000 -34.000   7.0 4.17 MW ML2MW
1876 03 19 1530 139.083 -34.517   7.0 3.46 MW ML2MW
1879 11 30 0030 138.550 -33.817   7.0 3.78 MW ML2MW
1959 11 02 0117 135.980 -33.360  10.0 4.44 MW ML2MW
1880 01 25 1130 138.367 -33.617   9.0 3.20 MW ML2MW
1877 08 21 1630 138.767 -35.017   7.0 2.81 MW ML2MW
1880 04 28 0930 139.250 -35.333   7.0 3.72 MW ML2MW
1882 03 18 1630 138.900 -35.267   7.0 3.01 MW ML2MW
1882 09 18 0730 138.630 -34.517   7.0 3.07 MW ML2MW
1886 06 01 0545 138.717 -35.117   7.0 3.33 MW ML2MW
1886 07 11 0645 138.617 -33.500  11.0 3.53 MW ML2MW
1886 09 28 1845 138.900 -34.250  10.0 3.98 MW ML2MW
1884 09 15 1341 138.833 -32.983   6.0 2.88 MW ML2MW
1887 04 16 1310 139.000 -33.500  10.0 3.91 MW ML2MW
1887 08 07 0410 138.450 -32.533   8.0 3.65 MW ML2MW
1889 03 11 1250 137.750 -34.100   8.0 3.72 MW ML2MW
1890 07 23 2130 138.700 -32.850   8.0 3.78 MW ML2MW
1891 08 29 0916 138.367 -31.917  10.0 3.91 MW ML2MW
1893 08 13 0210 138.970 -34.380  10.0 3.40 MW ML2MW
1894 08 07 1258 138.917 -34.167   7.0 3.20 MW ML2MW
1896 08 22 0256 138.917 -33.750   0.0 3.85 MW ML2MW
1898 01 28 0820 139.033 -34.417   8.0 3.40 MW ML2MW
1902 05 13 1850 138.880 -34.150   0.0 3.33 MW ML2MW
1902 06 05 2235 138.350 -33.166   0.0 3.07 MW ML2MW
1902 09 18 2100 138.500 -33.500  10.0 3.91 MW ML2MW
1903 04 07 0101 138.450 -33.100  10.0 3.59 MW ML2MW
1903 08 14 2110 138.500 -33.917   0.0 3.72 MW ML2MW
1904 09 21 1345 138.500 -31.800   0.0 3.65 MW ML2MW
1912 08 16 0405 138.433 -33.067  10.0 3.40 MW ML2MW
1913 12 06 2205 138.867 -33.150   7.0 3.59 MW ML2MW
1914 05 28 1321 138.700 -34.900   0.0 3.59 MW ML2MW
1914 08 06 0718 138.467 -33.133   7.0 3.78 MW ML2MW
1915 03 30 2255 138.200 -33.700   7.0 3.91 MW ML2MW
1916 10 23 1430 137.250 -35.583   6.0 3.85 MW ML2MW
1932 05 20 1118 139.083 -33.600  10.0 3.40 MW ML2MW
1936 05 17 1310 138.767 -35.017   7.0 3.59 MW ML2MW
1941 06 20 2030 138.717 -35.100   7.0 3.27 MW ML2MW
1932 06 16 1530 139.050 -34.083  10.0 2.88 MW ML2MW
1934 08 04 1145 137.633 -33.933   7.0 2.88 MW ML2MW
1935 05 21 0425 138.883 -34.667   7.0 2.81 MW ML2MW
1959 05 21 1128 139.000 -31.400  10.0 3.91 MW ML2MW
1959 09 09 0417 138.200 -32.700  10.0 3.85 MW ML2MW
1960 08 18 1504 136.150 -33.800   0.0 3.78 MW ML2MW
1960 08 30 2123 136.000 -34.000   0.0 3.78 MW ML2MW
1960 08 31 0214 135.870 -34.211   0.0 3.86 MW ML2MW
1960 11 12 2303 135.500 -34.600  10.0 3.83 MW ML2MW
1961 06 10 1558 135.000 -34.500   0.0 3.63 MW ML2MW
1959 03 02 1222 138.730 -34.980   4.0 2.75 MW ML2MW
1962 03 03 2204 136.000 -33.000   0.0 3.73 MW ML2MW
1962 07 07 0430 138.600 -31.300   0.0 3.38 MW ML2MW
1962 07 18 1348 138.150 -33.700   0.0 3.03 MW ML2MW
1962 09 06 1448 139.000 -34.500   0.0 3.33 MW ML2MW
1962 09 26 0550 138.330 -35.000   7.0 3.46 MW ML2MW
1963 03 29 2156 138.500 -31.100   0.0 3.88 MW ML2MW
1963 06 18 0240 138.600 -32.600   0.0 3.05 MW ML2MW
1963 09 02 0944 137.900 -32.350   0.0 2.97 MW ML2MW
1963 12 03 0459 138.420 -31.880  21.0 3.38 MW ML2MW
1964 01 20 1258 138.730 -31.333  21.3 3.17 MW ML2MW
1964 05 23 1633 136.705 -36.759   0.0 3.02 MW ML2MW
1964 07 12 0039 134.659 -34.102   8.6 3.60 MW ML2MW
1965 01 17 0248 135.655 -27.968   0.0 3.63 MW ML2MW
1965 02 24 1636 138.954 -33.951  23.2 2.91 MW ML2MW
1963 04 08 0903 138.100 -32.400   0.0 2.79 MW ML2MW
1965 03 01 1339 138.105 -30.347   0.0 3.54 MW ML2MW
1965 03 07 0156 138.669 -30.861   9.9 3.16 MW ML2MW
1964 03 06 0048 138.856 -34.152  16.0 2.83 MW ML2MW
1965 06 05 2113 138.584 -33.219  17.3 3.02 MW ML2MW
1965 08 28 0026 138.297 -32.225  16.1 3.90 MW ML2MW
1965 11 22 2215 134.332 -33.827   8.2 3.45 MW ML2MW
1964 10 21 2348 137.254 -36.503  15.0 2.74 MW ML2MW
1965 12 11 1943 138.098 -32.912   3.1 3.17 MW ML2MW
1965 01 06 0951 138.501 -33.350  13.6 2.85 MW ML2MW
1966 07 15 2348 137.808 -35.552  11.8 3.01 MW ML2MW
1966 10 17 0027 135.995 -34.415  23.8 3.63 MW ML2MW
1966 11 23 2048 139.303 -34.347  13.4 3.99 MW ML2MW
1966 12 07 0249 138.913 -33.339  18.6 3.39 MW ML2MW
1967 01 31 1307 137.849 -33.520   2.5 3.25 MW ML2MW
1967 04 04 1803 139.094 -35.049   8.6 2.98 MW ML2MW
1967 04 15 0035 138.857 -33.737  15.0 3.33 MW ML2MW
1967 05 04 2334 137.987 -32.557  13.6 3.64 MW ML2MW
1967 06 13 1755 139.100 -33.680  10.2 2.95 MW ML2MW
1967 08 16 2141 138.188 -32.794   0.0 2.98 MW ML2MW
1967 10 02 1947 137.982 -32.519  19.1 3.18 MW ML2MW
1965 12 11 0926 138.300 -30.430   1.0 2.86 MW ML2MW
1967 12 26 2100 135.647 -34.523   0.0 3.04 MW ML2MW
1968 02 28 1501 139.657 -32.063  12.3 2.90 MW ML2MW
1968 03 20 2353 138.329 -32.589   5.2 3.36 MW ML2MW
1968 04 10 1825 138.813 -32.531   0.0 3.04 MW ML2MW
1966 11 19 1819 138.178 -32.711  21.7 2.81 MW ML2MW
1968 04 29 0508 138.998 -32.817  21.3 2.90 MW ML2MW
1968 05 05 0937 139.480 -31.699  12.5 2.90 MW ML2MW
1968 08 01 1346 139.071 -31.244   1.8 3.51 MW ML2MW
1968 08 24 1324 137.951 -31.856   6.4 3.17 MW ML2MW
1968 12 07 0158 138.912 -31.159   0.0 3.38 MW ML2MW
1967 03 02 0813 138.110 -32.702  18.2 2.90 MW ML2MW
1968 12 12 1232 137.874 -31.639   0.0 2.97 MW ML2MW
1969 01 08 2223 138.925 -33.805   0.7 3.11 MW ML2MW
1969 01 19 1809 138.492 -33.051   7.5 2.97 MW ML2MW
1969 01 29 1503 139.115 -31.797  20.3 3.90 MW ML2MW
1969 01 31 0946 138.040 -32.551   2.1 3.36 MW ML2MW
1969 03 04 0419 138.962 -30.728   2.0 3.25 MW ML2MW
1967 11 17 1333 136.699 -33.349  20.0 2.72 MW ML2MW
1969 03 13 0754 138.466 -32.102   0.0 3.11 MW ML2MW
1969 05 17 1159 138.088 -32.332   0.0 2.97 MW ML2MW
1969 06 01 1734 137.439 -29.618   0.0 3.11 MW ML2MW
1969 07 03 2140 138.556 -30.900   0.0 2.97 MW ML2MW
1969 07 29 1407 136.031 -34.364  11.6 2.99 MW ML2MW
1969 09 07 0706 138.583 -33.192   9.7 3.11 MW ML2MW
1968 04 25 2340 138.814 -33.422   3.3 2.84 MW ML2MW
1969 10 09 0845 139.608 -31.757  10.0 3.58 MW ML2MW
1969 10 19 0147 136.580 -33.644   0.0 2.91 MW ML2MW
1968 08 08 1232 138.234 -33.197   3.1 2.84 MW ML2MW
1968 12 30 1641 139.605 -31.950   0.7 2.84 MW ML2MW
1969 04 17 0600 135.649 -34.040   0.0 2.78 MW ML2MW
1969 07 21 1135 139.183 -34.986   0.0 2.77 MW ML2MW
1969 08 10 1010 138.489 -32.517   0.0 2.77 MW ML2MW
1969 09 04 2102 138.199 -32.721   8.8 2.84 MW ML2MW
1969 09 06 1022 135.894 -34.033   0.0 2.58 MW ML2MW
1969 09 26 2151 138.190 -32.792  32.0 2.84 MW ML2MW
1969 11 07 1733 139.198 -34.496   0.0 2.77 MW ML2MW
1969 11 28 0337 139.353 -31.720   0.0 2.77 MW ML2MW
1969 11 30 0902 139.347 -32.765   2.3 2.77 MW ML2MW
1970 03 26 0429 138.298 -33.415   8.9 2.84 MW ML2MW
1970 04 21 1643 139.088 -33.788   7.2 2.77 MW ML2MW
1970 07 10 0334 139.345 -31.760   1.3 2.84 MW ML2MW
1970 07 11 0320 138.798 -33.678   4.0 2.77 MW ML2MW
1970 07 21 1931 138.618 -30.896   5.9 2.77 MW ML2MW
1970 10 09 2231 138.368 -32.689   0.0 2.84 MW ML2MW
1970 10 13 1249 138.576 -30.709   4.5 2.77 MW ML2MW
1970 11 10 1047 139.197 -33.410   7.1 2.77 MW ML2MW
1970 11 12 0157 138.686 -31.683   0.0 2.84 MW ML2MW
1970 11 19 1112 138.606 -31.146   0.0 2.77 MW ML2MW
1970 12 09 0936 138.736 -33.730   0.0 2.84 MW ML2MW
1971 01 04 1731 139.138 -34.231   8.3 2.84 MW ML2MW
1971 03 08 0106 138.148 -33.468   4.0 2.77 MW ML2MW
1971 03 10 1215 138.075 -32.135   5.0 2.77 MW ML2MW
1971 07 26 2046 136.033 -34.643  10.8 2.75 MW ML2MW
1971 09 10 2346 136.727 -33.545   6.3 2.85 MW ML2MW
1971 12 29 0146 138.816 -31.607   4.7 2.84 MW ML2MW
1972 02 20 1425 136.009 -34.200   5.1 2.62 MW ML2MW
1972 04 02 1716 138.597 -31.107   8.6 2.84 MW ML2MW
1972 04 07 0856 138.813 -32.010   3.5 2.77 MW ML2MW
1972 09 06 1051 136.499 -33.720   8.9 2.83 MW ML2MW
1973 01 14 1224 139.092 -32.292   7.5 2.77 MW ML2MW
1973 02 01 0023 135.761 -34.004   5.3 2.53 MW ML2MW
1973 02 20 2236 138.961 -32.938   7.2 2.77 MW ML2MW
1973 02 21 0048 135.954 -34.166   0.0 2.70 MW ML2MW
1973 04 07 1853 137.581 -35.620   5.7 2.84 MW ML2MW
1973 04 13 1411 138.425 -31.644  13.6 2.77 MW ML2MW
1973 04 13 2329 138.383 -31.386  11.1 2.77 MW ML2MW
1973 06 23 1513 138.718 -33.177  14.0 2.84 MW ML2MW
1973 07 30 0956 138.433 -30.471  28.3 2.77 MW ML2MW
1973 08 09 0328 138.469 -33.448   0.0 2.77 MW ML2MW
1973 09 13 1929 138.343 -30.404   3.9 2.77 MW ML2MW
1973 09 15 1951 137.720 -29.559   3.5 2.84 MW ML2MW
1973 10 16 1218 138.388 -33.335   9.3 2.77 MW ML2MW
1973 10 18 0145 139.492 -33.917  13.9 2.84 MW ML2MW
1973 12 16 0851 139.239 -32.110   6.5 2.84 MW ML2MW
1974 01 14 0440 138.256 -32.833  20.0 2.84 MW ML2MW
1974 04 01 1047 136.480 -28.886   8.9 2.84 MW ML2MW
1974 08 17 0650 138.646 -33.165  11.5 2.77 MW ML2MW
1974 12 25 0136 138.359 -32.477  15.9 2.77 MW ML2MW
1975 03 16 2253 138.944 -32.133   8.0 2.77 MW ML2MW
1975 08 11 2323 139.524 -33.694   7.0 2.77 MW ML2MW
1976 05 01 2201 137.654 -29.432  11.2 2.77 MW ML2MW
1976 10 28 1820 136.387 -33.491   7.4 2.71 MW ML2MW
1976 12 13 1655 138.103 -32.211  10.3 2.84 MW ML2MW
1976 12 21 0446 138.281 -32.844  11.8 2.77 MW ML2MW
1977 02 22 0058 138.861 -32.222  18.3 2.77 MW ML2MW
1977 05 16 1823 138.759 -32.124   9.3 2.77 MW ML2MW
1977 06 09 1817 139.256 -32.322   4.0 2.84 MW ML2MW
1977 11 18 1630 138.391 -33.090  13.4 2.84 MW ML2MW
1978 02 11 0213 138.216 -33.257  10.5 2.77 MW ML2MW
1978 03 06 0613 138.188 -32.864   9.4 2.77 MW ML2MW
1978 05 09 1852 138.432 -31.951  13.6 2.77 MW ML2MW
1978 05 30 1345 138.248 -33.273   4.0 2.77 MW ML2MW
1978 06 20 1940 138.613 -31.683  24.3 2.77 MW ML2MW
1978 07 17 0615 136.778 -33.377  26.4 2.81 MW ML2MW
1978 10 15 0716 138.289 -32.931  17.8 2.77 MW ML2MW
1979 01 10 1501 138.512 -33.093  10.8 2.84 MW ML2MW
1979 01 29 1957 135.573 -34.424   7.3 2.76 MW ML2MW
1979 04 06 0128 138.294 -32.334   8.0 2.77 MW ML2MW
1979 06 22 1621 137.143 -29.231   1.5 2.84 MW ML2MW
1979 07 14 2111 139.426 -33.057   5.5 2.77 MW ML2MW
1979 09 01 0142 138.158 -35.678  16.4 2.77 MW ML2MW
1979 09 22 0537 138.673 -31.412  16.9 2.77 MW ML2MW
1979 10 08 0828 139.208 -33.212   0.6 2.77 MW ML2MW
1980 01 18 2029 138.538 -33.437  16.7 2.84 MW ML2MW
1980 02 08 1705 138.149 -33.000   4.9 2.77 MW ML2MW
1980 03 05 0751 138.974 -34.018  13.4 2.77 MW ML2MW
1980 03 22 0506 138.717 -31.615  20.4 2.77 MW ML2MW
1980 04 13 1810 139.308 -29.208  21.5 2.76 MW ML2MW
1980 05 12 0011 137.545 -29.208  10.2 2.84 MW ML2MW
1980 05 13 0149 139.137 -30.761  34.7 2.84 MW ML2MW
1980 06 06 1108 138.650 -31.796   6.7 2.77 MW ML2MW
1980 06 27 1018 138.730 -35.490  21.0 2.77 MW ML2MW
1980 10 02 0651 138.267 -32.317  19.8 2.84 MW ML2MW
1980 11 12 0747 138.705 -33.171   0.0 2.84 MW ML2MW
1980 12 20 1753 138.129 -30.073   1.5 2.84 MW ML2MW
1980 12 28 0821 138.473 -33.400  17.1 2.77 MW ML2MW
1981 02 19 0348 136.812 -28.992  17.4 2.77 MW ML2MW
1981 04 15 0753 139.317 -30.821  10.8 2.84 MW ML2MW
1981 04 28 1209 136.543 -33.764   0.0 2.81 MW ML2MW
1981 06 27 2233 137.767 -29.747   4.4 2.84 MW ML2MW
1981 07 05 1527 136.766 -35.345  15.2 2.84 MW ML2MW
1981 08 19 0729 138.291 -33.021  19.4 2.77 MW ML2MW
1981 10 01 1717 138.703 -30.196   0.0 2.84 MW ML2MW
1981 10 12 2158 136.974 -28.960   6.3 2.77 MW ML2MW
1982 01 13 0657 138.972 -32.331   3.1 2.84 MW ML2MW
1982 01 18 0316 138.772 -32.143  13.1 2.77 MW ML2MW
1982 04 09 2033 138.275 -30.509   7.0 2.84 MW ML2MW
1982 06 05 0436 136.697 -33.396  23.6 2.84 MW ML2MW
1982 08 05 1526 138.644 -31.435  16.9 2.77 MW ML2MW
1982 08 09 0231 138.359 -33.131  23.1 2.84 MW ML2MW
1983 02 08 0716 138.356 -30.702  24.9 2.77 MW ML2MW
1983 02 08 1538 137.960 -32.501   7.5 2.84 MW ML2MW
1983 03 11 1930 138.433 -30.624  11.0 2.77 MW ML2MW
1983 08 22 1724 138.432 -31.984   5.0 2.77 MW ML2MW
1983 09 18 2026 138.408 -32.017   7.2 2.84 MW ML2MW
1983 10 03 0754 139.512 -34.114  24.1 2.84 MW ML2MW
1983 11 07 1429 135.773 -34.031   0.0 2.73 MW ML2MW
1983 11 13 0001 136.971 -33.454   3.7 2.86 MW ML2MW
1984 02 01 1417 138.277 -32.859  18.5 2.77 MW ML2MW
1984 04 02 0506 138.763 -32.313   2.5 2.77 MW ML2MW
1984 05 28 2145 135.821 -28.168   0.0 2.77 MW ML2MW
1984 07 26 0339 138.546 -31.929  19.6 2.84 MW ML2MW
1984 09 22 0052 139.250 -30.153   1.1 2.84 MW ML2MW
1984 09 28 1408 136.627 -33.575   7.9 2.88 MW ML2MW
1984 10 06 1158 137.917 -29.974   6.3 2.84 MW ML2MW
1985 02 27 0149 134.516 -33.394   0.0 2.81 MW ML2MW
1985 04 16 2215 138.112 -31.370   8.3 2.84 MW ML2MW
1985 06 02 1656 136.946 -33.012  17.0 2.84 MW ML2MW
1985 06 12 0734 137.778 -32.680   0.0 2.77 MW ML2MW
1985 08 11 2303 137.779 -32.758   1.5 2.84 MW ML2MW
1985 09 24 2322 138.536 -32.729  18.1 2.77 MW ML2MW
1985 10 19 1316 138.627 -31.372   4.0 2.77 MW ML2MW
1985 12 21 0209 138.459 -32.291  20.5 2.77 MW ML2MW
1986 01 09 0319 137.732 -30.012  25.4 2.84 MW ML2MW
1986 01 19 0537 138.804 -31.939   3.1 2.77 MW ML2MW
1986 02 17 0426 135.628 -28.682  34.4 2.77 MW ML2MW
1986 07 18 0429 137.190 -29.846   3.6 2.84 MW ML2MW
1986 07 23 1228 136.380 -33.572   9.9 2.74 MW ML2MW
1986 08 25 1719 138.116 -32.462  11.1 2.84 MW ML2MW
1986 08 26 1953 139.413 -33.840   9.3 2.84 MW ML2MW
1986 09 09 1752 138.545 -30.357   3.2 2.84 MW ML2MW
1986 09 27 0403 138.618 -30.127  28.7 2.77 MW ML2MW
1987 01 01 1209 137.562 -27.777   0.0 2.72 MW ML2MW
1987 01 18 1710 138.308 -33.154  20.3 2.77 MW ML2MW
1987 01 26 2252 138.381 -32.509  14.5 2.77 MW ML2MW
1987 02 10 1528 135.905 -27.657  20.2 2.77 MW ML2MW
1987 05 04 0602 138.226 -32.981  11.1 2.77 MW ML2MW
1987 07 20 1302 135.682 -34.090   0.2 2.78 MW ML2MW
1987 08 18 0519 138.469 -33.399  18.8 2.77 MW ML2MW
1987 08 21 0658 138.692 -32.343  12.4 2.77 MW ML2MW
1987 09 18 1741 137.184 -35.603  38.0 2.77 MW ML2MW
1987 10 10 1951 138.347 -32.309  15.3 2.77 MW ML2MW
1987 11 30 1954 138.982 -31.219  24.8 2.84 MW ML2MW
1988 01 06 0853 138.199 -32.830  18.9 2.77 MW ML2MW
1988 03 19 1526 138.601 -31.423   8.9 2.77 MW ML2MW
1988 06 10 0639 137.190 -35.360  11.4 2.84 MW ML2MW
1988 06 23 1218 138.521 -30.792   9.6 2.84 MW ML2MW
1988 09 01 0040 138.296 -33.273   5.9 2.77 MW ML2MW
1988 09 23 1753 138.829 -33.116   3.2 2.77 MW ML2MW
1989 03 03 1210 137.972 -29.540  23.0 2.84 MW ML2MW
1989 03 04 1013 136.500 -33.904   2.0 2.74 MW ML2MW
1989 04 08 0418 138.575 -32.818   0.0 2.77 MW ML2MW
1989 04 09 0400 136.430 -33.940   1.0 2.82 MW ML2MW
1989 05 03 0432 138.398 -32.720  20.8 2.84 MW ML2MW
1989 05 16 0231 137.976 -32.286   6.6 2.77 MW ML2MW
1989 06 12 0345 138.189 -32.070  13.0 2.77 MW ML2MW
1989 06 19 1814 138.196 -29.861  16.0 2.84 MW ML2MW
1989 09 21 0615 138.651 -33.846   5.4 2.77 MW ML2MW
1989 09 29 2203 138.757 -31.915  13.4 2.77 MW ML2MW
1989 12 11 1617 135.304 -34.949   8.8 2.72 MW ML2MW
1990 03 29 1408 136.011 -34.150   1.5 2.78 MW ML2MW
1990 03 31 2018 138.927 -32.223   2.0 2.84 MW ML2MW
1990 04 10 0627 138.130 -29.300   9.3 2.84 MW ML2MW
1990 06 02 0549 138.055 -34.600  10.9 2.84 MW ML2MW
1990 08 21 1049 138.691 -32.016   6.1 2.84 MW ML2MW
1990 08 23 0740 138.276 -31.892   1.8 2.84 MW ML2MW
1990 10 05 2211 135.927 -33.394   7.2 2.86 MW ML2MW
1990 10 20 0033 137.984 -32.399   7.3 2.77 MW ML2MW
1990 11 18 1642 138.208 -30.522  18.0 2.84 MW ML2MW
1991 01 13 0303 138.984 -32.063   8.0 2.77 MW ML2MW
1991 02 12 1818 137.687 -34.511   8.6 2.84 MW ML2MW
1991 02 18 0306 138.346 -31.867  12.7 2.77 MW ML2MW
1991 05 16 1443 139.005 -32.342  10.0 2.84 MW ML2MW
1991 05 22 1430 135.735 -33.460   6.3 2.79 MW ML2MW
1991 05 26 2014 135.700 -28.116  10.0 2.84 MW ML2MW
1991 10 08 1515 138.867 -32.210  12.6 2.77 MW ML2MW
1991 10 26 1326 138.228 -33.999   7.0 2.77 MW ML2MW
1991 12 26 0006 138.824 -31.360   6.4 2.84 MW ML2MW
1992 01 23 0733 138.358 -31.566   4.2 2.84 MW ML2MW
1992 01 30 1510 138.326 -31.405   6.8 2.77 MW ML2MW
1992 02 25 2006 138.115 -33.333   4.5 2.77 MW ML2MW
1992 03 24 1555 138.439 -33.419   2.0 2.77 MW ML2MW
1992 03 24 1930 138.344 -32.520   4.2 2.77 MW ML2MW
1992 04 27 1813 138.524 -28.669  10.0 2.71 MW ML2MW
1992 05 11 1327 136.700 -33.650   5.0 2.73 MW ML2MW
1992 06 18 1900 136.829 -34.818   2.2 2.80 MW ML2MW
1992 09 01 1104 138.659 -31.758  10.2 2.84 MW ML2MW
1992 10 28 0512 136.807 -33.577   5.4 2.81 MW ML2MW
1992 12 12 1818 139.184 -33.736  16.6 2.77 MW ML2MW
1993 01 18 2305 138.943 -33.095  12.9 2.77 MW ML2MW
1993 03 19 1315 138.649 -31.386  12.5 2.84 MW ML2MW
1993 04 05 2142 138.915 -33.070   9.3 2.77 MW ML2MW
1993 05 21 0354 139.001 -33.761  11.6 2.77 MW ML2MW
1993 08 03 0237 139.293 -34.615  16.6 2.84 MW ML2MW
1993 09 19 2327 138.795 -32.080   9.4 2.77 MW ML2MW
1993 11 07 1920 137.726 -29.710   9.9 2.84 MW ML2MW
1994 02 10 0142 136.909 -36.512  15.5 2.75 MW ML2MW
1994 06 21 0042 138.314 -30.410  17.4 2.77 MW ML2MW
1994 09 12 2123 138.969 -33.032   5.0 2.84 MW ML2MW
1994 09 28 2146 139.478 -34.201   9.2 2.77 MW ML2MW
1994 11 06 2330 138.097 -32.248  15.4 2.84 MW ML2MW
1995 04 26 0740 138.475 -33.433   6.1 2.84 MW ML2MW
1995 05 17 1746 138.705 -32.116  15.4 2.77 MW ML2MW
1995 05 20 2352 138.631 -31.591   9.5 2.84 MW ML2MW
1995 07 14 1948 137.020 -36.319   5.5 2.84 MW ML2MW
1995 08 16 1821 138.328 -32.797   9.4 2.84 MW ML2MW
1995 10 10 0414 138.510 -32.601   5.0 2.84 MW ML2MW
1995 11 05 0734 137.000 -29.880   9.3 2.86 MW ML2MW
1995 12 09 0711 136.723 -29.079  12.6 2.77 MW ML2MW
1995 12 24 1712 138.444 -35.205  19.4 2.84 MW ML2MW
1996 03 15 1859 138.666 -31.350  17.0 2.77 MW ML2MW
1996 04 04 0459 138.908 -33.705  11.5 2.77 MW ML2MW
1996 04 25 2344 138.969 -31.628  13.6 2.84 MW ML2MW
1996 05 16 0221 138.643 -31.377  14.4 2.77 MW ML2MW
1996 06 27 0133 138.711 -32.116  10.4 2.77 MW ML2MW
1996 08 08 0912 136.374 -28.520   8.7 2.77 MW ML2MW
1996 08 10 1414 138.425 -31.488  12.2 2.77 MW ML2MW
1996 12 03 1734 137.973 -29.396   8.1 2.84 MW ML2MW
1997 02 21 0623 136.343 -33.521   7.9 2.80 MW ML2MW
1997 05 11 0934 136.015 -28.353  10.0 2.77 MW ML2MW
1997 08 17 0452 139.483 -34.628  22.4 2.77 MW ML2MW
1997 09 08 1528 138.544 -32.906  10.3 2.84 MW ML2MW
1997 09 11 0911 138.643 -31.698  22.2 2.77 MW ML2MW
1998 01 28 1554 138.601 -33.558  11.7 2.84 MW ML2MW
1998 09 10 2028 138.788 -33.090   3.7 2.84 MW ML2MW
1998 10 16 1709 137.903 -30.234   4.4 2.84 MW ML2MW
1998 11 14 1747 139.316 -31.213  12.7 2.84 MW ML2MW
1999 04 04 0126 138.657 -31.619   9.5 2.84 MW ML2MW
2000 01 09 2135 138.594 -31.142   7.7 2.84 MW ML2MW
2000 02 23 0525 136.478 -33.764   8.2 2.81 MW ML2MW
2000 07 24 0337 139.320 -29.445  16.2 2.89 MW ML2MW
2001 03 12 0716 135.708 -34.032   9.1 2.88 MW ML2MW
2001 04 11 1733 139.102 -35.223  11.2 2.84 MW ML2MW
2001 11 10 0207 138.432 -33.469  10.9 2.84 MW ML2MW
2001 12 12 0043 138.912 -28.714  10.0 2.86 MW ML2MW
2002 03 06 1303 134.192 -33.602   9.6 2.85 MW ML2MW
2002 05 10 2049 134.794 -33.953   2.0 2.80 MW ML2MW
2002 08 19 1928 135.819 -27.469  16.8 2.84 MW ML2MW
2002 11 08 1346 136.167 -34.037   5.3 2.80 MW ML2MW
2003 01 11 0621 138.303 -33.341   6.7 2.84 MW ML2MW
2003 06 15 1034 138.360 -31.802  12.5 2.84 MW ML2MW
2003 10 05 2025 138.727 -31.328  19.6 2.84 MW ML2MW
2003 11 11 1919 138.614 -33.241  10.0 2.84 MW ML2MW
2004 06 11 0941 138.473 -32.665  55.0 2.84 MW ML2MW
2004 07 14 0406 139.207 -34.127  14.0 2.84 MW ML2MW
2004 07 25 0224 138.150 -30.398   4.8 2.84 MW ML2MW
2004 08 02 0825 138.594 -33.528  16.0 2.84 MW ML2MW
2004 10 13 0037 139.174 -33.670  13.9 2.84 MW ML2MW
2004 10 16 1556 138.541 -31.015   8.0 2.84 MW ML2MW
2005 01 06 2031 136.947 -33.427  15.4 2.88 MW ML2MW
2005 03 29 1246 137.759 -35.452  10.1 2.84 MW ML2MW
2005 05 02 1942 138.883 -31.443  14.3 2.84 MW ML2MW
2005 05 28 0154 137.686 -35.076  13.3 2.84 MW ML2MW
2006 02 10 2144 135.643 -34.164   8.1 2.88 MW ML2MW
2006 04 12 0316 138.870 -33.509   4.6 2.84 MW ML2MW
2006 05 21 2127 136.617 -33.610  16.0 2.88 MW ML2MW
2006 07 25 1015 136.194 -34.584  13.5 2.87 MW ML2MW
2006 08 26 1201 139.144 -33.968   7.8 2.84 MW ML2MW
2006 10 31 0359 138.564 -31.248  13.1 2.84 MW ML2MW
2007 01 17 0820 138.209 -32.743   6.6 2.84 MW ML2MW
2007 07 06 1847 138.472 -35.297  10.8 2.84 MW ML2MW
2007 09 17 1959 138.659 -32.261   3.2 2.84 MW ML2MW
2007 09 19 1817 137.583 -35.748   7.9 2.84 MW ML2MW
2007 09 19 2044 138.269 -30.264  13.9 2.84 MW ML2MW
2007 11 29 0705 136.278 -33.545   4.7 2.81 MW ML2MW
2008 02 16 2005 138.531 -33.421  11.3 2.84 MW ML2MW
2008 03 07 0132 138.469 -33.340  14.6 2.84 MW ML2MW
2008 08 08 1250 137.381 -35.551  13.7 2.84 MW ML2MW
2008 08 15 0030 138.124 -32.956   9.7 2.84 MW ML2MW
2008 08 30 0510 137.898 -30.097  10.3 2.84 MW ML2MW
2008 10 07 0838 138.316 -33.049  10.5 2.84 MW ML2MW
2009 01 17 0231 138.321 -32.872  16.2 2.84 MW ML2MW
2009 07 10 1220 138.720 -31.652  22.2 2.84 MW ML2MW
2009 08 25 0947 138.174 -32.741  10.3 2.84 MW ML2MW
2010 05 10 1132 135.950 -34.073   4.8 2.68 MW ML2MW
2010 05 27 1108 139.476 -33.992  15.0 2.88 MW ML2MW
2010 07 26 2057 138.851 -31.885  11.4 2.76 MW ML2MW
2010 09 19 2211 138.817 -31.884   4.1 2.85 MW ML2MW
2010 11 13 1936 138.753 -31.429  12.3 2.89 MW ML2MW
2011 02 13 1448 138.699 -33.202   8.2 2.84 MW ML2MW
2011 02 14 0108 138.306 -33.539  12.2 2.68 MW ML2MW
2011 02 19 0715 138.712 -31.779  21.4 2.37 MW ML2MW
2011 03 02 2302 135.988 -34.032   6.9 2.60 MW ML2MW
2011 03 27 1130 138.511 -33.175  13.3 2.84 MW ML2MW
2011 04 02 0327 139.183 -31.819   9.8 2.71 MW ML2MW
2011 04 22 1518 139.328 -33.191   4.6 2.83 MW ML2MW
2011 07 12 0820 136.188 -28.224   0.0 2.84 MW ML2MW
2011 07 19 0553 138.600 -31.295  21.2 2.89 MW ML2MW
2011 08 28 0829 138.305 -32.839  13.3 2.75 MW ML2MW
2011 09 03 1316 138.547 -30.776  16.0 2.81 MW ML2MW
2011 09 05 2318 139.579 -32.161   4.5 2.89 MW ML2MW
2011 09 18 1913 138.193 -32.328  14.0 2.88 MW ML2MW
2011 09 26 1624 139.171 -28.973  27.4 2.80 MW ML2MW
2011 10 16 0539 138.591 -31.617  20.2 2.79 MW ML2MW
2011 11 02 0241 136.730 -33.581   7.4 2.63 MW ML2MW
2011 11 03 0615 136.292 -36.384   7.7 2.84 MW ML2MW
2011 11 25 0928 138.022 -32.671  11.8 2.61 MW ML2MW
2011 12 05 1448 139.285 -33.168   7.9 2.60 MW ML2MW
2011 12 12 0303 138.726 -33.250   7.3 2.90 MW ML2MW
2011 12 16 1040 138.136 -35.563  17.1 2.71 MW ML2MW
2011 12 17 0324 138.458 -32.931  14.7 2.90 MW ML2MW
2012 01 04 1955 138.765 -32.178  13.0 2.81 MW ML2MW
2012 01 09 1853 139.267 -30.402  20.8 2.87 MW ML2MW
2012 01 15 2033 137.547 -29.784   0.0 2.43 MW ML2MW
2012 01 27 1918 139.371 -34.116  19.5 2.57 MW ML2MW
2012 02 05 0152 139.574 -33.409  13.5 2.73 MW ML2MW
2012 02 18 1424 138.417 -29.546  18.8 2.85 MW ML2MW
2012 02 26 1425 136.011 -34.045   5.2 2.64 MW ML2MW
2012 03 23 1624 138.722 -33.389   9.4 2.77 MW ML2MW
2012 04 26 1457 139.008 -31.552  16.5 2.82 MW ML2MW
2012 06 26 1340 138.564 -31.693  20.7 2.69 MW ML2MW
2012 06 26 2007 136.980 -33.296  14.8 2.81 MW ML2MW
2012 07 01 1617 138.768 -31.700  13.6 2.63 MW ML2MW
2012 07 10 0539 137.734 -31.774  30.1 2.64 MW ML2MW
2012 07 16 1711 137.944 -35.624  24.5 2.68 MW ML2MW
2012 07 27 2100 137.541 -35.392  18.7 2.62 MW ML2MW
2012 08 07 1742 137.539 -35.386  15.2 2.68 MW ML2MW
2012 08 31 0059 136.313 -33.935   0.4 2.44 MW ML2MW
2012 08 31 1221 138.449 -32.578   5.3 2.72 MW ML2MW
2012 09 20 1241 136.372 -33.606   7.7 2.62 MW ML2MW
2012 09 24 0304 137.842 -35.638  25.2 2.52 MW ML2MW
2012 11 16 0316 138.448 -33.388  10.5 2.67 MW ML2MW
2012 11 19 2346 136.787 -33.573  10.6 2.90 MW ML2MW
2012 11 23 1704 137.813 -28.543  33.2 2.71 MW ML2MW
2012 12 20 2330 138.727 -32.040  11.1 2.78 MW ML2MW
2012 12 25 0245 138.702 -32.532   2.2 2.63 MW ML2MW
2013 01 22 1422 138.749 -33.245   5.4 2.67 MW ML2MW
2013 03 30 0055 137.533 -35.395  11.3 2.72 MW ML2MW
2013 05 06 0355 139.183 -34.435  17.0 2.80 MW ML2MW
2013 06 20 0354 136.816 -29.169  33.0 2.84 MW ML2MW
2013 06 27 1221 138.278 -33.464  18.5 2.72 MW ML2MW
2013 07 02 1110 138.135 -30.321  30.9 2.70 MW ML2MW
2013 09 26 0510 137.867 -29.821  13.4 2.75 MW ML2MW
2013 10 11 1138 137.161 -29.296  17.8 2.80 MW ML2MW
2013 10 22 2229 138.523 -33.571  15.8 2.89 MW ML2MW
2013 11 12 0858 138.629 -31.406  17.9 2.84 MW ML2MW
2013 12 02 2114 139.135 -31.656  14.5 2.75 MW ML2MW
2014 01 01 0832 138.813 -31.914  10.0 2.66 MW ML2MW
2014 01 05 2155 138.611 -34.988   9.7 2.71 MW ML2MW
2014 01 30 1802 136.749 -29.218   6.6 2.78 MW ML2MW
2014 03 05 0332 136.465 -33.813   3.6 2.74 MW ML2MW
2014 03 24 0850 138.231 -32.060  14.9 2.86 MW ML2MW
2014 04 29 0723 138.150 -31.390  14.7 2.75 MW ML2MW
2014 05 01 1029 135.891 -34.989  10.9 2.74 MW ML2MW
2014 05 22 1544 138.673 -32.020  16.9 2.75 MW ML2MW
2014 06 21 1051 138.310 -32.979  13.1 2.81 MW ML2MW
2014 07 07 0756 137.461 -36.076  10.0 2.73 MW ML2MW
2014 08 01 0637 139.490 -33.090   7.9 2.75 MW ML2MW
2014 09 13 0852 139.103 -33.766  15.1 2.75 MW ML2MW
2014 09 15 0639 138.510 -32.038  25.5 2.71 MW ML2MW
2014 09 18 1207 138.242 -32.884  16.6 2.80 MW ML2MW
2014 09 20 1352 136.668 -33.249  11.1 2.79 MW ML2MW
2014 12 08 1321 136.439 -33.800   7.4 2.54 MW ML2MW
2015 01 17 2130 138.670 -32.001  14.9 2.88 MW ML2MW
2015 02 20 0340 137.593 -29.550  25.6 2.72 MW ML2MW
2015 04 11 1522 138.542 -33.352  11.8 2.89 MW ML2MW
2015 04 19 0807 136.590 -33.763   4.4 2.76 MW ML2MW
2015 06 03 1224 135.682 -33.457  11.2 2.73 MW ML2MW
2015 06 21 1846 138.661 -31.977  13.5 2.67 MW ML2MW
2015 06 23 1105 138.637 -33.191   4.1 2.67 MW ML2MW
2015 06 29 0932 136.883 -30.361   2.9 2.61 MW ML2MW
2015 07 23 0027 138.905 -31.342  20.8 2.80 MW ML2MW
2015 07 30 2300 136.612 -34.597  10.1 2.71 MW ML2MW
2015 09 07 1627 138.971 -33.667   8.8 2.84 MW ML2MW
2015 09 08 1307 137.973 -32.500   9.4 2.86 MW ML2MW
2015 10 25 1229 138.258 -32.652  12.8 2.66 MW ML2MW
2015 12 03 1608 139.006 -29.983  12.6 2.71 MW ML2MW
2016 01 10 0507 136.904 -33.414  22.2 2.77 MW ML2MW
2016 02 29 1812 136.698 -28.288  39.8 2.72 MW ML2MW
2016 04 05 1308 138.548 -33.553  12.2 2.62 MW ML2MW
2016 04 22 1551 135.793 -28.191  31.4 2.66 MW ML2MW
2016 05 26 1147 139.161 -31.080  12.0 2.82 MW ML2MW
2016 05 27 2011 138.272 -33.359   0.0 2.32 MW ML2MW
2016 07 10 0614 138.339 -33.168  12.7 2.58 MW ML2MW
2016 07 11 0408 137.656 -29.922  11.0 2.89 MW ML2MW
2016 07 25 1025 138.302 -33.291   2.0 2.36 MW ML2MW
2016 08 09 2052 139.123 -29.391  10.0 2.89 MW ML2MW
2016 08 28 1411 138.302 -31.294  10.0 2.86 MW ML2MW
2016 10 09 1240 136.119 -28.413  12.0 2.57 MW ML2MW
2016 10 11 1612 136.492 -28.410  10.0 2.59 MW ML2MW
2016 10 11 1750 138.749 -31.430  12.0 2.73 MW ML2MW
2016 10 30 1805 138.344 -32.075  19.0 2.80 MW ML2MW
2016 11 24 1528 135.454 -27.577  12.0 2.56 MW ML2MW
2016 11 26 1827 135.101 -27.082  10.0 2.59 MW ML2MW
2017 01 24 1617 138.541 -31.691  10.0 2.77 MW ML2MW
2017 02 28 0030 138.618 -31.792  10.0 2.88 MW ML2MW
2017 03 05 1813 138.571 -31.421  10.0 2.39 MW ML2MW
2017 04 10 1804 138.084 -30.388  10.0 2.59 MW ML2MW
2017 04 10 2133 138.230 -30.762  10.0 2.65 MW ML2MW
2017 07 16 2050 138.907 -32.808  10.0 2.16 MW ML2MW
2017 07 16 2241 138.635 -32.416  10.0 2.79 MW ML2MW
2017 07 23 0521 138.974 -31.984  10.0 2.15 MW ML2MW
2017 07 23 1549 138.850 -33.644  10.0 2.51 MW ML2MW
2017 07 24 0653 138.779 -32.393  10.0 2.82 MW ML2MW
2017 08 08 1435 138.954 -33.790  10.0 2.28 MW ML2MW
2017 08 10 1108 138.249 -32.895  10.0 2.39 MW ML2MW
2017 08 12 1020 138.892 -31.403  10.0 2.26 MW ML2MW
2017 08 17 1556 138.614 -31.684  10.0 2.87 MW ML2MW
2017 08 25 1551 138.607 -33.203  10.0 2.35 MW ML2MW
2017 08 28 1620 138.810 -31.090  10.0 2.50 MW ML2MW
2017 08 31 1936 138.642 -31.423  10.0 2.68 MW ML2MW
2017 09 03 1145 139.105 -33.944  10.0 2.58 MW ML2MW
2017 09 04 1323 137.714 -33.998  10.0 2.63 MW ML2MW
2017 09 07 1324 138.259 -32.710  10.0 2.22 MW ML2MW
2017 09 11 0532 136.893 -33.373  10.0 2.63 MW ML2MW
2017 09 14 0138 138.721 -31.710  10.0 2.66 MW ML2MW
2017 09 18 0450 138.154 -33.072  10.0 2.49 MW ML2MW
2017 09 23 2130 137.663 -34.165  10.0 2.42 MW ML2MW
2017 09 24 0700 138.543 -30.989  10.0 2.66 MW ML2MW
2017 09 28 2018 138.471 -33.746  10.0 2.36 MW ML2MW
2017 09 29 0603 138.494 -31.315  10.0 2.33 MW ML2MW
2017 09 29 1512 138.845 -31.321  10.0 2.22 MW ML2MW
2017 09 30 2240 139.436 -29.121  10.0 2.58 MW ML2MW
2017 10 08 1706 138.639 -33.157   0.0 2.66 MW ML2MW
2017 10 09 0704 138.384 -31.624  10.0 2.36 MW ML2MW
2017 10 19 0212 138.810 -32.063  10.0 2.50 MW ML2MW
2017 11 05 2308 138.894 -32.694  10.0 2.35 MW ML2MW
2017 11 06 1740 138.145 -28.129  10.0 2.43 MW ML2MW
2017 11 07 0809 138.321 -32.823  10.0 2.45 MW ML2MW
2017 11 09 1915 138.478 -33.111  10.0 2.61 MW ML2MW
2017 11 11 2301 138.362 -32.568  10.0 2.58 MW ML2MW
2017 11 18 1315 138.333 -32.770  10.0 1.94 MW ML2MW
2017 11 19 0849 138.775 -31.161  10.0 2.77 MW ML2MW
2017 11 20 1125 138.334 -33.291  10.0 2.17 MW ML2MW
2017 11 24 1243 138.381 -31.180  10.0 2.19 MW ML2MW
2017 11 30 1814 138.077 -30.380  10.0 2.34 MW ML2MW
2017 12 06 0755 138.862 -31.321  10.0 2.23 MW ML2MW
2017 12 07 0901 137.815 -32.913  10.0 2.50 MW ML2MW
2017 12 10 0206 136.144 -28.283  13.1 2.30 MW ML2MW
2017 12 11 0702 137.837 -35.649  10.0 2.80 MW ML2MW
2017 12 13 0341 138.397 -32.739  10.0 2.77 MW ML2MW
2017 12 15 0213 138.563 -32.408  10.0 2.23 MW ML2MW
2017 12 16 0128 136.703 -28.913  10.0 2.29 MW ML2MW
2017 12 16 1000 136.051 -34.449  10.0 2.86 MW ML2MW
2017 12 18 1103 136.176 -33.511  10.0 2.65 MW ML2MW
2017 12 18 1236 138.455 -33.907  10.0 2.33 MW ML2MW
2017 12 31 1209 138.131 -29.479  10.0 2.63 MW ML2MW
2018 01 03 0910 138.424 -33.201  10.0 2.15 MW ML2MW
2018 01 04 0750 134.330 -33.749  10.0 2.15 MW ML2MW
2018 01 10 1112 138.905 -32.337  10.0 2.40 MW ML2MW
2018 01 19 0754 138.253 -32.781  10.0 2.85 MW ML2MW
2018 01 22 0542 138.372 -32.654  10.0 2.59 MW ML2MW
2018 01 26 1256 138.174 -32.300  10.0 2.67 MW ML2MW
2018 01 31 1929 138.562 -32.605  10.0 2.17 MW ML2MW
2018 02 07 1406 139.105 -33.931  10.0 2.26 MW ML2MW
2018 02 08 1731 138.505 -31.104  10.0 2.36 MW ML2MW
2018 02 09 1036 137.540 -29.805  10.0 2.37 MW ML2MW
2018 02 11 0730 138.447 -31.633  10.0 2.39 MW ML2MW
2018 02 12 0019 135.978 -33.976  10.0 2.53 MW ML2MW
2018 02 22 1803 138.347 -31.559  10.0 2.28 MW ML2MW
2018 02 28 1550 137.432 -29.404  10.0 2.41 MW ML2MW
2018 03 02 1658 138.740 -33.109  10.0 2.32 MW ML2MW
2018 03 02 1832 136.648 -33.618  10.0 2.39 MW ML2MW
2018 03 07 1637 138.657 -32.028  10.0 2.70 MW ML2MW
2018 03 15 0917 138.281 -32.724  10.0 2.34 MW ML2MW
2018 03 31 0317 139.149 -33.209  10.0 2.52 MW ML2MW
2018 03 31 1401 137.550 -29.704  10.0 2.41 MW ML2MW
2018 04 03 0202 138.108 -32.722  10.0 2.42 MW ML2MW
2018 04 04 1934 138.208 -33.821  10.0 2.31 MW ML2MW
2018 04 06 0435 139.087 -33.188  10.0 2.64 MW ML2MW
2018 04 12 2021 138.467 -32.890  10.0 2.41 MW ML2MW
2018 04 18 1930 139.185 -34.330  10.0 2.76 MW ML2MW
2018 04 22 1216 138.078 -32.112  10.0 2.05 MW ML2MW
2018 04 22 1746 139.176 -28.670  10.0 2.27 MW ML2MW
2018 04 27 0613 138.624 -31.877  10.0 2.24 MW ML2MW
2018 04 29 1449 139.168 -31.729  10.0 2.16 MW ML2MW
2018 04 30 1034 138.567 -31.452  10.0 2.21 MW ML2MW
2018 04 30 1126 136.592 -33.481  10.0 2.67 MW ML2MW
2018 05 02 1040 138.586 -33.814   4.5 2.68 MW ML2MW
2018 05 09 1708 138.483 -31.261  10.0 2.51 MW ML2MW
2018 05 11 0823 138.393 -31.530  10.0 2.62 MW ML2MW
2018 05 12 0313 137.851 -29.958  10.0 2.23 MW ML2MW
2018 05 25 0159 138.652 -32.241  10.0 2.58 MW ML2MW
2018 06 03 1150 138.250 -32.089  10.0 2.86 MW ML2MW
2018 06 04 1338 139.723 -32.997  10.0 2.56 MW ML2MW
2018 06 17 1431 139.164 -33.966  10.0 2.82 MW ML2MW
2018 06 23 2157 139.217 -35.175  10.0 2.34 MW ML2MW
2018 06 25 1908 138.329 -33.212  10.0 2.09 MW ML2MW
2018 07 06 2317 138.275 -32.577  10.0 2.46 MW ML2MW
2018 07 08 2153 138.565 -31.959  10.0 2.89 MW ML2MW
2018 07 21 1858 138.529 -31.778  10.0 2.84 MW ML2MW
2018 07 27 0253 139.109 -33.266  10.0 2.76 MW ML2MW
2018 07 27 1200 138.359 -32.849  10.2 1.95 MW ML2MW
2018 08 28 0914 138.710 -33.201  10.0 2.69 MW ML2MW
2018 09 06 2216 137.037 -33.274  10.0 2.78 MW ML2MW
2018 09 17 1421 138.384 -30.363  10.0 2.68 MW ML2MW
2018 09 18 2206 138.364 -32.807   1.3 2.60 MW ML2MW
2018 09 20 1540 138.477 -32.757   7.7 2.28 MW ML2MW
2018 09 22 1436 137.883 -29.780  10.0 2.48 MW ML2MW
2018 10 01 1026 138.967 -32.741   0.0 2.37 MW ML2MW
2018 10 06 1254 138.324 -32.284   0.5 2.47 MW ML2MW
2018 10 14 0900 138.698 -32.465   0.0 2.84 MW ML2MW
2018 10 22 0340 138.513 -31.957  10.0 2.17 MW ML2MW
2018 10 26 0421 138.702 -31.646   0.0 2.72 MW ML2MW
2018 11 02 2127 138.767 -32.100   0.0 2.38 MW ML2MW
2018 11 19 0140 138.675 -31.998  10.0 2.47 MW ML2MW
2018 11 25 1648 137.960 -32.687  10.0 2.87 MW ML2MW
2018 11 27 1254 137.307 -29.283  10.0 2.55 MW ML2MW
2018 12 02 2229 137.472 -29.471  10.0 2.66 MW ML2MW
2018 12 06 1241 138.201 -30.562  10.0 2.53 MW ML2MW
2018 12 11 1326 139.204 -32.034  10.0 2.60 MW ML2MW
2018 12 16 0150 138.321 -32.535  10.0 2.25 MW ML2MW
2018 12 16 1650 137.022 -33.199  11.2 2.50 MW ML2MW
2018 12 22 0942 135.415 -33.591  10.0 2.79 MW ML2MW
2018 12 30 0506 138.656 -31.761  10.0 2.84 MW ML2MW
2019 01 03 1704 136.559 -33.624  10.0 2.70 MW ML2MW
2019 01 03 2002 136.728 -33.452  10.0 2.80 MW ML2MW
2019 01 04 0143 138.459 -31.812  10.0 2.61 MW ML2MW
2019 01 04 0639 138.182 -32.788  10.0 2.62 MW ML2MW
2019 01 05 0040 138.581 -31.332   0.0 2.25 MW ML2MW
2019 01 08 1627 138.089 -32.732  10.0 2.68 MW ML2MW
2019 01 18 1652 138.174 -32.309  10.0 2.74 MW ML2MW
2019 01 20 0241 138.629 -32.003  10.0 2.13 MW ML2MW
2019 01 20 0737 138.367 -31.504  10.0 2.80 MW ML2MW
2019 01 28 1828 138.099 -32.364  10.0 2.88 MW ML2MW
2019 01 29 2118 138.378 -31.503  10.0 2.46 MW ML2MW
2019 02 03 1555 137.938 -32.110  10.0 2.83 MW ML2MW
2019 02 04 1512 138.296 -33.090   1.8 2.68 MW ML2MW
2019 02 12 0304 138.468 -32.608  10.0 2.18 MW ML2MW
2019 02 13 0705 138.121 -33.389   3.5 2.28 MW ML2MW
2019 02 15 1643 138.656 -33.147   0.0 2.17 MW ML2MW
2019 02 23 1737 138.599 -31.367  10.0 2.67 MW ML2MW
2019 02 23 2224 138.424 -33.357  10.0 2.67 MW ML2MW
2019 03 05 0055 138.313 -31.910   5.8 2.58 MW ML2MW
2019 03 05 2247 139.107 -33.467   0.0 2.82 MW ML2MW
2019 03 12 0310 137.739 -33.034   0.8 2.13 MW ML2MW
2019 03 20 0232 138.901 -35.046   8.4 2.50 MW ML2MW
2019 03 21 0304 138.398 -32.587   2.0 2.76 MW ML2MW
2019 03 24 1115 136.710 -33.468  10.0 2.64 MW ML2MW
2019 03 26 2356 138.504 -31.500   2.5 2.89 MW ML2MW
2019 03 27 2055 136.411 -33.823  10.0 2.78 MW ML2MW
2019 03 30 0758 138.371 -32.201  10.0 2.80 MW ML2MW
2019 04 03 0609 138.009 -32.499   0.0 2.62 MW ML2MW
2019 04 03 1417 139.083 -33.782   9.2 2.85 MW ML2MW
2019 04 05 0511 138.001 -32.164  10.0 2.88 MW ML2MW
2019 04 09 1635 138.301 -33.219   1.1 2.44 MW ML2MW
2019 04 10 0341 138.120 -32.273  10.0 2.87 MW ML2MW
2019 04 13 0933 138.510 -32.003  10.0 2.76 MW ML2MW
2019 04 19 1159 138.995 -33.347   1.8 2.69 MW ML2MW
2019 04 28 1028 138.242 -32.861   3.8 2.42 MW ML2MW
2019 05 05 0157 136.756 -35.624  10.0 2.47 MW ML2MW
2019 05 12 1957 138.939 -33.237  10.0 2.88 MW ML2MW
2019 05 13 2047 139.093 -30.749  10.0 2.83 MW ML2MW
2019 05 14 1609 137.959 -33.105   2.3 2.07 MW ML2MW
2019 05 17 1448 136.565 -33.729  10.0 2.58 MW ML2MW
2019 05 19 0110 137.679 -35.698   0.0 2.85 MW ML2MW
2019 06 05 2058 138.617 -31.891   0.4 2.44 MW ML2MW
2019 06 09 0816 138.525 -33.125  10.0 2.48 MW ML2MW
2019 06 11 0636 138.595 -33.453   2.0 2.19 MW ML2MW
2019 06 13 1917 138.525 -31.882  10.0 2.65 MW ML2MW
2019 06 15 1406 138.469 -31.858  10.0 2.67 MW ML2MW
2019 06 22 0831 138.250 -32.859  10.0 1.83 MW ML2MW
2019 06 27 1004 138.635 -33.171   0.0 2.52 MW ML2MW
2019 06 28 0532 138.319 -33.304  10.0 2.71 MW ML2MW
2019 07 03 1758 138.583 -31.557   9.9 2.15 MW ML2MW
2019 07 11 0711 138.871 -32.139  10.0 2.64 MW ML2MW
2019 07 19 0830 138.212 -32.953  10.2 2.76 MW ML2MW
2019 07 24 1108 138.728 -31.106  10.0 2.37 MW ML2MW
2019 08 28 0638 138.343 -32.848  10.0 2.67 MW ML2MW
2019 08 29 1348 138.216 -32.856  10.0 2.49 MW ML2MW
2019 08 30 1427 138.822 -34.891  10.0 2.69 MW ML2MW
2019 10 13 0004 138.901 -32.349  10.0 2.55 MW ML2MW
2019 10 14 1451 136.862 -33.345  10.0 2.34 MW ML2MW
2019 11 09 0015 136.669 -33.397  10.0 2.72 MW ML2MW
2019 11 20 1633 138.687 -31.667  10.0 2.74 MW ML2MW
2019 11 30 1218 136.848 -33.439  10.0 2.61 MW ML2MW
2019 12 01 1445 136.644 -33.554  10.0 2.82 MW ML2MW
2019 12 03 1526 138.450 -32.222  10.0 2.79 MW ML2MW
2019 12 08 1418 138.376 -31.270  10.0 2.47 MW ML2MW
2020 01 11 1200 138.317 -33.124  10.0 2.75 MW ML2MW
2020 02 17 1650 138.116 -35.568  10.0 2.81 MW ML2MW
2020 02 27 1938 138.414 -31.517  10.0 2.36 MW ML2MW
2020 03 14 1335 138.312 -32.864  10.0 2.86 MW ML2MW
2020 04 16 1258 138.604 -30.377  10.0 2.71 MW ML2MW
2020 05 10 1323 138.616 -33.389  10.0 2.39 MW ML2MW
2020 05 13 0948 138.337 -33.079  10.0 2.79 MW ML2MW
2020 05 23 0416 136.799 -28.977  10.0 2.49 MW ML2MW
2020 05 29 1251 138.401 -31.514  10.0 2.46 MW ML2MW
2020 05 29 2021 136.513 -33.730  10.0 2.49 MW ML2MW
2020 06 07 0239 138.706 -33.202  10.0 2.87 MW ML2MW
2020 07 03 2327 136.314 -34.583  10.0 2.72 MW ML2MW
2020 07 04 2306 138.311 -32.780  10.0 2.56 MW ML2MW
2020 07 06 2203 138.107 -32.264  10.0 2.65 MW ML2MW
2020 07 10 2240 138.465 -33.310  10.0 2.57 MW ML2MW
2020 07 14 1437 139.145 -31.031  10.0 2.60 MW ML2MW
2020 07 21 2024 138.600 -31.735   9.4 2.89 MW ML2MW
2020 07 29 0126 138.314 -32.810   3.8 2.65 MW ML2MW
2020 08 18 0221 138.271 -32.423   1.5 2.76 MW ML2MW
2020 08 31 0836 136.058 -35.144   5.7 2.67 MW ML2MW
2020 09 09 1311 138.068 -32.131   5.0 2.65 MW ML2MW
2020 09 12 2050 139.064 -33.440   2.4 2.87 MW ML2MW
2020 09 13 1003 139.032 -34.412   8.4 2.52 MW ML2MW
2020 09 14 0046 138.736 -32.449   3.9 2.27 MW ML2MW
2020 09 16 0945 138.586 -31.599   8.4 2.85 MW ML2MW
2020 09 25 1130 138.291 -32.809   9.3 2.45 MW ML2MW
2020 09 25 2017 139.394 -33.568   6.1 2.80 MW ML2MW
2020 10 10 0957 136.801 -34.532   7.9 2.82 MW ML2MW
2020 10 11 1246 138.405 -33.190   7.0 2.46 MW ML2MW
2020 10 11 1414 138.615 -31.472  10.0 2.82 MW ML2MW
2020 10 12 0936 138.033 -35.713   9.1 2.78 MW ML2MW
2020 10 15 1818 136.277 -28.707  10.0 2.64 MW ML2MW
2020 10 31 0506 135.444 -27.617   2.6 2.77 MW ML2MW
2020 11 27 1435 139.160 -30.982  10.0 2.64 MW ML2MW
2020 12 05 1822 138.393 -31.863   4.6 2.65 MW ML2MW
2020 12 12 0014 137.910 -35.897  10.0 2.84 MW ML2MW
2020 12 20 0717 137.979 -34.580   5.5 2.28 MW ML2MW
2021 01 01 1733 135.750 -28.074   6.4 2.57 MW ML2MW
2021 02 13 0028 138.598 -31.702   7.3 2.47 MW ML2MW
2021 04 11 0536 138.953 -30.072  10.0 2.78 MW ML2MW
2021 05 22 0644 136.573 -33.577  10.0 2.67 MW ML2MW
2021 06 15 1008 138.573 -32.337   2.1 2.84 MW ML2MW
2021 06 18 0915 138.452 -32.592   4.0 2.52 MW ML2MW
2021 06 20 1144 135.889 -28.152  10.0 2.70 MW ML2MW
2021 07 03 1323 138.495 -32.418   0.6 2.85 MW ML2MW
2021 07 04 0846 135.798 -34.268   1.7 2.58 MW ML2MW
2021 07 15 0414 138.245 -32.853   5.9 2.62 MW ML2MW
2021 07 15 2228 138.531 -33.438   4.4 2.67 MW ML2MW
2021 07 28 0615 138.200 -32.227   2.7 2.72 MW ML2MW
2021 08 01 1630 138.149 -32.704   2.3 2.57 MW ML2MW
2021 08 24 0620 138.653 -31.735   3.7 2.75 MW ML2MW
2021 08 31 1252 136.247 -28.525  10.0 2.71 MW ML2MW
2021 08 31 1811 138.193 -34.502   6.0 2.56 MW ML2MW
2021 09 10 2024 137.983 -29.728  10.0 2.45 MW ML2MW
2021 09 17 1131 138.838 -31.919   2.6 2.90 MW ML2MW
