1892 01 26 1648 149.500 -40.400  10.0 6.36 MW ML2MW
1855 09 16 1712 144.800 -38.700  10.0 4.98 MW ML2MW
1841 04 21 1500 145.000 -38.000   0.0 3.72 MW ML2MW
1841 10 30 0000 145.000 -38.000  10.0 3.72 MW ML2MW
1885 01 05 1220 114.000 -29.000   0.0 5.95 MW ML2MW
1847 04 28 0630 144.800 -37.800  10.0 3.72 MW ML2MW
1891 06 07 0424 144.900 -38.200  10.0 4.12 MW ML2MW
1848 10 12 0130 144.800 -37.800  10.0 3.00 MW ML2MW
1897 05 10 0526 139.750 -37.300  14.0 5.95 MW ML2MW
1903 07 14 1028 142.533 -38.433  10.0 5.07 MW ML2MW
1848 11 01 0000 142.500 -38.400  10.0 3.00 MW ML2MW
1907 01 31 0750 148.500 -39.500  10.0 5.36 MW ML2MW
1900 05 27 0225 145.900 -38.200  10.0 4.12 MW ML2MW
1859 06 12 0830 140.783 -37.833   9.0 3.64 MW ML2MW
1902 12 22 1245 144.800 -38.000  20.0 4.12 MW ML2MW
1918 06 06 1814 152.500 -23.500  10.0 5.90 MW MS2MW
1873 04 22 0600 145.250 -38.500  10.0 3.35 MW ML2MW
1881 06 07 1400 145.250 -38.500  10.0 3.35 MW ML2MW
1922 04 10 1046 144.850 -39.140   0.0 5.17 MW ML2MW
1931 03 13 2111 144.500 -39.500  10.0 5.17 MW ML2MW
1882 10 24 0000 139.850 -36.830  10.0 3.07 MW ML2MW
1946 04 19 2113 114.500 -33.500   0.0 5.17 MW ML2MW
1885 01 09 1735 145.300 -38.200  10.0 3.72 MW ML2MW
1958 12 01 1035 146.500 -16.800  10.0 4.80 MW ML2MW
1885 03 09 1320 144.900 -37.800  10.0 3.00 MW ML2MW
1885 07 03 1457 145.000 -37.800  10.0 3.00 MW ML2MW
1932 09 02 1822 145.000 -38.250   5.0 4.12 MW ML2MW
1886 03 09 0000 144.900 -37.800  10.0 3.00 MW ML2MW
1937 02 01 0912 148.500 -16.500   0.0 4.12 MW ML2MW
1886 12 02 0843 143.500 -39.000  10.0 3.72 MW ML2MW
1939 04 05 1259 144.200 -38.900   0.0 4.12 MW ML2MW
1887 08 01 2019 143.800 -39.000  10.0 3.72 MW ML2MW
1891 07 05 1020 142.300 -38.300  10.0 3.00 MW ML2MW
1960 06 04 1243 143.430 -39.020  10.0 4.10 MW ML2MW
1891 10 20 0620 145.500 -38.500  10.0 3.00 MW ML2MW
1892 12 23 0000 145.100 -38.200  10.0 3.00 MW ML2MW
1893 05 20 1637 146.700 -38.900  10.0 3.00 MW ML2MW
1893 12 23 1436 145.100 -38.400  10.0 3.72 MW ML2MW
1894 11 22 0315 149.500 -38.000  10.0 3.35 MW ML2MW
1966 11 13 0341 111.900 -24.200  33.0 4.39 MW mb2MW
1967 04 03 0440 126.320 -12.200  18.0 4.39 MW mb2MW
1895 05 08 1050 143.500 -39.000  10.0 3.00 MW ML2MW
1896 02 01 1630 145.200 -38.200   5.0 3.00 MW ML2MW
1968 09 10 1246 117.400 -16.800  18.0 4.11 MW ML2MW
1896 02 27 1100 146.500 -16.800  25.0 3.88 MW ML2MW
1896 05 04 0555 139.850 -36.830  10.0 3.88 MW ML2MW
1896 05 09 1034 145.900 -38.100   5.0 3.00 MW ML2MW
1897 04 09 0000 140.670 -38.070  10.0 3.42 MW ML2MW
1896 05 30 0000 146.300 -38.400  10.0 2.68 MW ML2MW
1899 02 05 0310 144.900 -38.500  10.0 3.00 MW ML2MW
1899 05 21 0000 145.500 -38.100  10.0 3.00 MW ML2MW
1899 11 23 0715 144.750 -38.100  10.0 3.35 MW ML2MW
1900 03 11 1730 142.500 -38.400  10.0 3.00 MW ML2MW
1900 09 16 1500 142.500 -38.400  10.0 3.00 MW ML2MW
1901 06 15 2205 143.100 -38.700  10.0 3.00 MW ML2MW
1902 01 21 0000 143.700 -38.700   0.0 3.00 MW ML2MW
1902 07 20 1950 149.300 -37.800  10.0 3.00 MW ML2MW
1902 12 17 1000 144.900 -38.500  10.0 3.00 MW ML2MW
1902 05 27 0000 144.600 -38.100  10.0 2.68 MW ML2MW
1903 03 27 1212 145.500 -38.200   0.0 3.35 MW ML2MW
1903 06 05 1930 141.600 -38.300   0.0 3.00 MW ML2MW
1903 07 22 1930 146.200 -38.200  10.0 3.00 MW ML2MW
1903 08 04 0932 146.070 -38.620   0.0 3.00 MW ML2MW
1903 08 14 1030 142.200 -38.000   0.0 3.00 MW ML2MW
1903 08 18 1255 142.200 -37.700   0.0 3.00 MW ML2MW
1904 05 27 1325 146.070 -38.440   0.0 3.72 MW ML2MW
1904 09 22 1145 145.730 -38.450   0.0 3.72 MW ML2MW
1904 11 06 0000 145.800 -38.100   0.0 3.00 MW ML2MW
1905 01 27 1600 146.500 -38.100  10.0 3.35 MW ML2MW
1905 09 18 1805 145.500 -38.500  10.0 3.00 MW ML2MW
1905 11 15 0030 146.200 -38.500   0.0 3.00 MW ML2MW
1906 08 04 0910 147.800 -40.300   0.0 3.00 MW ML2MW
1906 08 10 0240 146.170 -38.420   0.0 3.00 MW ML2MW
1906 09 11 2015 145.770 -38.500   0.0 3.00 MW ML2MW
1907 03 31 1429 145.300 -38.100  10.0 3.72 MW ML2MW
1907 03 31 1520 145.250 -38.330  10.0 3.72 MW ML2MW
1907 05 16 1000 144.200 -38.000  10.0 3.00 MW ML2MW
1907 05 29 2258 140.750 -36.970  10.0 3.88 MW ML2MW
1907 06 08 1605 143.600 -38.900  10.0 3.00 MW ML2MW
1907 06 25 1804 144.300 -38.600  10.0 3.00 MW ML2MW
1908 06 09 1930 145.500 -38.100  10.0 3.72 MW ML2MW
1908 10 27 0830 145.900 -38.100  10.0 3.00 MW ML2MW
1908 11 20 0450 150.000 -38.000  10.0 3.00 MW ML2MW
1909 03 28 1757 145.000 -38.500  10.0 3.00 MW ML2MW
1909 05 31 1600 141.400 -37.600  10.0 3.72 MW ML2MW
1909 08 04 1105 145.400 -38.100  10.0 3.00 MW ML2MW
1909 11 15 0355 148.300 -37.800  10.0 3.72 MW ML2MW
1910 03 20 2115 145.900 -38.200  10.0 3.72 MW ML2MW
1910 10 24 1700 145.700 -38.100  10.0 3.00 MW ML2MW
1910 10 26 0830 145.200 -38.300  10.0 3.00 MW ML2MW
1911 01 05 1755 145.000 -37.900  10.0 3.00 MW ML2MW
1911 03 07 1610 145.400 -38.100  10.0 3.00 MW ML2MW
1911 06 11 1435 144.700 -38.100  10.0 3.35 MW ML2MW
1912 01 27 2009 150.500 -36.500  10.0 3.35 MW ML2MW
1913 03 08 2045 140.750 -36.970  10.0 3.21 MW ML2MW
1913 12 01 1530 139.850 -36.830  10.0 3.42 MW ML2MW
1914 08 17 2335 146.000 -38.300  15.0 3.72 MW ML2MW
1913 11 27 0400 145.040 -37.970  10.0 2.68 MW ML2MW
1914 09 05 1100 146.100 -38.700  10.0 3.00 MW ML2MW
1915 02 27 1215 146.800 -38.200  10.0 3.00 MW ML2MW
1915 05 24 0800 146.700 -38.200  10.0 3.35 MW ML2MW
1916 08 19 0000 139.850 -36.830  10.0 2.68 MW ML2MW
1922 12 09 1222 142.500 -38.500  10.0 3.00 MW ML2MW
1939 10 29 1324 145.300 -38.300  15.0 3.00 MW ML2MW
1939 11 29 1503 145.300 -38.300  15.0 3.00 MW ML2MW
1945 05 14 0303 145.000 -38.000  10.0 3.00 MW ML2MW
1947 06 09 0703 143.600 -38.400  10.0 3.00 MW ML2MW
1947 11 16 0919 145.000 -38.000  10.0 3.00 MW ML2MW
1948 01 16 1120 145.000 -38.000  10.0 3.00 MW ML2MW
1940 01 31 1854 145.100 -37.900   5.0 2.68 MW ML2MW
1948 03 13 1747 145.000 -38.000  10.0 3.00 MW ML2MW
1948 04 28 1941 145.000 -38.000  10.0 3.00 MW ML2MW
1957 10 19 1049 146.100 -38.700  10.0 3.00 MW ML2MW
1946 08 15 1437 145.050 -37.870   5.0 2.68 MW ML2MW
1959 01 02 1943 146.500 -17.000  10.0 3.28 MW ML2MW
1959 04 28 0809 149.120 -37.960  10.0 3.21 MW ML2MW
1959 10 03 1207 114.500 -34.500  18.0 3.88 MW ML2MW
1960 04 28 0447 148.440 -37.770   0.0 3.09 MW ML2MW
1960 05 03 0200 146.500 -38.500  10.0 3.64 MW ML2MW
1948 05 26 0100 145.050 -37.900   5.0 2.68 MW ML2MW
1948 08 15 0000 145.050 -37.870  10.0 2.68 MW ML2MW
1960 10 20 2022 146.450 -38.560   8.0 3.89 MW ML2MW
1957 08 31 1456 145.270 -37.990  10.0 2.68 MW ML2MW
1960 10 21 1447 146.500 -38.900   0.0 3.81 MW ML2MW
1957 10 10 2203 146.500 -17.100  10.0 2.87 MW ML2MW
1960 12 16 0007 151.670 -34.430   0.0 3.48 MW ML2MW
1960 12 23 0939 148.280 -37.750  22.0 3.09 MW ML2MW
1961 04 11 0035 146.470 -38.280  46.0 3.95 MW ML2MW
1961 06 01 0935 144.210 -38.670   0.0 3.98 MW ML2MW
1959 06 01 2335 145.130 -38.095   5.0 2.68 MW ML2MW
1961 06 12 1800 114.500 -34.200  18.0 3.76 MW ML2MW
1961 07 30 0728 121.000 -36.900  18.0 3.39 MW ML2MW
1961 10 09 2343 145.882 -39.211  49.0 3.89 MW ML2MW
1960 05 25 0932 148.930 -38.520  10.0 2.81 MW ML2MW
1961 11 10 1459 118.400 -37.500  18.0 3.56 MW ML2MW
1962 01 01 2329 125.700 -34.100  18.0 3.48 MW ML2MW
1962 01 10 0540 146.500 -38.500   0.0 3.73 MW ML2MW
1962 02 14 0304 151.220 -35.050   0.0 3.10 MW ML2MW
1962 03 07 1417 147.350 -38.020  10.0 3.08 MW ML2MW
1962 04 11 1828 146.330 -38.900   0.0 3.48 MW ML2MW
1961 03 09 0811 150.530 -35.970   0.0 2.75 MW ML2MW
1962 05 27 1134 146.390 -38.580   0.0 3.48 MW ML2MW
1962 06 01 0419 145.510 -42.850  10.0 3.24 MW ML2MW
1962 08 20 0607 146.890 -37.920  10.0 3.08 MW ML2MW
1962 11 20 1215 146.070 -38.620  10.0 3.47 MW ML2MW
1962 12 15 2141 146.550 -38.550  10.0 3.28 MW ML2MW
1963 03 16 0938 146.300 -38.600   0.0 3.13 MW ML2MW
1961 10 13 0844 152.300 -33.800   0.0 2.74 MW ML2MW
1963 07 20 0421 114.900 -26.300  18.0 3.09 MW ML2MW
1964 05 23 1633 136.705 -36.759   0.0 3.02 MW ML2MW
1964 08 11 0731 146.330 -39.037   0.0 3.33 MW ML2MW
1964 10 12 2245 146.276 -38.059  36.8 3.35 MW ML2MW
1962 01 11 0910 148.811 -37.804   0.0 2.76 MW ML2MW
1964 10 25 1032 145.000 -39.300  10.0 3.10 MW ML2MW
1964 11 17 2116 146.352 -38.416  16.1 3.92 MW ML2MW
1965 01 06 1944 145.973 -38.844   9.6 3.49 MW ML2MW
1965 05 01 1817 146.412 -38.519   5.7 3.47 MW ML2MW
1965 05 08 0625 149.159 -38.658  26.5 3.74 MW ML2MW
1966 02 13 1056 145.895 -38.904   6.0 3.33 MW ML2MW
1966 06 09 1946 115.000 -33.700   0.0 3.13 MW ML2MW
1962 11 29 0137 151.330 -35.330   0.0 2.74 MW ML2MW
1966 07 05 2226 144.964 -39.647  62.0 3.97 MW ML2MW
1963 02 07 0555 146.330 -38.900  10.0 2.75 MW ML2MW
1966 08 15 2227 149.121 -37.957  36.0 3.25 MW ML2MW
1966 09 27 1314 146.500 -17.100  10.0 3.13 MW ML2MW
1966 09 29 1805 146.104 -38.267   0.0 3.31 MW ML2MW
1963 06 15 1945 114.900 -34.500   0.0 2.74 MW ML2MW
1963 11 11 2349 148.090 -37.888   8.0 2.76 MW ML2MW
1967 10 21 2104 146.100 -38.470   0.0 3.50 MW ML2MW
1963 11 16 0034 116.200 -36.000   0.0 2.81 MW ML2MW
1967 11 27 1632 110.800 -25.600  18.0 3.72 MW mb2MW
1964 01 07 0503 150.410 -36.460   9.0 2.97 MW ML2MW
1967 12 17 0330 111.300 -25.300  18.0 3.75 MW ML2MW
1967 12 27 0610 112.800 -29.100  18.0 3.49 MW ML2MW
1964 08 28 2132 144.170 -38.730  10.0 2.76 MW ML2MW
1968 02 02 1009 114.700 -23.300  18.0 3.43 MW ML2MW
1964 09 26 1027 146.450 -38.450  10.0 2.73 MW ML2MW
1968 05 31 0141 147.350 -38.017   0.0 3.87 MW ML2MW
1968 11 16 2311 148.000 -38.000   0.0 3.10 MW ML2MW
1969 01 24 1444 135.392 -35.681  24.1 3.37 MW ML2MW
1964 11 06 1519 149.300 -38.870  34.0 2.97 MW ML2MW
1969 04 08 0553 148.400 -38.170   0.0 3.13 MW ML2MW
1964 12 11 0100 139.700 -37.380   1.0 2.70 MW ML2MW
1969 06 19 2101 114.700 -23.300   7.0 3.88 MW mb2MW
1969 07 02 0121 151.350 -34.610   5.0 3.32 MW ML2MW
1965 01 09 0915 146.962 -38.161   0.0 2.94 MW ML2MW
1969 07 28 0147 147.710 -37.980   0.0 3.31 MW ML2MW
1969 08 08 1209 111.100 -25.500   7.0 3.97 MW mb2MW
1965 06 18 0534 139.858 -37.914   0.0 2.66 MW ML2MW
1969 11 15 0014 139.845 -37.123   8.8 3.08 MW ML2MW
1965 09 08 0617 146.410 -38.215  16.0 2.95 MW ML2MW
1970 01 21 1124 148.150 -37.720   4.0 3.07 MW ML2MW
1970 11 01 0926 146.190 -38.270  28.0 3.28 MW ML2MW
1966 05 31 1638 112.700 -28.300  18.0 2.97 MW ML2MW
1970 12 24 1814 146.070 -38.440  19.0 3.73 MW ML2MW
1971 01 09 1150 146.480 -38.140   7.0 3.64 MW ML2MW
1971 01 27 0202 148.930 -38.520   0.0 3.09 MW ML2MW
1971 05 28 0416 114.100 -22.100   0.0 3.80 MW mb2MW
1971 08 11 1230 150.420 -37.620   0.0 3.11 MW ML2MW
1971 08 12 0044 139.769 -38.647   4.4 3.09 MW ML2MW
1971 10 22 0017 143.930 -40.900  10.0 3.17 MW ML2MW
1972 06 05 0616 148.000 -38.960  10.0 3.09 MW ML2MW
1972 07 14 1126 144.950 -38.860   0.0 3.25 MW ML2MW
1972 08 22 1323 148.640 -38.360   0.0 3.26 MW ML2MW
1972 08 28 1245 142.090 -38.660  10.0 3.17 MW ML2MW
1968 08 07 0412 150.440 -36.290   8.0 2.75 MW ML2MW
1972 11 05 1922 143.593 -38.934  10.0 3.16 MW ML2MW
1973 01 23 2345 143.430 -39.020  10.0 3.28 MW ML2MW
1973 02 17 0856 145.390 -38.810  10.0 3.74 MW ML2MW
1973 03 01 0004 152.120 -33.780   0.0 3.40 MW ML2MW
1973 03 22 2241 147.850 -37.730   0.0 3.15 MW ML2MW
1973 06 03 1108 145.080 -42.320  10.0 3.88 MW ML2MW
1973 09 21 0256 146.790 -38.570  10.0 3.82 MW ML2MW
1974 06 01 0420 146.670 -39.180   0.0 3.40 MW ML2MW
1969 08 26 1028 145.485 -42.979  10.0 2.80 MW ML2MW
1969 09 04 0201 151.930 -34.430   0.0 2.76 MW ML2MW
1974 08 16 0437 114.100 -21.000   0.0 3.55 MW mb2MW
1974 09 16 0737 149.550 -38.380   0.0 3.35 MW ML2MW
1970 01 27 0411 150.500 -36.180   6.0 2.95 MW ML2MW
1975 01 22 0037 143.550 -38.440  32.0 3.11 MW ML2MW
1975 05 03 0909 144.000 -41.700   0.0 3.86 MW ML2MW
1970 05 21 1442 150.740 -35.850   5.0 2.83 MW ML2MW
1975 06 06 0500 151.480 -34.500   7.0 3.48 MW ML2MW
1975 06 15 1306 139.257 -37.406   7.7 3.41 MW ML2MW
1975 06 23 0233 139.133 -37.563  23.8 3.06 MW ML2MW
1970 11 08 1157 149.070 -38.030   0.0 2.75 MW ML2MW
1975 07 29 2311 151.730 -34.000   0.0 3.47 MW ML2MW
1975 08 07 0330 150.210 -36.760  11.0 3.17 MW ML2MW
1975 09 08 1741 145.890 -38.540   0.0 3.25 MW ML2MW
1971 04 05 1046 148.420 -38.100   0.0 2.76 MW ML2MW
1971 05 10 0342 151.840 -33.880  13.0 2.95 MW ML2MW
1976 02 22 1518 144.081 -38.640  11.6 3.33 MW ML2MW
1976 06 26 2055 144.880 -38.708  17.1 3.12 MW ML2MW
1976 07 12 1345 140.451 -37.565   4.0 3.28 MW ML2MW
1976 08 14 0347 139.158 -37.848  33.0 3.64 MW ML2MW
1971 08 01 1119 148.070 -37.920   0.0 2.73 MW ML2MW
1976 09 22 0433 154.000 -28.000  10.0 3.35 MW ML2MW
1976 10 16 1811 112.000 -27.000   0.0 3.26 MW ML2MW
1977 01 10 0834 115.100 -29.500   0.0 3.55 MW ML2MW
1971 11 30 0456 148.720 -38.230   0.0 2.80 MW ML2MW
1977 04 23 2043 114.471 -21.710   0.0 3.23 MW ML2MW
1977 09 02 1848 144.885 -39.188  10.3 3.01 MW ML2MW
1977 09 15 1622 150.750 -36.530   0.0 3.49 MW ML2MW
1977 09 17 2205 149.630 -38.000   0.0 3.04 MW ML2MW
1977 09 22 2055 144.723 -38.175  16.7 3.17 MW ML2MW
1972 08 23 1829 150.390 -36.270   5.0 2.76 MW ML2MW
1977 11 04 0841 153.680 -24.725   9.0 3.07 MW ML2MW
1977 11 07 0517 136.936 -37.368   9.9 3.21 MW ML2MW
1972 11 03 0007 150.600 -35.680   0.0 2.76 MW ML2MW
1977 11 07 0929 144.868 -39.220  11.6 3.02 MW ML2MW
1977 11 07 1905 119.250 -18.000   0.0 3.26 MW ML2MW
1972 11 19 2232 145.450 -43.570  10.0 2.88 MW ML2MW
1977 11 12 1840 143.544 -38.949  12.5 3.32 MW ML2MW
1977 11 12 1853 113.200 -27.800   0.0 3.21 MW ML2MW
1977 12 04 0208 145.491 -39.503   3.6 3.37 MW ML2MW
1978 02 16 0114 139.921 -37.123  34.1 3.24 MW ML2MW
1978 05 03 0335 151.050 -34.990  16.0 3.10 MW ML2MW
1978 08 17 0255 146.454 -38.552  14.2 3.10 MW ML2MW
1978 08 25 2023 146.305 -38.416   3.6 3.00 MW ML2MW
1973 09 13 2238 144.850 -42.420   0.0 2.74 MW ML2MW
1978 12 15 1410 111.570 -26.140  10.0 3.70 MW ML2MW
1979 01 13 1338 140.179 -37.899  13.3 3.00 MW ML2MW
1979 01 24 2149 115.690 -31.070  25.0 3.01 MW ML2MW
1974 02 10 0318 144.470 -41.530   0.0 2.96 MW ML2MW
1979 02 26 0821 151.770 -34.580   0.0 3.24 MW ML2MW
1979 02 28 1502 152.376 -24.002   8.0 3.28 MW ML2MW
1974 08 01 1437 149.371 -37.962  29.0 2.88 MW ML2MW
1974 08 10 0433 144.860 -39.400   0.0 2.80 MW ML2MW
1979 05 16 1506 153.955 -25.348   8.0 3.35 MW ML2MW
1979 05 24 1711 153.040 -24.560   8.0 3.21 MW ML2MW
1979 05 26 0418 117.340 -18.660  37.0 3.54 MW ML2MW
1979 06 10 2014 115.150 -24.720  16.0 3.18 MW ML2MW
1979 06 17 1548 120.270 -15.330  37.0 3.03 MW ML2MW
1979 07 11 0005 144.592 -39.960  17.0 3.81 MW ML2MW
1975 02 06 0220 151.730 -34.380   0.0 2.89 MW ML2MW
1979 08 12 1041 114.610 -19.940  37.0 3.70 MW ML2MW
1979 09 10 1524 144.439 -39.745  17.2 3.56 MW ML2MW
1979 10 31 1407 114.430 -20.630  37.0 3.71 MW ML2MW
1975 06 14 0518 143.600 -38.880  10.0 2.72 MW ML2MW
1979 12 28 1112 144.398 -38.904   0.0 3.07 MW ML2MW
1980 01 16 0249 145.483 -39.554  17.2 3.49 MW ML2MW
1980 03 03 1030 150.300 -38.060   0.0 3.11 MW ML2MW
1975 06 26 0533 151.180 -35.220   0.0 2.74 MW ML2MW
1980 03 25 0026 152.895 -23.794   9.0 3.57 MW ML2MW
1980 04 09 0542 118.790 -17.220   0.0 3.32 MW ML2MW
1975 07 22 1130 146.180 -38.400  10.0 2.90 MW ML2MW
1980 04 19 0744 113.690 -19.370   0.0 3.98 MW ML2MW
1980 06 03 0628 150.000 -38.500   0.0 3.33 MW ML2MW
1980 06 05 1419 148.566 -38.006  17.2 3.21 MW ML2MW
1980 06 22 1620 119.250 -18.500   0.0 3.32 MW ML2MW
1975 09 30 1306 145.300 -43.350   0.0 2.74 MW ML2MW
1975 10 25 1341 151.030 -35.440   5.0 2.90 MW ML2MW
1980 08 01 2019 119.360 -17.030  37.0 3.41 MW ML2MW
1980 09 18 0551 145.678 -38.360  10.4 3.07 MW ML2MW
1976 02 11 1500 149.230 -40.970   0.0 2.78 MW ML2MW
1980 10 08 1002 151.450 -35.050   0.0 3.03 MW ML2MW
1980 11 02 1827 113.320 -23.860  10.0 3.11 MW ML2MW
1980 11 16 0019 153.353 -22.007   8.0 3.42 MW ML2MW
1976 03 08 1922 146.594 -38.076  11.3 2.90 MW ML2MW
1980 12 23 1425 114.550 -21.200  10.0 3.07 MW ML2MW
1976 04 01 0230 146.930 -39.930   0.0 2.99 MW ML2MW
1976 04 05 0747 146.171 -38.724  12.7 2.75 MW ML2MW
1981 01 07 2110 150.660 -35.770  28.0 3.18 MW ML2MW
1976 05 02 0845 140.247 -37.895  10.0 2.81 MW ML2MW
1981 04 21 1505 114.080 -22.410  10.0 3.06 MW ML2MW
1981 05 16 2255 141.664 -38.480  12.5 3.10 MW ML2MW
1976 07 01 1725 142.169 -38.022  12.2 2.97 MW ML2MW
1981 06 29 0639 111.217 -26.356  37.0 3.60 MW ML2MW
1976 07 11 1258 146.190 -40.800  32.0 2.82 MW ML2MW
1981 07 13 1651 122.300 -36.150  10.0 3.49 MW ML2MW
1981 07 29 0452 113.880 -21.670  10.0 3.33 MW ML2MW
1981 08 15 1923 121.057 -15.986  33.0 3.34 MW ML2MW
1976 10 05 1746 144.330 -42.330   0.0 2.88 MW ML2MW
1981 09 14 1301 152.717 -24.201  14.0 3.07 MW ML2MW
1981 09 26 0127 112.060 -23.130  10.0 3.74 MW ML2MW
1981 10 05 2101 114.370 -24.310  10.0 3.11 MW ML2MW
1976 11 01 0127 145.251 -39.209  15.1 2.81 MW ML2MW
1981 10 25 0828 150.480 -36.340  24.0 3.90 MW ML2MW
1977 02 21 1018 146.452 -38.127   7.8 2.81 MW ML2MW
1981 12 06 0140 114.169 -22.902   0.0 3.76 MW ML2MW
1977 08 15 1934 112.978 -27.453   0.0 2.94 MW ML2MW
1981 12 14 1159 122.651 -13.902  33.0 3.80 MW mb2MW
1981 12 31 1139 153.067 -18.769   4.0 3.07 MW ML2MW
1977 08 17 0412 143.023 -39.352  10.6 2.82 MW ML2MW
1982 02 19 0936 118.430 -18.840  10.0 3.16 MW ML2MW
1982 02 19 2026 113.900 -22.290  10.0 3.50 MW ML2MW
1982 03 27 1543 114.000 -22.470  10.0 3.87 MW ML2MW
1982 05 05 0636 151.410 -35.240   0.0 3.26 MW ML2MW
1982 06 16 1513 118.470 -18.050  37.0 3.94 MW ML2MW
1977 10 18 2106 150.990 -35.030  23.0 2.76 MW ML2MW
1982 06 26 0728 141.970 -40.880   0.0 3.11 MW ML2MW
1982 07 11 0222 114.470 -22.930  10.0 3.25 MW ML2MW
1982 07 13 0930 152.000 -34.250   0.0 3.09 MW ML2MW
1982 09 09 0428 152.169 -33.706   2.6 3.98 MW ML2MW
1982 11 09 2147 149.100 -38.060   0.0 3.37 MW ML2MW
1982 11 10 0931 137.437 -37.945  17.6 3.78 MW ML2MW
1982 11 25 1842 139.919 -36.968  22.2 3.68 MW ML2MW
1983 01 13 0247 120.100 -16.400  37.0 3.74 MW ML2MW
1978 01 22 2159 145.123 -38.543   2.0 2.89 MW ML2MW
1978 02 03 2256 143.494 -39.098  11.7 2.68 MW ML2MW
1983 03 13 1658 118.760 -18.000  37.0 3.13 MW ML2MW
1983 04 09 0519 114.380 -29.290  37.0 3.04 MW ML2MW
1983 04 21 2118 118.970 -18.090  37.0 3.73 MW ML2MW
1978 03 16 1348 112.510 -27.560   0.0 2.51 MW ML2MW
1978 04 05 2032 115.120 -28.100   0.0 2.72 MW ML2MW
1983 04 24 0820 116.930 -19.110  25.0 3.00 MW ML2MW
1978 04 19 1746 145.570 -43.950   0.0 2.83 MW ML2MW
1983 06 07 1018 114.470 -23.940  10.0 3.02 MW ML2MW
1983 06 15 0050 140.728 -38.583  10.0 3.32 MW ML2MW
1978 06 09 1231 115.200 -33.930   5.0 2.98 MW ML2MW
1983 07 15 1704 111.810 -25.070  10.0 3.34 MW ML2MW
1978 06 10 0705 145.966 -38.492  17.2 2.76 MW ML2MW
1983 08 06 0227 112.520 -26.270  10.0 3.02 MW ML2MW
1978 07 05 2257 119.220 -17.850   0.0 2.92 MW ML2MW
1978 07 25 0420 150.390 -36.980  17.0 2.84 MW ML2MW
1983 08 15 0711 150.000 -38.000   0.0 3.33 MW ML2MW
1983 08 31 1025 146.349 -38.517  17.0 3.10 MW ML2MW
1978 08 05 0215 150.410 -37.810   0.0 2.86 MW ML2MW
1983 09 02 1822 113.030 -23.990  10.0 3.40 MW ML2MW
1978 08 24 1236 116.110 -20.380   0.0 2.55 MW ML2MW
1983 10 03 0751 112.940 -25.010  10.0 3.14 MW ML2MW
1983 10 24 0053 114.920 -26.940  10.0 3.50 MW ML2MW
1978 10 23 1053 144.659 -39.249  10.2 2.80 MW ML2MW
1978 10 26 2211 144.770 -42.400   0.0 2.82 MW ML2MW
1983 10 28 1409 150.790 -36.810  17.0 3.12 MW ML2MW
1983 11 11 1821 116.340 -19.560  37.0 3.17 MW ML2MW
1978 11 09 0114 145.029 -38.750   0.0 2.75 MW ML2MW
1978 11 12 0909 128.440 -12.570   0.0 2.87 MW ML2MW
1983 12 18 1510 120.309 -17.084  37.0 3.25 MW ML2MW
1984 04 11 1354 119.340 -15.480  10.0 3.46 MW ML2MW
1978 11 27 0422 128.930 -14.320   0.0 2.95 MW ML2MW
1984 05 22 1852 110.740 -24.630  37.0 3.20 MW ML2MW
1978 12 07 1231 150.380 -36.360  23.0 2.75 MW ML2MW
1984 06 02 1536 113.380 -22.750  10.0 3.28 MW ML2MW
1984 06 30 1245 116.494 -19.937  10.0 3.98 MW ML2MW
1984 08 06 1732 123.700 -36.700  37.0 3.57 MW ML2MW
1978 12 24 0244 146.332 -38.451  17.2 2.97 MW ML2MW
1984 08 26 0723 142.389 -39.153  17.2 3.65 MW ML2MW
1978 12 25 2119 119.510 -36.590   0.0 2.96 MW ML2MW
1979 01 10 1606 151.820 -33.850   0.0 2.87 MW ML2MW
1984 09 16 2129 150.240 -36.420  17.0 3.10 MW ML2MW
1984 10 27 1846 114.300 -23.560  10.0 3.04 MW ML2MW
1979 01 17 1731 113.850 -22.950  70.0 2.87 MW ML2MW
1979 01 23 1846 150.660 -36.360  16.0 2.96 MW ML2MW
1984 12 28 2153 114.590 -23.780  10.0 3.18 MW ML2MW
1979 01 24 0907 146.343 -38.429   3.6 2.77 MW ML2MW
1979 03 13 2351 151.380 -35.260  12.0 2.76 MW ML2MW
1979 04 15 2020 144.792 -39.059   0.0 2.80 MW ML2MW
1979 05 30 1822 139.208 -38.071  31.9 2.85 MW ML2MW
1979 06 26 1215 147.106 -38.699   0.0 2.87 MW ML2MW
1979 06 27 1545 116.600 -19.940  10.0 2.91 MW ML2MW
1979 06 28 0648 114.400 -23.510  10.0 2.85 MW ML2MW
1979 07 17 1727 113.790 -25.600  10.0 2.93 MW ML2MW
1979 08 09 0617 114.410 -33.520   0.0 2.64 MW ML2MW
1979 08 30 0101 147.590 -38.614  17.2 2.97 MW ML2MW
1979 09 06 1507 115.810 -36.600   0.0 2.71 MW ML2MW
1979 09 09 0852 146.417 -38.616  11.6 2.68 MW ML2MW
1979 09 20 0109 151.320 -35.220  12.0 2.97 MW ML2MW
1979 12 06 0752 148.530 -37.860  15.0 2.86 MW ML2MW
1979 12 14 2213 116.420 -19.970   0.0 3.00 MW ML2MW
1980 01 24 0930 148.502 -38.284  11.2 2.68 MW ML2MW
1980 05 01 1231 118.310 -18.360  37.0 2.75 MW ML2MW
1980 05 14 1648 150.430 -37.710   0.0 2.81 MW ML2MW
1980 06 25 1222 151.230 -35.020   0.0 2.74 MW ML2MW
1980 07 04 0404 119.530 -17.770  37.0 3.00 MW ML2MW
1980 07 15 0844 147.348 -38.459  21.7 2.83 MW ML2MW
1980 08 01 0907 145.552 -39.385   1.8 2.74 MW ML2MW
1980 08 08 0227 112.830 -27.220  19.0 2.81 MW ML2MW
1980 10 02 0557 137.136 -37.036  22.9 2.86 MW ML2MW
1980 12 05 0736 144.972 -37.692  12.8 2.80 MW ML2MW
1980 12 11 1031 146.231 -38.379   0.0 2.68 MW ML2MW
1981 01 23 1436 145.893 -38.567   0.0 2.74 MW ML2MW
1981 02 07 0311 115.430 -18.830  37.0 2.76 MW ML2MW
1981 02 21 0619 114.550 -29.420   0.0 2.92 MW ML2MW
1981 03 26 1857 114.370 -21.150  10.0 2.82 MW ML2MW
1981 04 24 1757 152.740 -18.345  18.0 2.48 MW ML2MW
1981 05 28 1150 150.620 -35.680  34.0 2.98 MW ML2MW
1981 06 07 1451 112.180 -24.330  10.0 2.88 MW ML2MW
1981 06 08 0820 114.080 -22.410  10.0 2.84 MW ML2MW
1981 06 27 0422 150.650 -35.600   0.0 2.96 MW ML2MW
1981 07 03 2129 112.970 -25.010  10.0 2.92 MW ML2MW
1981 07 07 1825 110.760 -26.250  10.0 2.60 MW ML2MW
1981 08 29 2037 148.800 -43.620   0.0 2.99 MW ML2MW
1981 09 16 2313 146.188 -38.403   0.3 2.68 MW ML2MW
1981 10 13 1219 150.640 -35.740   0.0 2.73 MW ML2MW
1981 12 07 2253 144.599 -39.947   1.8 2.81 MW ML2MW
1982 02 08 1423 123.433 -12.627  37.0 2.98 MW ML2MW
1982 02 11 1458 147.484 -38.531  17.2 2.97 MW ML2MW
1982 02 26 1728 116.340 -20.080  26.0 2.79 MW ML2MW
1982 02 27 1518 150.770 -35.800  24.0 2.77 MW ML2MW
1982 03 17 2201 113.080 -19.380  10.0 2.52 MW ML2MW
1982 03 23 0728 145.750 -38.387   4.0 2.89 MW ML2MW
1982 04 09 0317 144.308 -38.999  17.2 2.75 MW ML2MW
1982 04 22 1444 120.190 -15.710  37.0 2.98 MW ML2MW
1982 04 28 1501 110.920 -26.550  10.0 2.74 MW ML2MW
1982 04 30 1611 150.810 -35.840  25.0 2.76 MW ML2MW
1982 09 03 1500 113.790 -22.220  10.0 2.72 MW ML2MW
1982 09 13 1253 145.623 -40.674   2.6 2.74 MW ML2MW
1982 10 04 0009 145.201 -39.554   0.0 2.73 MW ML2MW
1982 12 01 2000 145.196 -39.911  12.8 2.88 MW ML2MW
1982 12 13 1619 113.020 -27.560  10.0 2.66 MW ML2MW
1983 01 23 2014 143.584 -38.935  13.7 2.84 MW ML2MW
1983 02 22 1941 113.040 -27.710  10.0 2.33 MW ML2MW
1983 03 08 2324 145.410 -43.300   0.0 2.75 MW ML2MW
1983 03 17 1907 149.441 -18.072  25.5 2.98 MW ML2MW
1983 03 21 0033 113.280 -28.670  10.0 2.67 MW ML2MW
1983 04 24 0918 111.220 -26.680  37.0 2.60 MW ML2MW
1983 05 10 2216 117.970 -18.860  10.0 2.84 MW ML2MW
1983 06 05 0726 144.506 -38.497  19.2 2.75 MW ML2MW
1983 06 14 1646 119.600 -18.140  37.0 2.66 MW ML2MW
1983 08 07 0357 146.033 -38.280   6.7 2.75 MW ML2MW
1983 08 08 2256 112.630 -18.310  37.0 2.86 MW ML2MW
1983 08 29 0733 121.210 -15.850  37.0 2.99 MW ML2MW
1983 09 29 0306 144.730 -42.250   0.0 2.75 MW ML2MW
1983 10 02 1729 137.937 -37.781  13.8 2.87 MW ML2MW
1983 11 01 1046 118.340 -18.320  37.0 2.96 MW ML2MW
1983 11 05 0444 141.891 -37.922   2.6 2.82 MW ML2MW
1983 11 16 1300 113.660 -25.550  10.0 2.40 MW ML2MW
1983 12 13 2310 114.110 -28.190  10.0 2.77 MW ML2MW
1983 12 17 0853 113.480 -27.090  10.0 2.53 MW ML2MW
1984 03 30 0954 150.280 -36.900  18.0 2.95 MW ML2MW
1984 04 17 0326 113.940 -29.200  10.0 2.97 MW ML2MW
1984 06 07 2254 122.590 -36.450  10.0 2.65 MW ML2MW
1984 06 11 1308 139.155 -37.339   8.7 2.81 MW ML2MW
1984 06 12 1957 112.420 -23.970  10.0 2.75 MW ML2MW
1984 07 08 2314 113.900 -25.840  10.0 2.48 MW ML2MW
1984 07 10 2212 146.182 -38.449  17.2 2.88 MW ML2MW
1984 07 15 1120 113.250 -18.610  10.0 2.93 MW ML2MW
1984 09 01 2255 113.320 -27.140  10.0 2.75 MW ML2MW
1984 09 13 1948 111.310 -26.460  10.0 2.72 MW ML2MW
1984 09 29 1755 152.646 -22.925   0.0 2.90 MW ML2MW
1984 11 21 0428 112.390 -21.390  33.0 2.95 MW ML2MW
1984 12 06 0117 114.340 -29.430  10.0 2.75 MW ML2MW
1985 01 14 1927 114.730 -22.180  10.0 2.72 MW ML2MW
1985 02 25 2040 117.420 -18.870  37.0 2.90 MW ML2MW
1985 03 20 0833 111.580 -26.950  10.0 2.80 MW ML2MW
1985 03 28 2240 112.960 -24.150  37.0 2.91 MW ML2MW
1985 04 01 0448 113.960 -24.500  10.0 2.90 MW ML2MW
1985 04 28 1551 113.770 -22.050  10.0 2.67 MW ML2MW
1985 05 06 1505 151.210 -34.810  16.0 2.74 MW ML2MW
1985 07 03 0905 115.310 -25.530  10.0 2.46 MW ML2MW
1985 08 05 0706 153.809 -25.854   5.6 2.70 MW ML2MW
1985 10 06 0136 146.368 -38.387  11.2 2.76 MW ML2MW
1985 10 16 0952 122.000 -36.040  10.0 2.85 MW ML2MW
1985 11 10 1711 111.100 -26.470  10.0 2.61 MW ML2MW
1985 11 16 2336 115.940 -37.280  10.0 2.57 MW ML2MW
1985 11 29 1932 114.360 -25.930  10.0 2.95 MW ML2MW
1985 12 15 0833 117.590 -36.680  10.0 2.64 MW ML2MW
1986 01 13 0634 145.614 -38.690  15.8 2.82 MW ML2MW
1986 01 28 1629 113.590 -25.750   5.0 2.89 MW ML2MW
1986 02 02 2256 115.930 -20.290   5.0 2.94 MW ML2MW
1986 02 04 0110 144.728 -38.247  15.8 2.75 MW ML2MW
1986 03 03 0237 110.710 -34.000   5.0 2.66 MW ML2MW
1986 03 14 1654 113.710 -29.020   5.0 2.99 MW ML2MW
1986 03 30 2121 113.830 -20.020   5.0 3.00 MW ML2MW
1986 04 10 0902 153.401 -23.956   4.3 2.90 MW ML2MW
1986 05 22 2100 111.300 -24.920   5.0 2.73 MW ML2MW
1986 07 21 0000 150.390 -36.270  20.0 2.90 MW ML2MW
1986 07 24 1722 153.087 -24.037  10.0 2.89 MW ML2MW
1986 07 29 0607 141.078 -38.170   3.6 2.72 MW ML2MW
1986 08 27 0352 112.170 -34.670   5.0 2.35 MW ML2MW
1986 09 05 0618 117.000 -37.060   5.0 2.98 MW ML2MW
1986 09 13 1913 113.250 -22.680   5.0 2.97 MW ML2MW
1986 09 29 1509 118.330 -16.920   5.0 2.66 MW ML2MW
1986 10 26 0552 111.190 -26.670   5.0 2.65 MW ML2MW
1986 11 01 1854 116.410 -19.960   5.0 2.74 MW ML2MW
1986 11 07 0109 114.310 -22.230   5.0 2.86 MW ML2MW
1986 11 13 0800 139.042 -37.949  32.4 2.75 MW ML2MW
1986 11 29 2233 114.000 -27.490   5.0 2.63 MW ML2MW
1986 12 26 0442 144.530 -41.530   0.0 2.87 MW ML2MW
1986 12 30 1452 111.370 -26.060   5.0 2.48 MW ML2MW
1987 02 05 1351 148.146 -39.068  17.2 2.73 MW ML2MW
1987 03 20 0000 137.244 -37.187  38.0 2.79 MW ML2MW
1987 03 28 2341 148.321 -38.343  16.7 2.74 MW ML2MW
1987 03 29 1539 118.840 -18.900   5.0 2.90 MW ML2MW
1987 06 03 1501 123.590 -35.180   5.0 2.91 MW ML2MW
1987 06 14 1139 150.220 -37.260   0.0 2.68 MW ML2MW
1987 06 14 2155 136.187 -36.562  30.9 2.79 MW ML2MW
1987 07 30 2158 124.910 -36.780   5.0 2.98 MW ML2MW
1987 08 17 0136 149.000 -38.300   0.0 2.87 MW ML2MW
1987 11 15 1129 115.050 -29.620   5.0 2.77 MW ML2MW
1987 12 12 1206 119.570 -16.940   5.0 2.83 MW ML2MW
1988 01 09 0806 146.655 -38.387  11.9 2.82 MW ML2MW
1988 02 07 0013 145.235 -39.552  15.4 2.95 MW ML2MW
1988 02 19 1108 145.520 -38.213  14.0 2.82 MW ML2MW
1988 04 05 1838 115.790 -20.730   5.0 2.70 MW ML2MW
1988 04 09 0834 137.011 -37.105  10.0 2.79 MW ML2MW
1988 05 14 1355 146.507 -38.558  15.8 2.75 MW ML2MW
1988 06 24 1015 150.900 -36.900   0.0 2.80 MW ML2MW
1988 06 24 1756 117.790 -36.590   5.0 2.98 MW ML2MW
1988 09 29 1610 151.523 -34.395  10.0 2.96 MW ML2MW
1988 10 25 1005 112.900 -19.940   5.0 2.95 MW ML2MW
1988 12 29 1140 117.890 -18.680   5.0 2.94 MW ML2MW
1989 03 27 1225 111.730 -25.580   5.0 2.74 MW ML2MW
1989 04 30 2352 146.308 -38.404   8.5 2.90 MW ML2MW
1989 05 15 1917 112.020 -20.330   5.0 2.34 MW ML2MW
1989 05 23 1131 143.254 -39.291  10.0 2.73 MW ML2MW
1989 05 25 2217 114.906 -18.289   5.0 2.51 MW ML2MW
1989 07 04 1244 113.574 -20.224   5.0 2.99 MW ML2MW
1989 08 05 1349 115.956 -36.452   5.0 2.62 MW ML2MW
1989 08 06 0554 118.300 -18.469   5.0 2.53 MW ML2MW
1989 08 28 2125 113.796 -22.543   0.0 2.78 MW ML2MW
1989 09 04 0952 112.980 -25.018   5.0 2.52 MW ML2MW
1989 09 13 2027 110.435 -24.853   5.0 2.88 MW ML2MW
1989 10 02 1607 111.168 -24.416   5.0 2.72 MW ML2MW
1989 10 08 0130 113.253 -27.350   5.0 2.47 MW ML2MW
1989 12 18 1510 111.554 -26.659   5.0 2.37 MW ML2MW
1989 12 27 1310 113.320 -26.944   5.0 2.44 MW ML2MW
1990 05 09 0014 114.679 -21.615   5.0 2.90 MW ML2MW
1990 05 18 1139 146.267 -40.317  10.0 2.75 MW ML2MW
1990 06 19 0746 146.413 -38.326  12.7 2.75 MW ML2MW
1990 06 21 1707 151.400 -34.880   0.0 2.80 MW ML2MW
1990 09 13 0812 147.133 -37.933  16.1 2.75 MW ML2MW
1990 10 17 1432 115.214 -25.059  31.0 2.90 MW ML2MW
1990 10 28 0759 144.817 -39.350  10.0 2.81 MW ML2MW
1991 01 07 1459 121.778 -15.603   5.0 2.76 MW ML2MW
1991 02 08 1657 118.100 -18.748   5.0 2.90 MW ML2MW
1991 02 21 2052 116.843 -17.784   5.0 2.97 MW ML2MW
1991 02 24 1518 112.590 -26.652   5.0 2.76 MW ML2MW
1991 03 12 1040 114.573 -27.775   5.0 2.90 MW ML2MW
1991 04 08 1703 145.089 -39.326  10.5 2.89 MW ML2MW
1991 04 16 1608 147.370 -38.510   1.0 2.96 MW ML2MW
1991 04 19 0340 115.705 -17.998   5.0 2.76 MW ML2MW
1991 05 22 0445 129.311 -34.495   5.0 2.76 MW ML2MW
1991 06 15 0207 142.364 -37.828   3.4 2.82 MW ML2MW
1991 06 23 1520 113.147 -27.431   5.0 2.90 MW ML2MW
1991 08 09 1859 123.667 -35.234   5.0 2.83 MW ML2MW
1991 08 20 1452 111.098 -32.875   5.0 2.90 MW ML2MW
1991 09 06 1303 113.162 -34.375   5.0 2.76 MW ML2MW
1991 09 08 2139 152.722 -23.977  10.0 2.83 MW ML2MW
1991 09 10 1815 123.653 -35.141   5.0 2.83 MW ML2MW
1991 09 21 1808 123.653 -35.298  34.0 2.90 MW ML2MW
1991 10 04 1746 114.126 -27.916   5.0 2.90 MW ML2MW
1991 10 21 1944 123.493 -35.208   5.0 2.97 MW ML2MW
1991 10 24 0457 116.137 -20.340   5.0 2.90 MW ML2MW
1991 11 02 2056 142.493 -37.608   1.2 2.75 MW ML2MW
1991 12 06 2117 113.029 -24.072   5.0 2.76 MW ML2MW
1991 12 17 0546 123.454 -35.194   5.0 2.83 MW ML2MW
1992 01 12 0141 112.307 -26.725   5.0 2.83 MW ML2MW
1992 03 07 2056 123.636 -35.221   5.0 2.83 MW ML2MW
1992 03 16 2044 114.272 -22.435   5.0 2.97 MW ML2MW
1992 03 17 0540 144.903 -39.096   3.6 2.75 MW ML2MW
1992 04 14 1126 139.801 -37.802   3.1 2.88 MW ML2MW
1992 06 04 0247 143.469 -39.010  12.6 2.81 MW ML2MW
1992 07 11 1003 146.783 -38.481  14.3 2.89 MW ML2MW
1992 07 18 0753 121.169 -15.598   5.0 2.90 MW ML2MW
1992 08 03 0151 112.739 -23.467   5.0 2.83 MW ML2MW
1992 09 19 0927 116.318 -19.933  37.0 2.83 MW ML2MW
1992 10 14 1311 118.998 -18.396   5.0 2.76 MW ML2MW
1992 10 21 2050 113.839 -19.809   5.0 2.83 MW ML2MW
1992 10 31 1107 123.624 -35.197   5.0 2.97 MW ML2MW
1992 11 18 1042 116.348 -20.270   5.0 2.83 MW ML2MW
1992 11 22 1543 119.374 -18.184   5.0 2.83 MW ML2MW
1992 12 24 1428 118.151 -18.362   5.0 2.83 MW ML2MW
1993 01 24 1950 113.242 -19.900   5.0 2.90 MW ML2MW
1993 02 21 1823 113.596 -22.337   5.0 2.97 MW ML2MW
1993 03 03 0723 113.955 -22.859   5.0 2.90 MW ML2MW
1993 03 11 2236 119.203 -18.256   5.0 2.76 MW ML2MW
1993 03 17 2358 121.057 -15.961   5.0 2.90 MW ML2MW
1993 06 02 1718 116.334 -20.026  33.0 2.90 MW ML2MW
1993 07 20 1951 120.560 -15.498   5.0 2.97 MW ML2MW
1993 08 21 0110 146.347 -38.533   4.6 2.82 MW ML2MW
1993 09 24 0526 118.827 -18.296   5.0 2.90 MW ML2MW
1993 09 24 2246 123.456 -35.194   5.0 2.76 MW ML2MW
1993 10 11 1149 152.316 -33.878  13.2 2.89 MW ML2MW
1993 12 15 1918 115.188 -33.975  19.0 2.83 MW ML2MW
1994 04 04 0258 116.399 -20.057   5.0 2.83 MW ML2MW
1994 04 18 0509 113.742 -28.977   5.0 2.83 MW ML2MW
1994 04 20 0517 145.548 -38.682  15.3 2.90 MW ML2MW
1994 05 02 1230 111.727 -26.118   5.0 2.97 MW ML2MW
1994 05 24 1146 143.131 -38.512   8.8 2.75 MW ML2MW
1994 09 30 0413 114.844 -16.426   5.0 2.76 MW ML2MW
1994 10 04 2149 137.129 -36.854  16.6 2.95 MW ML2MW
1994 10 08 1710 114.428 -22.604   5.0 2.97 MW ML2MW
1994 10 16 1731 146.287 -38.472  20.0 2.76 MW ML2MW
1994 11 03 1338 111.634 -25.902   5.0 2.90 MW ML2MW
1995 02 16 0640 112.789 -29.318   5.0 2.83 MW ML2MW
1995 03 27 0738 147.124 -38.503  10.9 2.89 MW ML2MW
1995 03 29 1229 112.978 -28.902   5.0 2.90 MW ML2MW
1995 06 06 0450 119.395 -34.957   5.0 2.76 MW ML2MW
1995 08 20 1009 110.968 -24.453   5.0 2.83 MW ML2MW
1995 09 16 0738 146.281 -38.484  12.5 2.76 MW ML2MW
1995 09 19 0632 143.167 -38.629  16.0 2.83 MW ML2MW
1995 10 04 1505 144.820 -38.507  15.6 2.83 MW ML2MW
1995 10 22 1650 113.650 -27.288   5.0 2.76 MW ML2MW
1995 11 22 0248 150.442 -36.246   3.0 2.76 MW ML2MW
1995 12 26 1259 114.526 -22.756   5.0 2.90 MW ML2MW
1995 12 28 2219 120.804 -15.996  19.0 2.83 MW ML2MW
1996 01 08 1039 145.780 -43.870   0.0 2.90 MW ML2MW
1996 01 09 0407 112.237 -23.336   5.0 2.97 MW ML2MW
1996 03 26 1400 112.556 -23.092   5.0 2.90 MW ML2MW
1996 04 21 1458 145.427 -38.594  14.5 2.83 MW ML2MW
1996 09 28 1303 153.192 -23.510  10.0 2.94 MW ML2MW
1996 11 08 0038 114.852 -23.998   5.0 2.97 MW ML2MW
1997 01 22 1504 112.051 -23.659  17.0 2.97 MW ML2MW
1997 02 06 2110 139.675 -37.418  17.6 2.75 MW ML2MW
1997 02 21 0932 114.728 -24.035   5.0 2.97 MW ML2MW
1997 02 24 1822 113.869 -27.874   9.0 2.83 MW ML2MW
1997 04 06 0221 114.809 -24.031   5.0 2.83 MW ML2MW
1997 04 25 1328 115.449 -25.336   5.0 2.90 MW ML2MW
1997 06 16 1525 153.277 -24.371  10.0 2.87 MW ML2MW
1997 08 16 2252 114.483 -22.673   5.0 2.83 MW ML2MW
1997 08 25 2232 144.699 -38.437  20.4 2.76 MW ML2MW
1997 09 08 1659 146.778 -39.839   5.0 2.75 MW ML2MW
1997 10 04 1938 116.096 -19.235   5.0 2.90 MW ML2MW
1997 10 31 1733 145.396 -38.459  18.8 2.89 MW ML2MW
1997 11 10 1753 114.283 -23.248   5.0 2.97 MW ML2MW
1998 02 21 0209 113.487 -27.437   5.0 2.90 MW ML2MW
1998 04 07 2119 146.132 -38.478  16.3 2.94 MW ML2MW
1998 04 17 0716 113.066 -24.875   5.0 2.97 MW ML2MW
1998 04 18 1023 146.854 -38.486  18.1 2.88 MW ML2MW
1998 05 18 1824 114.633 -23.223   5.0 2.76 MW ML2MW
1998 05 22 1731 113.140 -25.401   5.0 2.76 MW ML2MW
1998 05 29 2150 118.707 -18.554   5.0 2.97 MW ML2MW
1998 09 19 1757 152.976 -24.417   0.0 2.78 MW ML2MW
1998 10 28 0710 153.341 -23.499  10.0 2.72 MW ML2MW
1998 11 17 1908 146.296 -38.071  21.7 2.86 MW ML2MW
1998 11 19 0317 146.280 -38.410  14.9 2.94 MW ML2MW
1998 11 23 1542 115.476 -20.684   5.0 2.97 MW ML2MW
1999 02 26 1014 113.774 -21.946   5.0 2.76 MW ML2MW
1999 03 17 1406 139.381 -37.564   8.1 2.95 MW ML2MW
1999 04 15 1638 113.823 -21.773  24.0 2.76 MW ML2MW
1999 05 04 2351 152.469 -33.088   7.0 2.86 MW ML2MW
1999 06 19 1442 113.830 -28.320   5.0 2.76 MW ML2MW
1999 07 14 1254 122.080 -14.920   5.0 2.97 MW ML2MW
1999 07 31 0353 116.260 -20.180   5.0 2.76 MW ML2MW
1999 08 10 1703 114.070 -23.430   5.0 2.76 MW ML2MW
1999 08 21 0714 112.260 -23.660   5.0 2.97 MW ML2MW
1999 08 21 1258 116.280 -20.290   5.0 2.76 MW ML2MW
1999 09 11 1947 144.792 -39.235  17.2 3.00 MW ML2MW
1999 10 10 1327 116.420 -20.140   5.0 2.83 MW ML2MW
1999 10 12 0043 118.230 -18.530   5.0 2.90 MW ML2MW
1999 10 15 1720 122.480 -12.380   5.0 2.90 MW ML2MW
1999 12 12 1401 139.614 -37.765  13.3 2.95 MW ML2MW
1999 12 17 1226 115.920 -35.330   5.0 2.90 MW ML2MW
1999 12 26 0148 146.149 -38.325   1.6 2.86 MW ML2MW
2000 01 12 1731 111.210 -25.350   5.0 2.76 MW ML2MW
2000 03 23 1040 143.580 -38.965  16.3 2.87 MW ML2MW
2000 04 08 2227 116.446 -20.027   5.0 2.76 MW ML2MW
2000 06 17 1643 146.208 -38.513  15.5 2.80 MW ML2MW
2000 08 16 1529 147.498 -40.747  10.0 2.83 MW ML2MW
2000 08 22 0835 145.814 -39.424   3.8 2.86 MW ML2MW
2000 12 13 0634 134.903 -35.751  10.0 2.85 MW ML2MW
2001 01 05 1604 146.006 -38.238   7.2 2.92 MW Allen (2012)
2001 01 12 1451 113.621 -28.046  15.0 2.76 MW ML2MW
2001 01 17 0451 142.010 -37.691  10.2 2.87 MW ML2MW
2001 02 13 1241 150.916 -35.773   9.5 2.99 MW ML2MW
2001 03 13 1247 144.005 -38.510   3.6 2.94 MW ML2MW
2001 03 16 0622 145.666 -38.426  16.2 2.89 MW ML2MW
2001 04 16 1513 119.160 -36.820   5.0 2.83 MW ML2MW
2001 06 04 1407 114.390 -26.530  14.0 2.83 MW ML2MW
2001 09 03 1628 150.050 -37.990  11.0 2.76 MW ML2MW
2001 10 15 0616 113.713 -22.479  10.0 2.62 MW ML2MW
2001 11 18 2355 115.090 -34.580  10.0 2.94 MW ML2MW
2001 12 07 0022 119.761 -37.547  15.0 2.78 MW ML2MW
2001 12 07 2138 123.695 -35.240  10.0 2.96 MW ML2MW
2002 02 20 1743 114.081 -33.005   6.0 2.79 MW ML2MW
2002 03 20 1702 114.678 -23.308  20.0 2.84 MW ML2MW
2002 04 06 1135 114.450 -26.355   5.0 2.95 MW ML2MW
2002 05 04 2238 145.751 -38.708  13.9 2.94 MW ML2MW
2002 12 02 0931 150.373 -36.395   3.0 2.78 MW ML2MW
2002 12 06 0833 144.680 -43.194  10.0 2.93 MW ML2MW
2002 12 06 1339 148.768 -38.002  24.0 2.92 MW ML2MW
2003 02 17 1726 139.414 -38.303  22.0 2.89 MW ML2MW
2003 04 06 2330 145.384 -38.563  11.0 2.96 MW ML2MW
2003 05 11 0834 114.144 -29.175  18.0 2.80 MW ML2MW
2003 06 01 0255 114.108 -21.933   1.7 2.77 MW ML2MW
2003 06 04 2004 115.269 -33.552   5.0 2.94 MW ML2MW
2003 09 09 0930 146.360 -38.517  12.3 2.87 MW ML2MW
2003 12 20 1334 141.456 -37.639   8.7 2.88 MW ML2MW
2004 09 26 0903 113.761 -22.813  27.0 2.82 MW ML2MW
2004 10 07 1414 121.192 -36.853  10.0 2.90 MW ML2MW
2004 10 20 0004 147.089 -39.060  10.0 2.81 MW ML2MW
2005 01 28 0124 146.342 -38.195   8.0 2.80 MW ML2MW
2005 03 14 1126 131.719 -34.143  10.9 2.91 MW ML2MW
2005 03 29 1717 129.662 -10.542 573.0 2.54 MW mb2MW
2005 04 24 0210 146.683 -38.319  12.4 2.92 MW ML2MW
2005 05 19 1021 142.663 -38.942  10.0 2.79 MW ML2MW
2005 12 14 1102 113.701 -21.889  22.0 2.91 MW ML2MW
2006 02 05 2006 114.959 -23.737  15.0 2.89 MW ML2MW
2006 04 19 1859 139.880 -37.881  22.2 2.89 MW ML2MW
2006 06 28 1626 145.626 -39.617   9.4 2.79 MW ML2MW
2006 07 22 2201 141.044 -38.255  10.0 2.99 MW ML2MW
2006 07 30 0145 153.907 -26.604  10.0 2.93 MW ML2MW
2006 11 22 1459 111.680 -25.788 139.0 2.82 MW ML2MW
2007 01 20 0457 145.376 -42.857  10.0 2.93 MW ML2MW
2007 01 20 1717 145.526 -38.419  10.0 2.96 MW ML2MW
2007 02 16 0614 153.580 -24.102  24.7 2.89 MW ML2MW
2007 05 08 1805 144.701 -39.177  17.8 2.85 MW ML2MW
2007 05 28 1809 145.566 -38.339  22.3 2.89 MW ML2MW
2007 06 06 0104 146.345 -38.552  19.5 2.77 MW ML2MW
2007 06 19 0525 116.482 -20.042  14.0 2.94 MW ML2MW
2007 07 09 0849 139.939 -37.909   6.6 2.74 MW ML2MW
2007 07 17 1031 113.319 -25.535   0.0 2.81 MW ML2MW
2007 08 09 0525 144.665 -38.917  10.0 2.87 MW ML2MW
2007 09 16 1143 145.167 -38.359  10.0 2.89 MW ML2MW
2007 10 01 0122 139.469 -37.609  15.5 2.95 MW ML2MW
2008 02 17 1148 140.842 -38.476  28.8 2.82 MW ML2MW
2008 02 18 1918 112.770 -26.693  10.0 2.91 MW ML2MW
2008 05 14 2240 140.709 -38.246  19.0 2.75 MW ML2MW
2008 06 01 0217 144.788 -38.610  14.1 2.88 MW ML2MW
2008 06 23 1604 139.762 -37.513  11.1 2.81 MW ML2MW
2008 09 08 0521 139.936 -37.588  17.5 2.82 MW ML2MW
2008 10 06 0138 146.071 -39.214  10.0 2.80 MW ML2MW
2008 10 24 0039 149.506 -38.390  10.0 2.79 MW ML2MW
2008 11 22 0129 146.116 -39.310  10.0 2.93 MW ML2MW
2009 01 12 0925 152.939 -23.538  10.0 2.99 MW ML2MW
2009 05 23 0748 144.752 -39.125  10.0 2.87 MW ML2MW
2009 10 29 0217 148.924 -37.918  10.0 2.80 MW ML2MW
2009 12 18 1005 148.649 -37.905   0.4 2.97 MW ML2MW
2010 04 03 1749 146.022 -38.532  14.1 2.99 MW ML2MW
2010 04 06 0637 147.438 -38.271  10.0 2.97 MW ML2MW
2010 08 06 0650 146.044 -38.555  14.9 2.90 MW ML2MW
2010 10 21 0830 113.972 -29.424   0.0 2.82 MW ML2MW
2010 10 22 1632 146.268 -38.564  10.0 2.76 MW ML2MW
2010 12 02 1830 128.594 -14.658   2.0 2.86 MW ML2MW
2010 12 12 1226 114.607 -26.965  10.0 2.91 MW ML2MW
2011 01 08 1257 128.795 -14.771  10.0 2.83 MW ML2MW
2011 01 28 1147 150.420 -36.428  10.0 2.63 MW ML2MW
2011 03 24 0720 153.716 -23.676  10.0 2.77 MW ML2MW
2011 04 15 1337 145.772 -39.994  10.0 2.81 MW ML2MW
2011 05 20 2227 142.299 -40.705  10.0 2.80 MW ML2MW
2011 07 28 2041 148.557 -38.194  10.0 2.71 MW ML2MW
2011 07 31 1350 115.855 -30.122  16.0 2.96 MW ML2MW
2011 08 18 0446 139.788 -37.095  22.2 2.98 MW ML2MW
2011 10 23 1456 144.367 -41.539  10.0 2.88 MW ML2MW
2011 11 03 0141 140.030 -37.976  35.7 2.86 MW ML2MW
2011 11 03 0615 136.292 -36.384   7.7 2.83 MW ML2MW
2012 01 02 1246 146.370 -38.562  14.4 2.95 MW ML2MW
2012 02 26 1029 140.089 -37.930  27.0 2.64 MW ML2MW
2012 03 06 2234 139.663 -37.728  32.1 2.75 MW ML2MW
2012 03 20 1528 151.782 -33.872   0.0 2.94 MW ML2MW
2012 04 23 0029 143.027 -38.484   7.1 2.94 MW ML2MW
2012 05 31 0807 146.144 -16.605   5.0 2.71 MW ML2MW
2012 06 15 1737 144.326 -38.065   7.1 2.71 MW ML2MW
2012 07 20 1702 113.708 -27.303   8.0 2.83 MW ML2MW
2012 09 09 0923 140.794 -38.562  31.3 2.99 MW ML2MW
2012 09 10 0316 113.395 -24.438   0.0 2.82 MW ML2MW
2012 10 31 0835 145.802 -38.128  14.4 2.76 MW ML2MW
2012 12 29 1743 113.024 -24.529  10.0 2.95 MW ML2MW
2013 05 01 1641 144.487 -38.126  11.6 2.96 MW ML2MW
2013 06 23 1248 114.766 -25.094   0.0 2.97 MW ML2MW
2013 08 03 1342 145.851 -43.938  10.0 2.96 MW ML2MW
2013 08 10 0403 145.387 -38.113  15.4 2.87 MW ML2MW
2013 08 19 1214 114.120 -23.772  10.0 2.77 MW ML2MW
2013 10 04 1335 113.311 -23.878  10.0 2.86 MW ML2MW
2013 10 23 1952 120.234 -17.087  30.0 2.80 MW ML2MW
2014 03 05 1825 114.719 -21.871   0.0 2.75 MW ML2MW
2014 04 21 0942 114.918 -24.753  10.0 2.74 MW ML2MW
2014 05 20 1833 146.053 -38.426  13.3 2.93 MW ML2MW
2014 07 29 0439 118.765 -18.315  40.0 2.79 MW ML2MW
2014 08 06 1340 142.201 -38.918  10.0 2.70 MW ML2MW
2014 08 14 1708 114.219 -24.595  10.0 2.83 MW ML2MW
2014 08 23 1151 119.560 -18.297   0.0 2.61 MW ML2MW
2014 08 31 1053 140.680 -38.076  37.9 2.64 MW ML2MW
2014 10 04 2203 146.728 -38.526  10.0 2.71 MW ML2MW
2014 11 03 1337 112.773 -26.559   0.0 2.82 MW ML2MW
2014 12 06 2054 144.041 -38.225  12.6 2.89 MW ML2MW
2014 12 30 1731 140.631 -38.253  39.4 2.85 MW ML2MW
2015 04 28 1442 146.203 -38.248   8.6 3.00 MW ML2MW
2015 07 06 2254 113.626 -27.700  10.0 2.88 MW ML2MW
2015 07 20 2218 119.875 -18.557  15.0 2.71 MW ML2MW
2015 07 30 0925 142.263 -39.780  10.0 2.77 MW ML2MW
2015 08 05 0700 149.269 -37.988  10.0 2.84 MW ML2MW
2015 09 12 0116 150.251 -37.985  10.0 2.91 MW ML2MW
2015 10 08 2226 114.360 -28.133  20.0 2.60 MW ML2MW
2015 10 27 2004 140.469 -38.129  35.0 2.81 MW ML2MW
2015 12 30 2127 150.419 -36.846  10.0 2.97 MW ML2MW
2016 04 09 0350 140.156 -38.014  38.5 2.65 MW ML2MW
2016 09 19 0705 119.611 -18.734  10.0 2.99 MW ML2MW
2017 01 03 0824 140.082 -37.910   0.0 2.77 MW ML2MW
2017 04 25 1108 114.450 -23.009  10.0 2.75 MW ML2MW
2017 05 13 1743 146.277 -38.185  10.0 2.92 MW ML2MW
2017 08 07 0643 141.555 -37.674  10.0 2.78 MW ML2MW
2017 08 23 1404 113.597 -25.261  10.0 2.96 MW ML2MW
2017 10 10 1201 114.692 -22.902  10.0 2.88 MW ML2MW
2017 10 17 1204 145.628 -38.175  10.0 2.74 MW ML2MW
2017 10 20 1409 143.519 -38.597  10.0 2.85 MW ML2MW
2017 11 07 0657 140.923 -38.344  10.0 2.77 MW ML2MW
2017 11 07 1727 148.378 -37.998  10.0 2.69 MW ML2MW
2017 11 10 0052 145.802 -38.562  10.0 2.89 MW ML2MW
2017 11 10 0905 150.265 -36.954  10.0 2.28 MW ML2MW
2017 11 20 1445 146.725 -17.177  10.0 2.63 MW ML2MW
2017 12 05 2112 152.321 -33.196  10.0 2.59 MW ML2MW
2017 12 23 1435 148.857 -38.139  10.0 2.39 MW ML2MW
2018 01 19 0617 145.850 -38.229  10.0 2.56 MW ML2MW
2018 01 31 2030 144.185 -38.119  10.0 2.36 MW ML2MW
2018 02 10 1937 142.998 -38.984  10.0 2.95 MW ML2MW
2018 02 14 1615 145.818 -38.371  10.0 2.61 MW ML2MW
2018 02 22 1359 144.996 -38.354  10.0 2.48 MW ML2MW
2018 02 22 1839 142.980 -39.017  10.0 2.50 MW ML2MW
2018 03 10 0126 118.480 -18.748  10.0 2.68 MW ML2MW
2018 03 10 1351 140.994 -38.350  10.0 2.78 MW ML2MW
2018 03 14 1907 129.668 -13.324  10.0 2.67 MW ML2MW
2018 03 15 1431 150.746 -36.571  10.0 2.39 MW ML2MW
2018 03 30 1811 143.728 -38.400  10.0 2.37 MW ML2MW
2018 04 06 2353 147.402 -40.267  10.0 2.70 MW ML2MW
2018 04 10 1713 140.356 -37.972  10.0 2.54 MW ML2MW
2018 04 19 1300 151.798 -34.075  10.0 3.00 MW ML2MW
2018 04 28 1830 152.458 -33.515  10.0 2.73 MW ML2MW
2018 05 15 0743 113.294 -25.744  10.0 2.92 MW ML2MW
2018 05 21 2309 140.970 -38.694  10.0 2.97 MW ML2MW
2018 07 21 1821 144.862 -38.038   1.8 2.59 MW ML2MW
2018 12 14 1948 119.263 -18.099  10.0 2.64 MW ML2MW
2018 12 20 0757 113.023 -23.708  10.0 2.87 MW ML2MW
2019 01 11 2315 145.181 -38.419  10.0 2.88 MW ML2MW
2019 01 20 0646 113.085 -23.662  10.0 2.95 MW ML2MW
2019 01 23 1720 118.222 -19.222  10.0 2.58 MW ML2MW
2019 02 03 0438 146.037 -38.574  10.0 2.98 MW ML2MW
2019 02 23 1723 119.606 -17.928  10.0 2.64 MW ML2MW
2019 02 24 1724 119.908 -17.233  10.0 2.77 MW ML2MW
2019 04 04 1039 140.121 -37.893  10.0 2.81 MW ML2MW
2019 04 20 1908 140.146 -38.092  10.0 2.82 MW ML2MW
2019 04 28 0404 152.361 -33.601  10.0 2.81 MW ML2MW
2019 05 11 0426 148.441 -38.125   0.0 2.99 MW ML2MW
2019 05 16 1339 140.200 -37.660  10.0 2.73 MW ML2MW
2019 05 28 0905 145.457 -39.708  10.0 2.99 MW ML2MW
2019 06 05 0947 140.604 -36.984   1.8 2.87 MW ML2MW
2019 06 23 1546 147.004 -38.607  10.0 2.90 MW ML2MW
2019 07 26 1024 118.881 -18.926  10.0 2.34 MW ML2MW
2019 08 23 0942 119.569 -17.960  10.0 2.63 MW ML2MW
2019 09 10 1008 112.958 -25.381  10.0 2.87 MW ML2MW
2019 09 16 0257 119.508 -17.850  10.0 2.81 MW ML2MW
2019 10 10 1233 114.759 -23.422  10.0 2.89 MW ML2MW
2019 10 19 0356 144.630 -39.169  10.0 2.99 MW ML2MW
2019 10 29 0219 119.876 -17.401  10.0 2.76 MW ML2MW
2019 11 02 2050 113.632 -25.095  10.0 2.92 MW ML2MW
2019 11 21 1300 115.187 -21.432  10.0 2.65 MW ML2MW
2019 11 30 1405 144.673 -40.017  10.0 2.86 MW ML2MW
2019 12 12 2127 114.627 -32.794  10.0 2.60 MW ML2MW
2019 12 20 1110 113.959 -27.436  10.0 2.66 MW ML2MW
2020 01 14 1036 146.499 -38.415  10.0 2.95 MW ML2MW
2020 01 30 1107 119.748 -17.241  10.0 2.98 MW ML2MW
2020 02 18 2049 115.128 -34.591  10.0 2.79 MW ML2MW
2020 02 19 2052 148.296 -38.095  10.0 2.99 MW ML2MW
2020 04 02 1552 120.167 -17.029  10.0 2.93 MW ML2MW
2020 05 22 0754 145.755 -38.407  10.0 2.87 MW ML2MW
2020 06 17 1145 144.757 -39.180  10.0 2.88 MW ML2MW
2020 07 13 0722 144.339 -37.967  10.0 2.75 MW ML2MW
2020 08 02 1203 114.370 -29.880  10.0 2.79 MW ML2MW
2020 08 06 0750 139.808 -37.585  10.0 3.00 MW ML2MW
2020 09 18 0718 146.043 -38.580  10.0 2.95 MW ML2MW
2020 10 07 1332 114.472 -26.431  10.0 2.79 MW ML2MW
2020 10 11 0048 114.224 -29.725  10.0 2.75 MW ML2MW
2020 10 24 0116 119.665 -17.971  10.0 2.59 MW ML2MW
2020 12 26 1406 140.408 -37.569   8.1 2.87 MW ML2MW
2021 11 05 0804 144.933 -38.378   2.1 2.87 MW ML2MW
2021 11 20 0917 145.362 -38.522  10.0 2.90 MW ML2MW
2022 07 03 0829 145.069 -38.456  10.0 2.90 MW ML2MW
