1892 01 26 1648 149.500 -40.400  10.0 6.50 MW ML2MW
1920 02 08 0524 111.000 -35.000  10.0 6.07 MW MS2MW
1960 12 24 1642 143.590 -38.880   0.0 4.60 MW ML2MW
1961 08 23 1801 119.000 -18.500  18.0 5.11 MW ML2MW
1963 06 14 1923 146.425 -38.657   1.6 4.62 MW ML2MW
1965 05 19 0213 111.953 -25.027   4.7 5.29 MW MS2MW
1965 09 14 1253 144.300 -38.700  10.0 5.14 MW ML2MW
1967 11 28 0830 113.500 -19.000  18.0 4.72 MW mb2MW
1969 06 20 1115 146.300 -38.470  19.0 4.86 MW ML2MW
1969 10 09 0129 117.460 -18.820   0.0 4.57 MW mb2MW
1970 02 16 2120 111.650 -20.070   0.0 5.31 MW mb2MW
1970 05 31 0150 146.220 -38.520   0.0 4.00 MW ML2MW
1971 01 14 1744 114.600 -24.730   0.0 4.48 MW mb2MW
1971 07 06 2154 145.048 -38.452  17.0 4.48 MW ML2MW
1971 07 12 2259 115.160 -24.540   0.0 4.72 MW mb2MW
1973 06 18 1934 110.200 -33.500  10.0 5.16 MW mb2MW
1973 12 04 1153 126.000 -37.000  10.0 4.48 MW mb2MW
1974 02 08 1243 121.756 -14.151  33.0 4.31 MW mb2MW
1974 11 07 0153 118.650 -18.160   0.0 5.01 MW mb2MW
1974 12 24 0225 153.190 -22.110  63.0 4.44 MW ML2MW
1975 04 18 1634 113.860 -24.400   0.0 4.14 MW mb2MW
1975 11 22 1931 140.060 -38.189  18.0 4.00 MW ML2MW
1976 02 19 0232 114.300 -19.410   0.0 5.46 MW mb2MW
1976 07 27 1756 113.900 -20.000   0.0 4.05 MW mb2MW
1978 11 28 1733 152.520 -23.337   0.0 4.14 MW ML2MW
1979 04 23 0545 120.163 -16.617  30.8 6.15 MW GCMT
1980 12 08 0012 114.110 -32.120  37.0 4.62 MW ML2MW
1981 06 16 2133 144.245 -38.899  17.2 4.67 MW ML2MW
1981 07 16 1246 114.240 -21.030  10.0 4.39 MW ML2MW
1981 12 01 1836 122.190 -12.483  33.0 4.05 MW mb2MW
1983 05 29 1938 126.619 -12.221  33.0 4.48 MW mb2MW
1983 10 15 2050 145.046 -39.770  15.3 4.24 MW ML2MW
1984 10 20 0516 145.904 -38.970  16.7 4.16 MW ML2MW
1985 01 19 1502 145.957 -38.815  12.8 3.26 MW ML2MW
1985 02 08 0823 153.623 -25.119  16.6 3.66 MW ML2MW
1985 03 13 0613 121.540 -36.610  19.0 3.12 MW ML2MW
1985 03 13 2152 121.678 -15.427  33.0 4.35 MW ML2MW
1985 04 24 1538 114.060 -21.730  10.0 3.36 MW ML2MW
1985 05 06 1621 122.416 -12.312  33.0 3.97 MW mb2MW
1985 05 07 1004 118.880 -18.950  10.0 3.90 MW ML2MW
1985 05 20 0128 150.590 -36.760   0.0 3.23 MW ML2MW
1985 05 29 1749 146.010 -38.334  13.3 3.24 MW ML2MW
1985 06 10 1500 113.435 -22.398  33.0 3.87 MW ML2MW
1985 08 13 1234 117.869 -18.892  37.0 3.60 MW ML2MW
1985 08 18 0109 113.960 -22.960  10.0 3.65 MW ML2MW
1985 11 05 2205 113.700 -21.780  37.0 3.14 MW ML2MW
1985 11 13 1748 120.515 -16.552  33.0 3.33 MW ML2MW
1985 11 15 0835 113.530 -23.740  10.0 3.68 MW ML2MW
1985 12 16 1014 113.230 -27.320  10.0 3.02 MW ML2MW
1986 01 02 2133 112.097 -34.484  11.8 4.39 MW mb2MW
1986 01 02 2313 115.150 -20.790   5.0 3.04 MW ML2MW
1986 01 14 0038 113.440 -23.870   5.0 3.88 MW ML2MW
1986 01 15 2211 114.990 -34.510   5.0 3.63 MW ML2MW
1986 02 06 1144 119.201 -18.654   5.0 3.45 MW ML2MW
1986 04 20 1141 115.010 -19.590   5.0 3.30 MW ML2MW
1986 05 08 1747 116.540 -19.620   5.0 3.16 MW ML2MW
1986 05 10 2318 110.380 -33.000   5.0 3.01 MW ML2MW
1986 05 31 2038 117.949 -18.846  10.0 3.68 MW ML2MW
1986 09 13 0237 120.950 -15.810   5.0 3.59 MW ML2MW
1986 10 14 1716 151.626 -17.105   9.0 3.24 MW ML2MW
1986 10 16 2136 114.590 -22.610   5.0 3.96 MW ML2MW
1986 11 05 0757 118.850 -18.470   5.0 3.58 MW ML2MW
1986 12 04 1347 115.830 -20.250   5.0 3.71 MW ML2MW
1986 12 20 1204 143.349 -39.212  13.9 3.48 MW ML2MW
1987 01 07 0526 117.750 -19.310   5.0 3.17 MW ML2MW
1987 02 27 1353 138.761 -37.261   0.7 3.02 MW ML2MW
1987 03 14 1925 114.100 -22.750   5.0 3.05 MW ML2MW
1987 03 26 1214 136.705 -36.461   0.0 3.54 MW ML2MW
1987 06 21 1615 118.990 -18.170   5.0 3.55 MW ML2MW
1987 06 24 1853 144.220 -38.895  24.9 3.18 MW ML2MW
1987 07 19 0303 113.060 -27.220   5.0 4.36 MW ML2MW
1987 09 18 0041 119.220 -16.760   5.0 3.37 MW ML2MW
1987 09 24 2046 115.650 -19.670   5.0 3.59 MW ML2MW
1987 09 28 1500 121.189 -13.252  33.0 3.71 MW mb2MW
1987 10 16 1119 112.560 -25.760   5.0 3.99 MW ML2MW
1987 10 21 0233 112.840 -26.360   5.0 3.24 MW ML2MW
1987 10 25 2242 119.220 -18.170   5.0 3.31 MW ML2MW
1987 10 31 0602 152.841 -23.828  10.0 3.50 MW ML2MW
1987 11 06 1336 122.966 -13.388  10.0 3.60 MW ML2MW
1987 11 15 1237 114.000 -23.310   5.0 3.14 MW ML2MW
1987 12 07 1054 149.325 -37.921  12.3 3.00 MW ML2MW
1987 12 20 0802 145.583 -38.410  16.2 3.33 MW ML2MW
1987 12 25 1936 120.652 -16.326  10.0 3.85 MW ML2MW
1987 12 27 0716 153.673 -24.111  10.0 3.18 MW ML2MW
1987 12 27 0807 114.380 -23.760   5.0 3.44 MW ML2MW
1988 01 20 1740 116.370 -18.000   5.0 3.09 MW ML2MW
1988 03 20 1915 114.000 -29.110   5.0 3.03 MW ML2MW
1988 05 29 0606 122.435 -13.864  10.0 3.24 MW ML2MW
1988 08 11 0526 121.082 -14.783   5.0 3.40 MW ML2MW
1988 10 24 1759 115.830 -20.260   5.0 3.24 MW ML2MW
1989 01 24 0458 128.725 -10.658 147.0 4.22 MW mb2MW
1989 02 09 1714 147.679 -38.175  10.0 3.12 MW ML2MW
1989 02 17 1151 117.550 -19.340   5.0 3.04 MW ML2MW
1989 02 17 1416 121.148 -14.933   5.0 3.16 MW ML2MW
1989 02 24 1216 113.940 -20.030   5.0 3.13 MW ML2MW
1989 02 27 2325 122.586 -12.337  33.0 3.80 MW mb2MW
1989 03 21 1800 114.580 -23.240  10.0 3.51 MW ML2MW
1989 04 07 1845 122.180 -12.525  33.0 4.31 MW mb2MW
1989 05 17 2208 138.936 -38.177  32.2 3.11 MW ML2MW
1989 05 31 0009 142.692 -38.821   0.0 3.09 MW ML2MW
1989 07 20 0929 114.888 -33.967   5.0 3.14 MW ML2MW
1989 11 08 0506 140.056 -37.547  13.2 3.71 MW ML2MW
1989 11 17 1337 144.777 -39.231   3.6 3.10 MW ML2MW
1989 12 21 1729 114.086 -21.867   5.0 3.03 MW ML2MW
1989 12 22 0312 116.401 -35.882   5.0 3.23 MW ML2MW
1990 01 25 1333 148.477 -38.166   3.6 3.10 MW ML2MW
1990 02 18 2247 117.982 -18.183   5.0 4.35 MW ML2MW
1990 03 08 0955 140.748 -37.499  14.5 3.10 MW ML2MW
1990 03 30 1131 113.385 -24.022   5.0 3.50 MW ML2MW
1990 04 01 1035 122.589 -13.359  33.0 3.63 MW mb2MW
1990 04 15 0620 114.057 -22.327   5.0 3.26 MW ML2MW
1990 05 04 1206 150.515 -36.304   4.9 3.03 MW ML2MW
1990 05 28 0823 113.839 -27.549   5.0 3.04 MW ML2MW
1990 07 13 1818 116.318 -18.853   5.0 3.11 MW ML2MW
1990 08 16 0306 149.743 -38.111  15.4 3.54 MW ML2MW
1990 08 28 1004 112.751 -22.864   5.2 3.58 MW ML2MW
1990 10 09 1816 128.895 -14.286   5.0 3.34 MW ML2MW
1990 10 15 1949 113.924 -22.505   5.0 3.26 MW ML2MW
1990 11 27 1721 142.121 -40.135  17.0 3.41 MW ML2MW
1991 01 10 1107 139.211 -37.331   2.7 3.58 MW ML2MW
1991 02 04 0827 115.712 -18.718   5.0 3.66 MW ML2MW
1991 02 08 0015 114.246 -24.638   5.0 3.04 MW ML2MW
1991 03 17 0938 114.010 -28.092   5.0 3.34 MW ML2MW
1991 03 28 2126 146.249 -38.525  20.6 3.42 MW ML2MW
1991 04 14 0746 111.306 -26.664   5.0 3.66 MW ML2MW
1991 04 20 1508 112.506 -27.384   5.0 3.19 MW ML2MW
1991 05 07 0528 118.407 -18.799   5.0 3.11 MW ML2MW
1991 05 15 0906 113.042 -22.325  35.0 3.11 MW ML2MW
1991 07 02 0648 111.266 -26.954   5.0 3.58 MW ML2MW
1991 09 05 0611 112.678 -25.093   5.0 3.11 MW ML2MW
1991 09 11 0212 114.042 -22.536   5.0 3.04 MW ML2MW
1991 10 18 0907 114.126 -20.500   5.0 4.17 MW ML2MW
1991 11 24 1438 117.001 -19.375   5.0 3.19 MW ML2MW
1991 12 06 1458 112.167 -26.763   5.0 3.34 MW ML2MW
1992 03 29 2211 153.801 -22.056   8.0 3.19 MW ML2MW
1992 06 25 1959 113.135 -23.552   5.0 3.26 MW ML2MW
1992 07 01 0435 111.856 -19.030   5.0 4.14 MW mb2MW
1992 07 12 2142 114.089 -32.789   5.0 3.42 MW ML2MW
1992 08 05 2152 114.409 -21.585   5.0 3.04 MW ML2MW
1992 08 27 1919 123.600 -12.407  33.0 3.66 MW ML2MW
1992 08 30 1740 119.064 -18.214   5.0 3.19 MW ML2MW
1992 10 16 0704 116.531 -37.576   5.0 3.66 MW ML2MW
1992 10 21 2142 121.912 -15.252   5.0 3.26 MW ML2MW
1992 10 27 1715 119.110 -18.193  33.0 3.74 MW ML2MW
1992 11 08 0140 143.529 -38.922  12.8 3.34 MW ML2MW
1992 11 09 0536 119.275 -18.202   5.0 3.42 MW ML2MW
1992 11 09 1530 141.012 -37.183   4.6 3.02 MW ML2MW
1992 11 10 0142 140.831 -37.175   0.8 3.02 MW ML2MW
1993 03 11 2216 114.606 -21.552   5.0 3.50 MW ML2MW
1993 03 12 1704 115.556 -30.075   9.0 3.19 MW ML2MW
1993 03 26 0020 113.925 -22.043  37.5 3.11 MW ML2MW
1993 04 15 0005 121.138 -15.724  10.0 3.34 MW ML2MW
1993 04 28 1450 119.434 -17.822   5.0 3.04 MW ML2MW
1993 05 14 2014 113.472 -22.978   5.0 3.91 MW ML2MW
1993 06 07 1508 119.174 -18.093   5.0 3.11 MW ML2MW
1993 07 10 1231 113.561 -19.368   5.0 3.50 MW ML2MW
1993 07 24 1333 146.485 -38.353  15.0 3.19 MW Allen (2012)
1993 09 25 0240 146.530 -38.311  10.2 3.32 MW Allen (2012)
1993 10 03 0231 113.722 -22.019   5.0 3.11 MW ML2MW
1993 10 29 0814 114.582 -18.803   5.0 4.08 MW ML2MW
1993 11 17 0618 149.067 -42.800  10.0 3.04 MW ML2MW
1993 11 20 0120 113.978 -23.051   5.0 3.04 MW ML2MW
1993 11 24 0759 147.026 -38.484  17.3 3.03 MW ML2MW
1993 11 25 0406 152.632 -23.922   1.7 3.66 MW ML2MW
1994 02 01 0553 146.350 -38.536  17.1 3.72 MW Allen (2012)
1994 04 20 2040 116.288 -20.224   5.0 3.04 MW ML2MW
1994 05 14 1433 143.496 -38.714  12.0 3.17 MW ML2MW
1994 06 23 1355 117.634 -36.238   5.0 3.11 MW ML2MW
1994 06 27 0152 145.962 -38.722  11.6 3.04 MW ML2MW
1994 07 22 1136 123.418 -12.199  33.0 3.54 MW mb2MW
1994 10 19 2007 123.602 -35.208   5.0 3.34 MW ML2MW
1994 10 25 0809 123.689 -12.213  33.0 4.05 MW mb2MW
1995 01 11 0711 145.992 -38.165   8.7 3.15 MW Allen (2012)
1995 02 01 1021 146.259 -38.462  10.1 3.07 MW Allen (2012)
1995 02 11 0812 113.904 -27.206   5.0 3.04 MW ML2MW
1995 04 20 1403 123.605 -12.230  24.5 3.97 MW mb2MW
1995 04 29 0712 125.356 -36.383   5.0 3.91 MW ML2MW
1995 05 03 1748 146.283 -38.472  15.0 3.36 MW Allen (2012)
1995 06 18 0745 126.380 -11.116 150.0 4.08 MW ML2MW
1995 06 25 2023 121.439 -16.066   5.0 3.34 MW ML2MW
1995 07 15 0222 115.546 -30.058   5.0 3.04 MW ML2MW
1995 08 05 0734 113.495 -19.317   5.0 3.26 MW ML2MW
1995 08 17 1336 113.199 -25.618   5.0 3.19 MW ML2MW
1995 08 20 1957 122.619 -12.385  59.0 3.80 MW mb2MW
1995 08 25 1150 112.183 -23.754   5.0 4.22 MW mb2MW
1995 09 15 0440 118.049 -19.354  22.0 3.11 MW ML2MW
1995 10 27 0420 129.276 -34.631  20.0 3.66 MW ML2MW
1995 10 29 0655 113.531 -24.063   5.0 3.42 MW ML2MW
1995 12 10 1251 123.248 -14.281   5.0 3.34 MW ML2MW
1995 12 18 1644 139.579 -37.613   8.5 3.50 MW ML2MW
1995 12 27 0341 154.512 -23.099   0.0 3.42 MW ML2MW
1996 01 13 1919 129.327 -10.342 626.0 3.80 MW mb2MW
1996 01 16 1030 145.070 -38.284  10.7 3.00 MW Allen (2012)
1996 01 26 1041 117.205 -19.438   5.0 3.04 MW ML2MW
1996 03 11 0039 113.860 -29.209   5.0 3.11 MW ML2MW
1996 03 13 0340 123.064 -12.584  33.0 3.91 MW ML2MW
1996 03 17 2239 114.302 -21.820   5.0 3.42 MW ML2MW
1996 04 02 0355 127.890 -10.600  64.0 3.50 MW ML2MW
1996 04 06 0846 119.397 -17.902   5.0 3.26 MW ML2MW
1996 04 30 1358 128.803 -11.753  33.0 3.28 MW mb2MW
1996 05 28 0126 128.573 -10.213  67.0 3.71 MW mb2MW
1996 06 03 1304 149.611 -18.539   0.0 3.58 MW ML2MW
1996 08 16 1158 127.206 -11.901  33.0 3.37 MW mb2MW
1996 08 18 1142 123.668 -35.210   5.0 3.11 MW ML2MW
1996 08 22 0413 152.530 -20.890   0.0 3.11 MW ML2MW
1996 09 06 2024 115.047 -27.240   5.0 3.34 MW ML2MW
1996 09 24 0127 138.940 -37.503  14.3 3.34 MW ML2MW
1996 10 18 0528 114.588 -32.761   5.0 3.99 MW ML2MW
1996 11 20 0555 113.280 -21.970   0.0 3.34 MW ML2MW
1996 12 24 2228 145.534 -38.696  17.2 3.29 MW Allen (2012)
1997 01 20 1103 145.031 -38.379  19.3 3.50 MW ML2MW
1997 02 02 1936 124.073 -13.884  33.0 3.54 MW mb2MW
1997 02 20 1445 120.863 -15.951   5.0 3.50 MW ML2MW
1997 03 31 2026 145.450 -39.522  14.8 3.11 MW ML2MW
1997 04 21 1337 113.898 -22.729   5.0 3.19 MW ML2MW
1997 05 04 2233 145.959 -38.135  14.0 3.21 MW Allen (2012)
1997 05 18 0835 112.975 -23.740   5.0 3.11 MW ML2MW
1997 05 21 1158 122.072 -14.902   5.0 3.26 MW ML2MW
1997 06 05 0515 122.376 -12.718   0.0 3.26 MW ML2MW
1997 06 28 0100 114.474 -23.512  12.9 3.11 MW ML2MW
1997 07 08 2134 114.330 -28.465   5.0 4.08 MW ML2MW
1997 07 14 0646 153.706 -23.338   0.0 3.58 MW ML2MW
1997 08 12 1811 111.128 -24.657   5.0 3.11 MW ML2MW
1997 08 20 1816 116.803 -17.572   5.0 3.54 MW mb2MW
1997 08 30 1855 118.691 -18.295   5.0 3.34 MW ML2MW
1997 09 12 1822 114.960 -21.106  37.0 3.66 MW ML2MW
1997 09 13 1158 113.653 -24.219   5.0 3.04 MW ML2MW
1997 10 02 0933 114.927 -23.049   5.0 3.11 MW ML2MW
1997 10 10 1717 116.786 -19.381   5.0 3.26 MW ML2MW
1997 10 22 1255 113.499 -21.919   5.0 3.04 MW ML2MW
1997 11 19 1426 112.491 -22.583   5.0 3.66 MW ML2MW
1997 11 20 0144 118.855 -18.385   5.0 3.34 MW ML2MW
1997 12 14 1836 112.980 -23.943  84.0 3.34 MW ML2MW
1998 01 11 1432 122.817 -12.569   0.0 3.11 MW ML2MW
1998 02 17 1100 140.153 -38.113  34.9 3.04 MW ML2MW
1998 03 11 0327 140.452 -36.667  21.0 3.42 MW ML2MW
1998 03 12 1240 113.308 -23.750   5.0 3.26 MW ML2MW
1998 03 29 2006 129.278 -14.280  10.0 4.08 MW ML2MW
1998 04 04 0955 146.124 -38.709  16.2 3.42 MW Allen (2012)
1998 04 29 2314 128.115 -11.481   0.0 3.19 MW ML2MW
1998 05 18 2145 111.366 -24.705   5.0 3.11 MW ML2MW
1998 05 25 0503 123.827 -13.827   0.0 3.34 MW ML2MW
1998 05 30 1906 139.826 -37.872  22.7 3.10 MW ML2MW
1998 06 13 2013 117.531 -18.955   5.0 3.19 MW ML2MW
1998 07 13 0531 120.981 -15.904   5.0 3.19 MW ML2MW
1998 07 21 1223 113.504 -28.226   5.0 3.11 MW ML2MW
1998 08 08 1326 123.420 -12.766  33.0 3.97 MW mb2MW
1998 08 15 1941 123.361 -12.876  33.0 3.37 MW mb2MW
1998 09 13 2250 123.208 -12.501   5.0 3.34 MW ML2MW
1998 09 15 1323 147.289 -38.371  20.6 3.42 MW ML2MW
1998 09 27 2232 144.741 -38.290  20.5 3.74 MW ML2MW
1998 10 08 1205 145.848 -39.462  17.1 3.34 MW ML2MW
1998 10 15 0404 126.907 -11.718  33.0 3.63 MW mb2MW
1998 11 02 0226 113.886 -19.862  10.0 4.14 MW mb2MW
1998 11 02 1904 144.645 -39.189  10.0 3.01 MW ML2MW
1998 11 10 0158 128.966 -13.794   0.0 3.34 MW ML2MW
1998 11 13 2352 129.120 -13.740   0.0 3.19 MW ML2MW
1998 12 05 2311 129.746 -10.275 560.0 3.11 MW mb2MW
1999 01 13 0940 146.317 -38.097  12.3 3.54 MW Allen (2012)
1999 01 23 0441 111.212 -19.595   5.0 3.91 MW ML2MW
1999 02 06 0507 140.669 -38.354  36.1 3.42 MW ML2MW
1999 02 25 2252 129.119 -10.468   0.0 3.34 MW ML2MW
1999 03 01 1854 147.428 -38.198   9.1 3.09 MW ML2MW
1999 03 05 0346 114.281 -18.689   5.0 3.50 MW ML2MW
1999 04 01 2239 120.917 -15.984   5.0 3.19 MW ML2MW
1999 04 18 2143 122.766 -13.679   5.0 3.26 MW ML2MW
1999 04 25 1725 150.762 -35.857   4.3 3.07 MW ML2MW
1999 06 25 0036 113.910 -22.850   5.0 3.91 MW ML2MW
1999 07 13 0820 145.837 -38.407   5.4 3.10 MW ML2MW
1999 08 18 0014 152.263 -33.878  10.0 3.31 MW ML2MW
1999 08 25 1223 112.570 -24.340   5.0 3.11 MW ML2MW
1999 10 09 0817 148.285 -37.738  11.9 3.14 MW ML2MW
1999 10 17 1328 121.350 -13.900   5.0 3.11 MW ML2MW
1999 10 29 0615 113.780 -22.170  18.0 3.26 MW ML2MW
1999 10 29 1133 144.461 -42.033  18.2 3.37 MW ML2MW
1999 12 27 0050 121.490 -12.850   5.0 3.11 MW ML2MW
2000 01 20 1501 114.050 -24.130   5.0 3.47 MW ML2MW
2000 02 08 1337 122.277 -13.529  33.0 3.54 MW mb2MW
2000 03 01 0611 123.466 -12.610   5.0 3.26 MW ML2MW
2000 03 01 2211 119.290 -18.100   5.0 3.11 MW ML2MW
2000 03 19 2307 113.190 -24.100  11.0 3.11 MW ML2MW
2000 04 01 1329 111.629 -25.186   0.0 4.11 MW ML2MW
2000 04 21 1152 134.389 -35.382   7.9 3.11 MW ML2MW
2000 05 14 1239 112.960 -23.282  10.0 3.80 MW mb2MW
2000 05 17 1729 143.563 -38.710  17.1 3.09 MW ML2MW
2000 05 25 0425 114.792 -20.722   5.0 3.19 MW ML2MW
2000 06 20 1412 124.121 -11.736   2.0 3.34 MW ML2MW
2000 07 25 0333 113.630 -24.190   5.0 3.79 MW ML2MW
2000 08 03 1129 145.989 -38.752  16.2 3.24 MW Allen (2012)
2000 08 29 1205 146.246 -38.404  15.4 4.15 MW Allen (2012)
2000 09 16 0429 113.055 -22.612  27.0 3.11 MW ML2MW
2000 09 24 0907 114.791 -22.090  10.0 3.41 MW ML2MW
2000 10 02 1133 113.143 -22.696  13.0 3.66 MW ML2MW
2000 10 11 1927 112.839 -20.027  19.5 5.10 MW EHB
2000 10 15 0827 128.902 -12.370  28.0 4.21 MW ML2MW
2000 10 21 1052 129.288 -13.802  19.0 3.37 MW ML2MW
2000 10 30 1730 146.044 -38.567  15.5 3.30 MW ML2MW
2000 12 29 2339 144.482 -38.793  17.1 3.60 MW ML2MW
2001 01 01 2341 150.624 -36.770  10.0 3.35 MW ML2MW
2001 01 15 0055 122.368 -37.243  10.0 3.45 MW ML2MW
2001 02 17 1300 129.194 -13.077   0.0 3.58 MW ML2MW
2001 02 19 1805 129.240 -14.010   0.0 3.08 MW ML2MW
2001 04 01 0842 113.480 -20.350  10.0 3.91 MW ML2MW
2001 04 29 1954 114.042 -27.651   9.0 3.63 MW mb2MW
2001 04 30 2338 113.070 -24.500  18.0 3.44 MW ML2MW
2001 05 24 0951 122.638 -12.149  10.0 3.26 MW ML2MW
2001 06 03 0652 146.081 -43.979  10.0 3.16 MW ML2MW
2001 06 23 2202 112.860 -21.980  20.0 3.80 MW ML2MW
2001 07 04 0416 146.294 -38.420   6.0 3.44 MW ML2MW
2001 07 23 0555 111.414 -19.627  10.0 3.34 MW ML2MW
2001 08 06 1421 128.803 -10.044  90.0 3.26 MW ML2MW
2001 08 21 2313 145.472 -38.119  13.0 3.66 MW Allen (2012)
2001 09 04 1656 115.192 -27.288   5.0 3.45 MW ML2MW
2001 09 06 1843 135.860 -35.413   8.7 3.02 MW ML2MW
2001 09 08 0713 146.300 -38.500   0.0 3.01 MW ML2MW
2001 09 11 0356 114.990 -24.820   2.0 3.35 MW ML2MW
2001 10 12 0005 152.883 -24.119   2.7 3.93 MW ML2MW
2001 11 02 0238 123.428 -12.695  33.0 3.37 MW mb2MW
2001 11 23 1407 126.311 -12.499  33.0 3.37 MW mb2MW
2001 12 01 2209 122.592 -12.967  23.0 3.24 MW ML2MW
2002 01 05 1451 140.705 -38.398  33.6 3.20 MW ML2MW
2002 02 07 1248 143.866 -40.814  10.0 4.38 MW ML2MW
2002 04 05 1910 112.388 -25.181  10.0 3.97 MW ML2MW
2002 04 30 1517 114.013 -32.993  10.0 3.45 MW ML2MW
2002 05 02 0405 119.599 -17.742   2.0 3.37 MW ML2MW
2002 05 11 1350 113.192 -25.023   6.0 3.04 MW ML2MW
2002 06 04 1759 150.943 -35.877  10.0 3.06 MW ML2MW
2002 06 13 1846 114.230 -19.691  15.0 4.26 MW ML2MW
2002 06 13 2036 113.900 -20.841  10.0 4.05 MW mb2MW
2002 07 19 0540 144.819 -39.245   8.5 3.15 MW ML2MW
2002 08 16 2225 114.461 -22.814  10.0 3.68 MW ML2MW
2002 09 24 0742 146.066 -38.691   3.0 3.67 MW Allen (2012)
2002 10 08 1554 115.498 -25.263   5.0 4.33 MW ML2MW
2002 11 17 1105 114.187 -19.851  10.0 3.33 MW ML2MW
2003 03 02 0936 110.782 -24.219  97.4 3.31 MW ML2MW
2003 04 08 0313 121.917 -14.642  33.0 3.45 MW ML2MW
2003 04 10 0041 114.333 -29.330  10.0 3.39 MW ML2MW
2003 04 10 0711 145.928 -39.241  18.3 3.85 MW ML2MW
2003 04 22 0739 146.211 -38.558   4.2 3.39 MW ML2MW
2003 04 30 0255 111.072 -25.086  22.0 3.28 MW ML2MW
2003 06 19 0726 113.192 -25.481   1.0 3.09 MW ML2MW
2003 07 07 0935 148.128 -38.099   3.0 3.29 MW ML2MW
2003 10 04 0145 122.465 -13.731   5.0 3.05 MW ML2MW
2003 10 19 0842 112.143 -24.983 116.0 3.43 MW ML2MW
2003 11 12 2057 122.797 -13.237 105.0 3.37 MW mb2MW
2004 01 14 0109 122.789 -12.864  75.0 3.66 MW ML2MW
2004 01 23 1820 123.700 -12.020 107.0 3.45 MW mb2MW
2004 04 02 2222 128.185 -11.851   0.0 3.66 MW ML2MW
2004 04 08 1024 124.198 -12.349  98.0 3.80 MW mb2MW
2004 05 10 1839 113.004 -24.516  20.0 3.44 MW ML2MW
2004 05 12 1125 116.924 -19.780  36.0 3.32 MW ML2MW
2004 05 27 0720 115.962 -36.270  17.0 3.30 MW ML2MW
2004 06 21 0828 146.635 -16.930  10.0 3.65 MW ML2MW
2004 10 11 1636 143.552 -37.903  10.0 3.01 MW ML2MW
2004 12 02 2128 117.635 -18.650  20.0 3.08 MW ML2MW
2004 12 13 2334 113.895 -21.936   0.0 3.05 MW ML2MW
2005 01 14 0051 144.348 -39.745  10.0 3.05 MW ML2MW
2005 02 23 1935 122.095 -14.636  10.0 4.22 MW mb2MW
2005 03 07 1452 112.565 -24.309  10.0 3.35 MW ML2MW
2005 03 08 0454 122.014 -14.738  10.0 3.88 MW mb2MW
2005 03 19 2138 115.764 -20.800  10.0 3.67 MW ML2MW
2005 04 07 2018 130.149 -10.380   0.0 3.04 MW ML2MW
2005 04 20 2153 146.554 -38.517   7.4 3.52 MW ML2MW
2005 05 06 0659 115.963 -31.635   2.0 3.02 MW ML2MW
2005 06 30 1413 142.307 -39.067  22.3 3.23 MW ML2MW
2005 09 28 2137 146.027 -38.568   7.2 3.08 MW ML2MW
2005 12 20 1949 114.102 -29.400  10.0 3.78 MW ML2MW
2005 12 22 1353 139.372 -37.708  26.7 3.44 MW ML2MW
2005 12 26 2040 122.762 -13.834  10.0 4.22 MW mb2MW
2005 12 27 0932 112.757 -24.860   0.0 3.53 MW ML2MW
2006 01 05 0953 151.879 -19.283   4.0 3.90 MW ML2MW
2006 01 19 1615 146.204 -40.783  10.0 3.60 MW ML2MW
2006 01 29 0940 113.446 -21.676  22.0 3.49 MW ML2MW
2006 02 22 0842 128.384 -10.382  35.0 3.11 MW mb2MW
2006 04 08 0034 142.258 -38.874   5.8 3.48 MW ML2MW
2006 05 09 1454 145.492 -43.769  10.0 3.15 MW ML2MW
2006 06 18 1317 146.861 -38.484  13.0 3.28 MW ML2MW
2006 09 29 1249 145.238 -44.793  17.0 4.31 MW mb2MW
2006 10 05 2124 143.700 -40.568   3.0 3.16 MW ML2MW
2006 10 06 1206 113.904 -22.269  26.0 3.17 MW ML2MW
2006 10 22 1236 145.025 -37.873  16.1 3.09 MW ML2MW
2006 10 22 1322 146.267 -38.524  18.2 3.01 MW ML2MW
2006 12 04 0254 144.844 -39.055  13.5 3.30 MW ML2MW
2006 12 14 1723 143.690 -42.566  15.0 4.68 MW ML2MW
2007 01 03 2227 146.259 -38.467  17.8 3.31 MW ML2MW
2007 01 07 1357 143.427 -40.646  10.0 3.65 MW ML2MW
2007 02 15 1538 113.383 -25.918  10.0 5.05 MW Leask (2010); Young (2011)
2007 02 18 1004 146.279 -38.633  10.3 3.28 MW ML2MW
2007 03 16 0612 145.611 -39.547  10.0 3.14 MW ML2MW
2007 04 28 2219 124.759 -12.018  21.0 3.97 MW mb2MW
2007 06 28 1602 112.923 -28.741  15.0 3.25 MW ML2MW
2007 07 15 0126 152.635 -23.922  10.0 3.24 MW ML2MW
2007 07 28 1650 144.373 -39.594  10.0 3.13 MW ML2MW
2007 08 28 1533 115.942 -35.429  18.0 4.43 MW ML2MW
2007 10 06 0239 136.438 -35.953   7.3 3.58 MW ML2MW
2007 11 07 1910 114.933 -23.833   0.0 4.32 MW ML2MW
2007 11 08 0510 152.630 -23.290  10.0 3.29 MW ML2MW
2007 11 13 0659 140.110 -37.789  15.4 3.86 MW ML2MW
2007 12 13 0529 122.823 -12.537  15.0 3.75 MW ML2MW
2008 01 04 1417 140.497 -37.803  12.7 3.02 MW ML2MW
2008 01 24 0321 144.627 -38.757  14.3 3.43 MW ML2MW
2008 01 28 1537 113.872 -22.683   7.2 3.03 MW ML2MW
2008 02 06 0646 129.644 -13.402   6.7 4.14 MW ML2MW
2008 03 31 0827 112.332 -27.666  18.0 4.20 MW ML2MW
2008 04 02 0814 117.070 -16.982   8.3 3.37 MW ML2MW
2008 05 23 0916 150.226 -36.447  10.0 3.29 MW ML2MW
2008 05 28 0935 118.920 -18.430   5.0 3.56 MW ML2MW
2008 06 01 1214 113.506 -24.208  10.0 3.23 MW ML2MW
2008 06 24 0703 140.578 -38.058  29.1 3.52 MW ML2MW
2008 07 29 1109 122.110 -14.550   0.0 4.55 MW ML2MW
2008 09 30 0703 149.992 -37.975  10.0 3.17 MW ML2MW
2008 10 28 1224 144.281 -38.264   6.1 3.17 MW ML2MW
2009 02 05 0404 144.994 -39.024  10.0 3.58 MW ML2MW
2009 03 06 0135 121.240 -16.271  10.0 5.13 MW ML2MW
2009 03 06 0955 145.852 -38.413   9.8 4.41 MW Allen (2012); Herrmann (2009); Ghasemi et al (2016)
2009 04 05 2210 119.480 -16.940  10.0 4.31 MW mb2MW
2009 04 16 1119 145.925 -15.663  13.8 3.21 MW ML2MW
2009 04 17 2312 112.843 -19.197  59.0 3.60 MW ML2MW
2009 06 06 1826 113.267 -28.278   0.0 3.60 MW ML2MW
2009 06 10 0057 150.731 -37.351  10.0 3.42 MW ML2MW
2009 08 08 0155 153.582 -31.863  10.0 3.82 MW ML2MW
2009 09 22 0820 145.233 -38.199   5.0 3.17 MW ML2MW
2009 10 08 0837 148.461 -38.192  10.0 3.28 MW ML2MW
2009 10 15 2318 145.291 -39.389  10.0 3.14 MW ML2MW
2009 12 05 1540 114.013 -22.036  21.0 3.29 MW ML2MW
2010 01 02 1300 136.763 -36.449  22.3 3.11 MW ML2MW
2010 01 04 0554 138.556 -37.434  24.3 3.35 MW ML2MW
2010 03 13 0008 150.481 -36.972  10.0 3.01 MW ML2MW
2010 03 30 0808 144.903 -38.089   9.0 3.17 MW ML2MW
2010 05 19 2008 111.125 -24.985  50.0 3.79 MW ML2MW
2010 06 08 2007 113.534 -21.935  34.0 3.93 MW ML2MW
2010 07 04 0348 113.667 -22.370  13.0 3.36 MW ML2MW
2010 07 16 1635 119.068 -18.000   0.0 3.03 MW ML2MW
2010 07 17 1624 123.154 -34.823  14.0 4.04 MW ML2MW
2010 08 14 2123 147.541 -38.504   0.0 3.28 MW ML2MW
2010 08 19 0847 153.594 -24.684  10.0 3.15 MW ML2MW
2010 08 22 0410 110.795 -24.777  10.0 3.61 MW ML2MW
2010 09 02 0725 129.351 -14.310   0.0 3.41 MW ML2MW
2010 09 18 1253 114.650 -22.045   0.0 3.21 MW ML2MW
2010 10 15 1306 117.435 -19.603  10.0 3.54 MW ML2MW
2010 10 25 0305 151.381 -20.199   5.0 3.61 MW ML2MW
2010 11 09 1920 140.030 -37.873  13.1 3.09 MW ML2MW
2010 12 04 0714 153.629 -24.135   5.0 3.52 MW ML2MW
2010 12 08 0910 149.018 -38.236  10.0 3.01 MW ML2MW
2010 12 10 2210 129.110 -14.842  10.0 3.03 MW ML2MW
2010 12 21 1500 127.327 -13.115  10.0 3.71 MW ML2MW
2010 12 28 0851 147.300 -38.570  35.7 3.33 MW ML2MW
2011 01 06 0101 121.957 -36.500  10.0 3.07 MW ML2MW
2011 01 13 0726 122.615 -36.911   0.0 3.14 MW ML2MW
2011 02 21 2243 153.132 -24.131   5.0 3.56 MW ML2MW
2011 03 13 0332 152.595 -23.890   5.0 3.55 MW ML2MW
2011 04 17 1841 113.730 -19.921  10.0 5.01 MW mb2MW
2011 05 09 0818 112.972 -27.250  10.0 3.66 MW ML2MW
2011 05 11 2034 125.207 -12.614   0.0 3.03 MW mb2MW
2011 06 21 2003 113.481 -25.292   0.0 3.57 MW ML2MW
2011 06 27 2218 115.643 -25.283   0.0 3.90 MW ML2MW
2011 07 11 1939 116.135 -20.051  33.0 3.47 MW ML2MW
2011 07 14 0235 114.173 -33.165   0.0 3.77 MW ML2MW
2011 07 20 1919 143.600 -38.951  10.0 3.23 MW ML2MW
2011 07 24 1316 114.557 -23.533  10.0 3.32 MW ML2MW
2011 09 07 2228 136.132 -36.602  14.9 3.27 MW ML2MW
2011 10 29 0748 117.874 -36.357  10.0 3.20 MW ML2MW
2011 11 02 1632 152.254 -23.664  10.0 3.77 MW ML2MW
2011 11 05 2252 140.454 -37.579  18.3 3.10 MW ML2MW
2011 11 23 1100 122.593 -12.527   0.0 3.11 MW ML2MW
2011 12 05 1910 114.777 -21.809  10.0 5.26 MW GCMT; Ghasemi et al (2016)
2012 01 12 0122 140.759 -38.629  27.1 3.32 MW ML2MW
2012 02 04 0841 133.119 -34.889  15.2 3.43 MW ML2MW
2012 02 18 0402 113.603 -24.096  10.0 3.02 MW ML2MW
2012 03 01 0418 120.644 -16.505  33.0 3.64 MW ML2MW
2012 03 16 1304 113.952 -27.009   5.0 3.35 MW ML2MW
2012 03 29 0505 114.224 -29.031   3.0 3.51 MW ML2MW
2012 05 11 1827 128.104 -10.582 116.0 4.14 MW mb2MW
2012 06 19 1053 146.290 -38.259  18.1 5.06 MW GCMT; Hoult et al (2021)
2012 06 19 1344 148.421 -38.298  10.0 3.25 MW ML2MW
2012 07 30 1725 150.663 -37.666   6.2 3.77 MW ML2MW
2012 07 31 0008 146.716 -38.605  10.0 3.09 MW ML2MW
2012 09 16 1557 149.788 -39.492  10.0 3.17 MW ML2MW
2012 10 11 2247 143.584 -37.885  11.2 3.31 MW ML2MW
2012 12 19 2350 112.497 -24.921  10.0 3.16 MW ML2MW
2012 12 26 2046 115.809 -35.114   2.0 3.09 MW ML2MW
2012 12 28 1204 112.396 -24.344   3.0 4.10 MW ML2MW
2013 01 15 0711 112.861 -25.040   0.0 3.54 MW ML2MW
2013 01 17 2356 144.749 -39.716   5.0 3.25 MW ML2MW
2013 01 18 1535 118.563 -18.486   5.0 3.12 MW ML2MW
2013 02 28 0549 153.177 -23.867  29.6 4.01 MW ML2MW
2013 03 25 0753 140.700 -38.647  24.9 3.07 MW ML2MW
2013 04 14 2220 144.871 -38.404  12.8 3.05 MW ML2MW
2013 05 02 1727 120.696 -36.748  10.0 3.20 MW ML2MW
2013 07 15 0419 144.335 -39.769  14.5 3.66 MW ML2MW
2013 09 21 1341 114.744 -33.944  10.0 3.23 MW ML2MW
2013 10 20 0752 123.697 -35.195  10.0 3.20 MW ML2MW
2013 11 22 0820 151.019 -35.371  10.0 3.03 MW ML2MW
2013 12 06 1045 121.179 -35.832  10.0 3.31 MW ML2MW
2013 12 06 1207 112.649 -25.349  10.0 3.05 MW ML2MW
2013 12 08 0647 146.322 -38.596  14.8 3.09 MW ML2MW
2013 12 08 1522 115.854 -36.385  10.0 3.24 MW ML2MW
2013 12 30 0022 152.700 -24.337  10.0 3.20 MW ML2MW
2014 01 02 0021 124.339 -36.613  20.0 3.88 MW ML2MW
2014 02 01 2232 138.539 -37.458  35.9 3.24 MW ML2MW
2014 02 03 0106 114.251 -24.941  10.0 3.10 MW ML2MW
2014 02 24 0603 152.800 -24.372  10.3 3.22 MW ML2MW
2014 02 26 0939 137.622 -37.904  13.2 3.46 MW ML2MW
2014 03 06 1531 139.935 -38.541  13.0 3.35 MW ML2MW
2014 03 17 0149 152.798 -24.324  10.0 3.11 MW ML2MW
2014 03 25 1757 121.639 -36.422  10.0 3.14 MW ML2MW
2014 04 02 2018 144.563 -39.561  10.0 3.10 MW ML2MW
2014 04 12 1911 115.553 -35.819  10.0 3.01 MW ML2MW
2014 05 10 1033 140.619 -38.997   8.9 3.23 MW ML2MW
2014 05 17 1433 137.599 -37.891  19.6 3.07 MW ML2MW
2014 05 20 2253 147.444 -38.552  10.0 3.39 MW ML2MW
2014 06 15 0738 121.783 -15.314  10.0 3.15 MW ML2MW
2014 06 28 0642 145.295 -39.448   9.5 3.15 MW ML2MW
2014 07 12 0344 146.060 -38.437  16.4 3.08 MW ML2MW
2014 08 21 2152 144.448 -42.065  10.0 3.44 MW ML2MW
2014 08 22 0725 114.610 -23.505  10.0 4.01 MW ML2MW
2014 09 13 2209 113.285 -24.903  15.0 3.24 MW ML2MW
2014 10 10 0423 113.734 -27.269  10.0 3.83 MW ML2MW
2014 10 12 0443 113.893 -29.923  10.0 3.22 MW ML2MW
2014 10 17 0813 146.227 -38.219  10.6 3.40 MW ML2MW
2014 10 22 0240 114.583 -22.501  10.0 3.07 MW ML2MW
2014 11 28 0301 112.569 -26.054  15.0 3.94 MW ML2MW
2014 12 02 1634 145.846 -38.418   8.8 3.52 MW ML2MW
2014 12 03 1905 145.460 -38.067  18.4 3.59 MW ML2MW
2014 12 20 0950 148.733 -38.276   7.2 3.69 MW ML2MW
2015 01 14 1212 114.522 -23.460  10.0 3.34 MW ML2MW
2015 03 04 0301 119.213 -18.134 105.0 3.10 MW ML2MW
2015 03 05 0135 146.193 -38.255   9.5 3.27 MW ML2MW
2015 03 27 1327 140.750 -38.562  38.0 3.47 MW ML2MW
2015 03 29 1717 113.178 -19.833  77.0 3.39 MW ML2MW
2015 04 02 0013 115.070 -26.926  10.0 3.15 MW ML2MW
2015 05 01 1321 129.244 -13.924  20.0 3.31 MW ML2MW
2015 05 13 1135 136.775 -36.551  17.8 3.52 MW ML2MW
2015 05 22 0010 110.996 -32.818  10.0 3.22 MW ML2MW
2015 05 29 1504 146.247 -38.254  11.3 3.05 MW ML2MW
2015 09 17 0244 142.582 -39.825  54.0 4.39 MW ML2MW
2015 10 27 0638 115.570 -20.507  10.0 3.60 MW ML2MW
2015 12 15 0457 140.092 -37.848  37.8 3.21 MW ML2MW
2015 12 19 1213 113.267 -25.144  10.0 3.32 MW ML2MW
2016 01 01 1946 129.230 -13.891  15.0 3.58 MW ML2MW
2016 01 13 1225 116.789 -19.397  10.0 3.38 MW ML2MW
2016 02 09 1821 140.490 -38.069  36.4 3.38 MW ML2MW
2016 03 15 0151 140.436 -38.107  35.0 3.44 MW ML2MW
2016 03 26 1454 111.834 -24.981  15.0 3.09 MW ML2MW
2016 04 04 1942 146.034 -38.572  19.3 3.45 MW ML2MW
2016 04 21 2307 153.134 -23.529  10.0 3.37 MW ML2MW
2016 05 03 1728 114.402 -29.520  10.0 3.15 MW ML2MW
2016 05 06 1315 150.594 -37.722  10.0 3.00 MW ML2MW
2016 05 07 1343 153.244 -22.427  10.0 3.26 MW ML2MW
2016 05 10 0944 118.690 -16.397   0.0 4.65 MW ML2MW
2016 05 17 0344 153.406 -24.160  10.0 3.47 MW ML2MW
2016 05 27 1602 111.510 -24.717  32.0 3.40 MW ML2MW
2016 06 05 1647 146.358 -40.745  10.0 3.18 MW ML2MW
2016 06 06 0711 114.015 -18.920  10.0 3.27 MW ML2MW
2016 06 07 0002 152.615 -33.477   7.0 4.03 MW ML2MW
2016 06 12 1251 145.810 -39.061  14.0 3.13 MW ML2MW
2016 06 19 0154 136.468 -35.946   0.0 4.47 MW ML2MW
2016 07 31 1345 112.121 -19.124  10.0 4.13 MW ML2MW
2016 08 13 1531 152.910 -23.743  10.0 4.45 MW ML2MW
2016 09 20 1334 153.749 -23.323  10.0 3.50 MW ML2MW
2016 10 24 1302 112.911 -19.778  20.0 3.66 MW ML2MW
2016 11 03 1124 112.513 -19.413  10.0 3.12 MW ML2MW
2016 11 11 0621 115.325 -24.784  15.0 3.28 MW ML2MW
2016 12 12 1733 113.115 -27.652  10.0 3.38 MW ML2MW
2017 01 08 1920 143.444 -39.009  12.6 3.18 MW ML2MW
2017 01 14 2037 148.957 -38.358  12.2 3.13 MW ML2MW
2017 01 21 1354 119.287 -17.733  10.0 3.20 MW ML2MW
2017 01 24 0502 123.500 -35.172  10.0 3.54 MW ML2MW
2017 01 31 1940 146.274 -38.429  19.7 3.57 MW ML2MW
2017 02 17 1633 140.621 -38.627  10.0 3.32 MW ML2MW
2017 02 26 1741 112.877 -24.785  10.0 3.44 MW ML2MW
2017 03 19 0138 140.802 -38.078  10.0 3.25 MW ML2MW
2017 04 19 0855 153.238 -32.278  10.0 3.35 MW ML2MW
2017 04 26 0725 116.329 -20.293  10.0 3.15 MW ML2MW
2017 04 27 0153 111.506 -24.840  10.0 3.41 MW ML2MW
2017 06 27 0652 140.227 -38.031  10.0 3.24 MW ML2MW
2017 08 07 0056 118.405 -16.506  10.0 3.83 MW ML2MW
2017 08 12 0226 115.111 -27.159  10.0 3.40 MW ML2MW
2017 09 13 0952 113.866 -27.793  10.0 3.31 MW ML2MW
2017 09 30 0829 154.038 -25.511  10.0 3.22 MW ML2MW
2017 10 23 2029 140.811 -38.486  10.0 3.55 MW ML2MW
2017 11 17 1610 144.132 -38.067  10.0 3.05 MW ML2MW
2017 12 17 1204 114.438 -22.867  10.0 3.12 MW ML2MW
2018 02 11 1324 145.937 -39.139  10.0 3.06 MW ML2MW
2018 04 06 0742 114.511 -23.344  10.0 3.62 MW ML2MW
2018 04 22 1109 121.712 -36.224  10.0 3.16 MW ML2MW
2018 04 25 0833 114.523 -29.454  10.0 3.38 MW ML2MW
2018 06 18 1726 141.033 -38.215  10.0 3.15 MW ML2MW
2018 07 08 0246 145.698 -43.416  10.0 3.44 MW ML2MW
2018 09 12 1145 116.910 -35.866  10.0 3.23 MW ML2MW
2018 09 12 1625 144.484 -44.772  10.0 3.28 MW ML2MW
2018 09 14 1300 114.252 -27.014  10.0 3.61 MW ML2MW
2018 09 16 2033 113.913 -27.181  10.0 3.17 MW ML2MW
2018 10 27 1215 119.259 -17.568  10.0 3.67 MW ML2MW
2018 12 05 0623 139.504 -37.440  10.0 3.40 MW ML2MW
2018 12 16 1426 112.623 -23.304  10.0 5.85 MW AUST
2018 12 17 0834 113.327 -23.877  10.0 3.02 MW ML2MW
2018 12 19 0631 112.712 -22.424  10.0 3.15 MW ML2MW
2018 12 29 0014 115.494 -29.612  34.9 3.32 MW ML2MW
2019 01 01 1143 113.634 -28.267  10.0 3.04 MW ML2MW
2019 01 04 0611 145.036 -38.268  10.0 3.04 MW ML2MW
2019 01 17 1925 112.859 -23.603  10.0 3.15 MW ML2MW
2019 01 22 1034 118.775 -18.697  10.0 3.14 MW ML2MW
2019 02 01 0828 113.302 -24.501  10.0 4.42 MW ML2MW
2019 02 23 1553 146.859 -38.397  10.0 3.00 MW ML2MW
2019 03 07 2040 119.246 -17.624  10.0 3.30 MW ML2MW
2019 04 04 0608 139.522 -37.511  10.0 3.74 MW ML2MW
2019 04 04 1347 140.181 -38.004  10.0 3.36 MW ML2MW
2019 04 11 1223 140.044 -37.742  10.0 3.72 MW ML2MW
2019 05 28 0915 151.267 -35.602  10.0 3.02 MW ML2MW
2019 06 14 1637 146.552 -38.417  10.0 3.29 MW ML2MW
2019 06 15 1900 140.842 -38.034  10.0 3.03 MW ML2MW
2019 07 17 0802 113.108 -25.979  10.0 3.98 MW ML2MW
2019 08 05 0702 144.214 -41.317  10.0 3.28 MW ML2MW
2019 08 13 0214 131.206 -33.832  10.0 4.31 MW ML2MW
2019 08 13 1547 131.868 -33.789  10.0 3.70 MW ML2MW
2019 08 14 1704 113.925 -18.989  25.0 3.79 MW ML2MW
2019 08 31 2100 134.356 -35.361  10.0 4.17 MW ML2MW
2019 09 11 2237 131.264 -34.025  10.0 3.39 MW ML2MW
2019 09 22 1348 145.822 -38.416  10.0 3.01 MW ML2MW
2019 09 23 0030 146.912 -38.099  10.0 3.30 MW ML2MW
2019 09 30 1219 114.494 -27.491  10.0 3.09 MW ML2MW
2019 10 01 0017 114.138 -19.583  10.0 3.79 MW ML2MW
2019 10 04 0107 152.500 -22.680  10.0 3.57 MW ML2MW
2019 10 10 1159 113.965 -28.022  10.0 3.17 MW ML2MW
2019 10 10 2029 113.765 -28.014  10.0 3.14 MW ML2MW
2019 10 21 1745 121.308 -16.060  10.0 3.41 MW ML2MW
2019 10 31 2322 111.908 -25.759  10.0 3.32 MW ML2MW
2019 11 19 1533 142.398 -38.806  10.0 3.15 MW ML2MW
2019 12 19 0706 111.668 -19.001  10.0 4.11 MW ML2MW
2019 12 24 0159 144.683 -38.484  10.0 3.52 MW ML2MW
2019 12 24 0440 150.386 -36.097  10.0 3.21 MW ML2MW
2020 01 02 0053 121.609 -14.768  10.0 4.01 MW ML2MW
2020 01 18 0527 116.371 -20.185  10.0 3.04 MW ML2MW
2020 02 05 0819 140.520 -38.282  10.0 3.27 MW ML2MW
2020 02 10 0924 115.151 -21.424  10.0 4.60 MW ML2MW
2020 02 13 1052 114.923 -21.511  10.0 3.42 MW ML2MW
2020 02 22 1836 115.037 -21.485  10.0 3.62 MW ML2MW
2020 03 01 2208 113.009 -28.508  10.0 3.46 MW ML2MW
2020 03 08 0903 117.892 -18.330  10.0 3.09 MW ML2MW
2020 03 09 2308 115.718 -30.493  10.0 3.14 MW ML2MW
2020 05 11 2257 139.570 -37.714  10.0 3.18 MW ML2MW
2020 05 30 1039 112.240 -24.256  10.0 3.12 MW ML2MW
2020 06 04 0705 145.900 -38.958  10.0 3.56 MW ML2MW
2020 06 06 0548 146.092 -38.617  10.0 3.37 MW ML2MW
2020 07 11 1437 114.475 -27.547  10.0 3.04 MW ML2MW
2020 07 14 2210 145.615 -38.986  10.0 3.31 MW ML2MW
2020 08 02 0126 143.555 -38.921   5.4 3.06 MW ML2MW
2020 08 08 2206 113.993 -20.191  10.0 3.42 MW ML2MW
2020 08 17 2359 113.660 -33.278  10.0 3.47 MW ML2MW
2020 08 18 1234 115.150 -21.129  10.0 3.12 MW ML2MW
2020 08 23 0937 143.670 -38.860   2.9 3.98 MW ML2MW
2020 10 22 1637 114.511 -22.871  10.0 3.53 MW ML2MW
2020 11 07 1809 129.341 -14.293  10.0 3.37 MW ML2MW
2020 11 08 0827 112.665 -24.939  10.0 3.54 MW ML2MW
2020 11 09 2030 116.381 -20.283  10.0 3.53 MW ML2MW
2020 11 14 1332 145.841 -38.403  10.0 3.72 MW ML2MW
2020 12 01 1545 116.400 -20.230  10.0 3.08 MW ML2MW
2020 12 11 0824 146.026 -44.078  10.0 3.75 MW ML2MW
2020 12 13 2153 120.963 -15.914  10.0 3.12 MW ML2MW
2021 01 06 1520 114.540 -23.526  10.0 3.13 MW ML2MW
2021 01 14 0403 121.940 -36.667  10.0 3.40 MW ML2MW
2021 02 07 2243 127.164 -36.207  10.0 3.18 MW ML2MW
2021 02 27 1314 111.847 -25.880  10.0 3.00 MW ML2MW
2021 03 05 1925 153.963 -25.722  10.0 3.14 MW ML2MW
2021 03 15 1141 150.592 -37.398   0.8 3.01 MW ML2MW
2021 03 16 1234 148.432 -38.046   7.5 3.07 MW ML2MW
2021 03 26 1137 151.095 -35.741  10.0 3.31 MW ML2MW
2021 04 15 1424 146.187 -38.520  10.0 3.20 MW ML2MW
2021 05 20 2135 116.307 -20.211  10.0 3.38 MW ML2MW
2021 05 24 1437 139.907 -38.165  10.0 3.01 MW ML2MW
2021 06 15 1554 123.291 -34.834  10.0 3.20 MW ML2MW
2021 06 22 1909 143.580 -38.906  10.0 3.80 MW ML2MW
2021 06 26 2212 113.863 -22.960  10.0 4.75 MW ML2MW
2021 07 01 0755 146.931 -38.561  10.0 3.38 MW ML2MW
2021 07 16 1456 146.186 -38.502   8.5 3.63 MW ML2MW
2021 07 28 1022 147.375 -37.753  10.0 3.09 MW ML2MW
2021 08 10 2322 112.878 -19.720  10.0 4.16 MW ML2MW
2021 08 17 0331 112.720 -19.939  10.0 3.01 MW ML2MW
2021 09 10 0600 143.642 -38.894  10.0 3.20 MW ML2MW
2021 09 10 1826 120.028 -37.146  10.0 3.05 MW ML2MW
