1941 06 27 0755 137.340 -25.950   0.0 6.52 MW MS2MW
1960 01 02 0926 138.620 -11.910   0.0 5.22 MW MS2MW
1963 08 27 1915 128.600 -16.600  33.0 4.77 MW mb2MW
1968 06 19 0555 124.900 -19.100  18.0 4.64 MW mb2MW
1970 02 08 1631 125.080 -27.400   1.0 4.64 MW mb2MW
1970 03 24 1035 126.673 -22.059  15.0 5.90 MW MS2MW
1972 01 18 1033 126.580 -22.980   0.0 3.91 MW ML2MW
1972 01 25 1737 117.100 -29.850   0.0 4.05 MW mb2MW
1972 07 22 0419 126.710 -28.030   0.0 4.30 MW mb2MW
1972 08 28 0218 136.326 -24.992  13.4 5.42 MW mb2MW
1973 03 11 1604 127.418 -21.889  10.0 4.55 MW mb2MW
1974 04 17 0721 123.986 -29.581  33.0 4.37 MW ML2MW
1974 09 30 0332 112.800 -30.300   0.0 4.47 MW ML2MW
1975 01 10 0820 126.110 -27.740   0.0 5.42 MW mb2MW
1975 03 06 2351 126.488 -17.212   0.0 4.77 MW mb2MW
1975 03 07 2013 126.580 -25.860   0.0 4.47 MW mb2MW
1975 07 21 2139 123.500 -30.200   0.0 4.30 MW mb2MW
1975 11 06 0920 113.500 -30.250   0.0 4.39 MW mb2MW
1976 03 15 1538 125.470 -32.340  10.0 4.77 MW mb2MW
1976 04 18 1950 126.546 -22.184  51.0 4.22 MW mb2MW
1976 10 21 1112 126.665 -22.347  33.0 4.47 MW mb2MW
1977 11 17 1756 123.670 -30.590   0.0 4.30 MW ML2MW
1978 05 06 1952 126.560 -19.550  17.0 4.77 MW mb2MW
1978 12 12 0651 126.420 -22.052  19.0 3.98 MW ML2MW
1979 03 26 0014 126.070 -16.350   0.0 3.02 MW ML2MW
1979 03 31 0445 127.030 -18.040   0.0 3.19 MW ML2MW
1979 04 24 2314 129.160 -26.340   0.0 4.15 MW ML2MW
1979 06 18 2015 123.925 -29.643   0.0 3.58 MW ML2MW
1979 07 16 2039 127.049 -17.224  10.0 4.48 MW ML2MW
1979 10 26 0256 128.570 -16.460   0.0 3.18 MW ML2MW
1979 11 05 0942 127.300 -16.450   0.0 3.28 MW ML2MW
1980 02 12 2241 130.099 -23.020   0.0 3.29 MW ML2MW
1980 03 08 0051 124.410 -31.130  19.0 3.29 MW ML2MW
1980 06 03 1401 127.840 -21.260   0.0 3.08 MW ML2MW
1980 06 07 0515 130.260 -22.100   0.0 3.02 MW ML2MW
1980 08 07 2047 123.534 -29.304   0.0 3.89 MW ML2MW
1980 11 18 0549 143.200 -18.200   0.0 3.08 MW ML2MW
1980 11 23 1932 123.360 -30.000  10.0 3.43 MW ML2MW
1980 12 08 0012 114.110 -32.120  37.0 4.62 MW ML2MW
1980 12 21 1320 126.570 -22.000  30.0 3.41 MW ML2MW
1981 04 15 2314 126.500 -22.170  19.0 3.54 MW ML2MW
1981 04 16 1913 121.460 -33.100  10.0 3.17 MW ML2MW
1981 04 24 2103 129.100 -26.330  10.0 3.39 MW ML2MW
1981 06 18 1100 135.503 -10.325  15.0 4.47 MW mb2MW
1981 06 28 0823 126.500 -17.880  17.0 3.01 MW ML2MW
1981 06 28 2002 117.210 -25.613   6.0 3.68 MW ML2MW
1981 07 03 1739 128.760 -16.530  10.0 3.13 MW ML2MW
1981 07 14 0614 130.734 -10.997  33.0 4.05 MW mb2MW
1981 11 01 1546 117.267 -26.490  33.0 3.23 MW ML2MW
1981 11 14 2313 123.920 -29.790  10.0 3.40 MW ML2MW
1981 12 06 1255 128.730 -16.820  10.0 3.11 MW ML2MW
1981 12 15 0043 125.120 -19.400   0.0 3.08 MW ML2MW
1982 01 27 2312 125.390 -27.350  10.0 3.53 MW ML2MW
1982 02 13 0826 126.643 -22.096  10.0 4.39 MW mb2MW
1982 02 19 0111 123.349 -18.902   0.0 3.63 MW ML2MW
1982 03 17 0429 127.600 -14.974  10.0 3.53 MW ML2MW
1982 06 06 1406 122.257 -32.358  33.0 3.90 MW ML2MW
1982 07 04 0705 131.010 -26.470  10.0 3.04 MW ML2MW
1982 08 04 2200 117.310 -29.280  10.0 3.16 MW ML2MW
1982 08 24 0232 131.420 -26.410  10.0 3.86 MW ML2MW
1982 09 11 1015 123.030 -30.330  10.0 3.39 MW ML2MW
1982 11 20 0200 127.090 -19.036  19.0 3.57 MW ML2MW
1983 01 17 2157 125.230 -32.320  10.0 3.32 MW ML2MW
1983 03 12 0400 117.240 -26.770  10.0 3.01 MW ML2MW
1983 03 14 0329 128.597 -16.676  10.0 3.13 MW ML2MW
1983 05 29 1938 126.619 -12.221  33.0 4.47 MW mb2MW
1983 06 07 0616 125.581 -15.009  10.0 3.65 MW ML2MW
1983 09 14 2051 130.320 -11.290  10.0 3.03 MW ML2MW
1983 10 04 0012 130.250 -24.140  10.0 3.11 MW ML2MW
1983 10 12 1925 130.330 -25.610  10.0 3.30 MW ML2MW
1983 11 21 0304 138.099 -25.749   0.0 3.05 MW ML2MW
1983 11 28 1346 136.375 -24.989  20.0 3.60 MW ML2MW
1983 12 01 1545 126.450 -21.960  10.0 3.49 MW ML2MW
1984 01 09 0829 130.920 -26.170   0.0 3.24 MW ML2MW
1984 01 11 1048 138.715 -26.758  30.3 3.30 MW ML2MW
1984 01 24 1441 129.700 -21.972   0.0 3.40 MW ML2MW
1984 02 03 1502 119.570 -34.370  10.0 3.20 MW ML2MW
1984 02 08 2250 134.800 -11.400  15.0 3.45 MW ML2MW
1984 02 21 0559 122.720 -31.820  10.0 3.99 MW ML2MW
1984 03 12 0524 133.200 -11.800   0.0 3.01 MW ML2MW
1984 03 23 1938 125.520 -21.290  19.0 3.37 MW ML2MW
1984 03 30 1015 124.550 -27.140  10.0 3.19 MW ML2MW
1984 04 12 2046 129.883 -21.512  18.0 3.26 MW ML2MW
1984 05 17 0412 123.060 -21.370  15.0 3.23 MW ML2MW
1984 06 11 1321 122.780 -26.180   0.0 3.61 MW ML2MW
1984 07 07 0439 126.659 -28.219  33.0 4.17 MW ML2MW
1984 08 07 2051 127.320 -15.550   0.0 3.46 MW ML2MW
1984 08 08 0357 130.150 -23.200   0.0 3.35 MW ML2MW
1984 09 10 0751 123.550 -31.590  10.0 3.20 MW ML2MW
1984 09 12 2102 126.446 -22.016  33.0 3.73 MW ML2MW
1984 09 15 1623 130.860 -26.050   0.0 3.16 MW ML2MW
1984 09 30 1819 120.690 -28.300  10.0 3.07 MW ML2MW
1984 10 01 1547 126.830 -18.760  10.0 3.16 MW ML2MW
1984 10 16 1357 131.630 -10.350  10.0 3.14 MW ML2MW
1984 12 13 1648 124.910 -26.250  10.0 3.19 MW ML2MW
1984 12 28 2148 125.810 -19.270  10.0 3.01 MW ML2MW
1985 02 10 1559 129.910 -25.310   0.0 3.25 MW ML2MW
1985 02 13 2121 130.680 -20.170   0.0 3.30 MW ML2MW
1985 03 03 1104 126.590 -18.270  10.0 3.12 MW ML2MW
1985 03 22 0023 125.570 -22.840  10.0 3.45 MW ML2MW
1985 04 03 0150 132.455 -23.016   9.0 4.55 MW ML2MW
1985 04 12 0318 130.140 -14.750  10.0 3.87 MW ML2MW
1985 06 03 1234 135.087 -12.018  33.0 3.63 MW mb2MW
1985 06 05 0341 122.430 -32.650  10.0 3.11 MW ML2MW
1985 07 02 2345 125.300 -27.700  10.0 3.38 MW ML2MW
1985 07 10 0824 132.000 -25.500   0.0 3.11 MW ML2MW
1985 07 23 0947 126.797 -19.310  10.0 4.23 MW ML2MW
1985 07 28 0739 122.582 -32.554   5.8 4.72 MW ML2MW
1985 07 29 0713 124.260 -28.100  10.0 3.20 MW ML2MW
1985 09 10 1157 130.240 -18.050  33.0 4.77 MW mb2MW
1986 01 15 2211 114.990 -34.510   5.0 3.63 MW ML2MW
1986 01 20 0746 122.340 -32.360   5.0 3.98 MW ML2MW
1986 01 20 2331 124.220 -29.050  10.0 3.37 MW ML2MW
1986 03 16 0644 126.610 -28.100   5.0 3.43 MW ML2MW
1986 03 30 0853 132.734 -26.310   5.0 5.71 MW GCMT
1986 04 14 1932 131.345 -24.879  10.0 3.83 MW ML2MW
1986 04 16 0601 123.480 -20.450   5.0 3.23 MW ML2MW
1986 04 24 0823 127.880 -18.090   5.0 3.05 MW ML2MW
1986 05 02 2224 137.543 -25.957   5.0 3.38 MW ML2MW
1986 05 17 1457 119.800 -33.760   5.0 3.39 MW ML2MW
1986 05 26 0555 128.992 -27.768   5.0 4.06 MW ML2MW
1986 06 15 0233 125.930 -25.340   5.0 3.01 MW ML2MW
1986 06 23 1530 124.780 -27.590   5.0 3.60 MW ML2MW
1986 06 27 0130 140.195 -25.515   4.8 3.20 MW ML2MW
1986 07 20 0125 126.460 -21.980   5.0 3.11 MW ML2MW
1986 08 24 0454 126.705 -21.648  10.0 3.38 MW ML2MW
1986 09 04 1910 133.333 -33.619  21.9 3.09 MW ML2MW
1986 09 06 1041 119.050 -22.730   5.0 3.10 MW ML2MW
1986 09 16 1616 122.310 -32.590   5.0 3.36 MW ML2MW
1986 11 28 1546 129.779 -25.433   5.0 3.86 MW ML2MW
1986 12 18 0658 116.820 -27.830   5.0 4.10 MW ML2MW
1987 02 24 0810 122.220 -32.510   5.0 3.00 MW ML2MW
1987 03 30 0510 131.519 -26.062  33.0 3.64 MW ML2MW
1987 04 19 2241 122.260 -32.610   5.0 3.14 MW ML2MW
1987 05 02 2349 121.428 -30.710   5.0 3.12 MW ML2MW
1987 05 08 1335 122.220 -32.510   5.0 3.00 MW ML2MW
1987 05 21 0315 128.348 -16.842   0.0 3.30 MW ML2MW
1987 07 08 1038 122.280 -32.540   5.0 4.36 MW ML2MW
1987 08 19 1621 128.619 -24.455   0.0 3.20 MW ML2MW
1987 08 21 0939 122.370 -32.660   5.0 3.04 MW ML2MW
1987 08 30 1423 128.679 -16.739  14.0 4.13 MW ML2MW
1987 10 09 0358 121.262 -30.913  16.0 3.97 MW ML2MW
1987 11 01 1527 126.600 -22.080   5.0 3.10 MW ML2MW
1987 11 06 1336 122.966 -13.388  10.0 3.60 MW ML2MW
1987 11 15 1227 122.220 -32.510   5.0 3.07 MW ML2MW
1987 12 13 1529 126.270 -29.610   5.0 3.08 MW ML2MW
1987 12 20 1211 121.083 -30.483   5.0 3.39 MW ML2MW
1988 01 22 1204 133.854 -19.896   5.0 6.55 MW Choy & Bowman (1990); Somerville et al. (2009); GCMT
1988 02 06 0524 124.730 -16.601  15.0 5.10 MW EHB
1988 03 10 1415 130.650 -14.630  10.0 5.15 MW MS2MW
1988 03 12 1359 128.829 -16.640   5.0 3.11 MW ML2MW
1988 04 23 2338 126.628 -21.817   5.0 3.14 MW ML2MW
1988 05 08 1553 124.730 -22.830   5.0 3.05 MW ML2MW
1988 05 09 1924 126.430 -21.920   5.0 3.12 MW ML2MW
1988 05 26 1704 116.910 -27.900   5.0 3.05 MW ML2MW
1988 06 15 0913 126.500 -31.720   5.0 4.21 MW ML2MW
1988 06 23 1131 128.606 -16.814  10.0 4.08 MW ML2MW
1988 07 14 2236 128.783 -16.862  33.0 3.94 MW ML2MW
1988 08 08 1813 126.573 -27.243   5.0 4.10 MW ML2MW
1988 08 15 0413 122.220 -32.510   5.0 3.52 MW ML2MW
1988 08 25 2133 128.583 -16.694  10.0 3.22 MW ML2MW
1988 09 21 0228 128.130 -17.380   5.0 3.41 MW ML2MW
1988 09 25 0628 132.342 -31.226  15.3 3.34 MW ML2MW
1988 11 01 0425 129.540 -25.090   5.0 3.12 MW ML2MW
1988 11 02 1848 140.122 -15.114  10.0 3.51 MW ML2MW
1988 11 04 0734 128.030 -29.940   5.0 3.10 MW ML2MW
1988 11 27 1407 123.010 -30.370   5.0 3.24 MW ML2MW
1988 12 15 1856 124.583 -19.164   5.0 3.68 MW ML2MW
1988 12 23 0424 126.510 -22.000   5.0 3.04 MW ML2MW
1988 12 25 1001 117.730 -27.420   5.0 3.12 MW ML2MW
1989 01 24 0458 128.725 -10.658 147.0 4.22 MW mb2MW
1989 02 27 2325 122.586 -12.337  33.0 3.80 MW mb2MW
1989 03 03 1326 123.661 -29.340  10.0 4.88 MW ML2MW
1989 04 01 0517 127.770 -19.280  10.0 3.18 MW ML2MW
1989 04 10 0737 126.618 -17.124   5.0 3.28 MW ML2MW
1989 04 17 0349 123.760 -28.746   5.0 3.10 MW ML2MW
1989 05 05 0616 131.399 -17.995  10.0 3.25 MW ML2MW
1989 05 28 0255 130.755 -25.139  28.6 4.97 MW ML2MW
1989 07 20 0929 114.888 -33.967   5.0 3.14 MW ML2MW
1989 07 27 0607 125.467 -26.092   5.0 3.11 MW ML2MW
1989 09 12 0943 128.396 -15.559  33.0 4.39 MW mb2MW
1989 09 13 2152 129.969 -21.517   5.0 3.02 MW ML2MW
1989 10 11 0704 134.473 -11.355   5.0 3.33 MW ML2MW
1989 10 12 0403 122.916 -27.686   5.0 3.09 MW ML2MW
1989 11 04 0057 127.798 -17.236   5.0 3.33 MW ML2MW
1989 12 22 0312 116.401 -35.882   5.0 3.23 MW ML2MW
1990 01 12 0549 131.570 -25.620   5.0 3.50 MW ML2MW
1990 01 12 0950 131.239 -23.053   5.0 4.26 MW ML2MW
1990 02 14 1350 137.633 -26.313  13.5 3.01 MW ML2MW
1990 02 20 1418 128.532 -16.713  10.0 3.19 MW ML2MW
1990 03 05 1258 127.775 -26.262   3.0 3.04 MW ML2MW
1990 03 20 2109 124.310 -18.506   5.0 3.42 MW ML2MW
1990 03 21 1337 129.510 -25.430  10.0 4.35 MW ML2MW
1990 03 28 0713 121.485 -30.760   1.0 3.04 MW ML2MW
1990 04 01 1035 122.589 -13.359  33.0 3.63 MW mb2MW
1990 04 21 2136 127.301 -26.144  10.0 3.19 MW ML2MW
1990 06 09 1342 143.269 -11.898   0.0 4.35 MW ML2MW
1990 06 26 2030 126.799 -18.698   5.0 3.34 MW ML2MW
1990 07 17 0513 121.477 -30.769   1.0 3.26 MW ML2MW
1990 07 28 1339 134.900 -12.400   5.0 3.74 MW ML2MW
1990 08 11 1754 130.270 -23.120  10.0 4.35 MW ML2MW
1990 09 27 1241 137.510 -25.910  10.0 3.74 MW ML2MW
1990 10 09 1816 128.895 -14.286   5.0 3.34 MW ML2MW
1990 11 25 2146 126.400 -21.730   5.0 3.11 MW ML2MW
1990 12 01 2054 131.809 -26.527  12.9 3.34 MW ML2MW
1990 12 01 2235 131.325 -26.582  21.6 3.99 MW ML2MW
1991 02 09 0124 139.800 -15.470   0.0 3.34 MW ML2MW
1991 02 13 0735 125.653 -29.775   1.0 3.04 MW ML2MW
1991 03 09 0136 121.423 -30.761  11.0 4.08 MW ML2MW
1991 03 15 0429 124.655 -29.360   1.0 3.11 MW ML2MW
1991 04 18 0450 132.807 -26.447  10.0 3.00 MW ML2MW
1991 05 06 0709 131.000 -13.910   5.0 3.11 MW ML2MW
1991 05 21 0212 125.486 -15.455   5.0 3.11 MW ML2MW
1991 06 14 1222 122.318 -32.603   5.0 3.58 MW ML2MW
1991 08 06 1411 143.247 -17.915   5.0 4.63 MW ML2MW
1991 08 17 0008 115.699 -29.127   5.0 3.04 MW ML2MW
1991 08 18 1156 128.607 -16.770  10.0 3.82 MW ML2MW
1991 10 06 2259 129.087 -16.877   5.0 3.58 MW ML2MW
1991 10 09 1646 128.663 -16.706   5.0 3.66 MW ML2MW
1991 11 05 0926 122.097 -32.836   5.0 3.74 MW ML2MW
1992 01 07 0631 123.374 -30.496  37.0 3.19 MW ML2MW
1992 01 18 0249 126.708 -19.856   5.0 3.11 MW ML2MW
1992 03 10 0347 130.077 -25.449   5.0 3.26 MW ML2MW
1992 03 31 0214 126.875 -18.820  10.0 3.97 MW mb2MW
1992 04 28 2134 116.485 -27.539  37.0 3.26 MW ML2MW
1992 05 14 0132 122.210 -32.309   5.0 3.04 MW ML2MW
1992 06 02 0116 127.954 -22.015   5.0 3.26 MW ML2MW
1992 06 13 1805 130.096 -23.862  16.0 4.35 MW ML2MW
1992 06 14 1528 129.200 -21.450  10.0 3.19 MW ML2MW
1992 07 12 1746 123.066 -19.903   5.0 3.11 MW ML2MW
1992 07 12 2142 114.089 -32.789   5.0 3.42 MW ML2MW
1992 07 14 0519 129.220 -22.160  10.0 3.34 MW ML2MW
1992 07 15 0017 126.433 -22.064   5.0 4.63 MW ML2MW
1992 07 27 0940 129.286 -24.284   5.0 3.11 MW ML2MW
1992 08 02 0734 126.730 -19.906   5.0 3.26 MW ML2MW
1992 08 21 2053 130.136 -16.818   5.0 3.82 MW ML2MW
1992 08 22 1054 128.791 -27.452   5.0 3.74 MW ML2MW
1992 08 27 1919 123.600 -12.407  33.0 3.66 MW ML2MW
1992 09 30 1118 134.466 -11.379  15.0 4.91 MW ML2MW
1992 11 16 2104 127.206 -17.034   5.0 3.26 MW ML2MW
1992 12 03 1737 131.395 -25.931  10.0 3.58 MW ML2MW
1992 12 29 2020 129.870 -25.404   0.0 3.91 MW ML2MW
1993 01 28 2046 116.865 -27.890   5.0 3.19 MW ML2MW
1993 02 27 2208 122.317 -32.625   5.0 3.42 MW ML2MW
1993 03 22 0208 129.903 -25.392   0.0 3.26 MW ML2MW
1993 04 05 1754 127.593 -25.768   5.0 3.11 MW ML2MW
1993 05 28 1503 121.806 -28.218   1.0 3.58 MW ML2MW
1993 06 10 0336 122.298 -32.458   5.0 3.34 MW ML2MW
1993 07 06 2359 126.368 -22.569   5.0 3.34 MW ML2MW
1993 08 11 1914 126.841 -19.514  10.0 3.50 MW ML2MW
1993 08 20 2207 143.762 -16.859   8.0 3.04 MW ML2MW
1993 08 28 1926 127.925 -16.133   5.0 3.26 MW ML2MW
1993 11 20 0738 125.726 -20.590   5.0 3.34 MW ML2MW
1993 11 30 0051 125.087 -29.892   5.0 3.26 MW ML2MW
1993 12 18 1927 133.857 -11.827  19.3 4.39 MW mb2MW
1994 01 07 1213 122.297 -32.425   5.0 3.11 MW ML2MW
1994 02 20 1432 123.757 -29.608   5.0 3.26 MW ML2MW
1994 02 28 0758 127.270 -15.172   5.0 3.26 MW ML2MW
1994 04 07 2057 134.799 -11.978  33.0 3.11 MW ML2MW
1994 04 19 1125 126.548 -21.917   5.0 3.42 MW ML2MW
1994 06 23 1355 117.634 -36.238   5.0 3.11 MW ML2MW
1994 06 26 0736 133.815 -33.605  13.3 3.18 MW ML2MW
1994 07 04 0910 141.530 -19.580   5.0 3.74 MW ML2MW
1994 07 05 1907 141.589 -20.055   5.0 4.08 MW ML2MW
1994 07 22 1136 123.418 -12.199  33.0 3.55 MW mb2MW
1994 08 22 0331 126.315 -21.986   5.0 3.42 MW ML2MW
1994 09 01 0625 130.459 -22.873   5.0 3.19 MW ML2MW
1994 09 04 1301 124.253 -30.688   5.0 4.17 MW ML2MW
1994 09 12 1203 136.427 -22.512   5.0 3.82 MW ML2MW
1994 10 09 1501 128.070 -16.652   5.0 3.58 MW ML2MW
1994 10 11 1034 121.307 -33.294   3.0 3.82 MW ML2MW
1994 10 19 2007 123.602 -35.208   5.0 3.34 MW ML2MW
1994 10 25 0809 123.689 -12.213  33.0 4.05 MW mb2MW
1994 12 02 1942 130.133 -23.587   0.0 4.08 MW ML2MW
1994 12 24 0818 139.311 -11.208   5.0 3.50 MW ML2MW
1994 12 27 1910 130.248 -23.649   5.0 3.11 MW ML2MW
1995 01 03 0633 131.316 -14.037   5.0 3.99 MW ML2MW
1995 02 23 0403 126.226 -21.905   5.0 3.34 MW ML2MW
1995 03 06 1056 129.814 -22.129   6.0 3.34 MW ML2MW
1995 03 16 2301 130.406 -23.347   5.0 3.11 MW ML2MW
1995 03 28 0732 120.440 -27.696   5.0 3.04 MW ML2MW
1995 04 05 2338 126.953 -32.672   5.0 3.91 MW ML2MW
1995 04 20 1403 123.605 -12.230  24.5 3.97 MW mb2MW
1995 05 11 0006 140.960 -19.220   0.0 3.11 MW ML2MW
1995 05 29 2033 136.600 -24.800   5.0 3.26 MW ML2MW
1995 06 04 2036 125.796 -24.119   5.0 3.66 MW ML2MW
1995 06 18 0745 126.380 -11.116 150.0 4.08 MW ML2MW
1995 07 10 1225 132.316 -22.357   0.0 3.26 MW ML2MW
1995 08 10 0650 131.704 -22.357   0.0 3.19 MW ML2MW
1995 08 15 1458 128.925 -11.251  33.0 3.21 MW mb2MW
1995 08 20 1957 122.619 -12.385  59.0 3.80 MW mb2MW
1995 09 21 0940 127.504 -22.249  10.0 3.88 MW mb2MW
1995 10 01 1139 134.483 -19.832  24.0 3.58 MW ML2MW
1995 10 27 0420 129.276 -34.631  20.0 3.66 MW ML2MW
1995 10 30 1905 135.510 -10.020 151.0 3.30 MW mb2MW
1995 11 20 1116 131.450 -25.991  10.0 3.50 MW ML2MW
1995 12 12 2211 124.282 -18.527   5.0 3.34 MW ML2MW
1995 12 16 0156 127.454 -21.081   5.0 3.42 MW ML2MW
1995 12 25 1509 134.070 -18.917   0.0 3.19 MW ML2MW
1996 01 01 1235 127.920 -14.490  33.0 3.21 MW mb2MW
1996 01 06 0208 140.282 -25.688   0.0 3.04 MW ML2MW
1996 01 13 1919 129.327 -10.342 626.0 3.80 MW mb2MW
1996 02 17 2323 135.787 -10.691  33.0 3.21 MW mb2MW
1996 03 10 1800 128.420 -20.540   5.0 3.11 MW ML2MW
1996 03 11 2324 127.149 -16.578   5.0 3.58 MW ML2MW
1996 03 13 0340 123.064 -12.584  33.0 3.91 MW ML2MW
1996 04 02 0355 127.890 -10.600  64.0 3.50 MW ML2MW
1996 04 22 0958 126.595 -22.082   5.0 3.58 MW ML2MW
1996 04 28 2052 128.651 -16.663  18.0 3.11 MW ML2MW
1996 04 30 1358 128.803 -11.753  33.0 3.30 MW mb2MW
1996 05 28 0126 128.573 -10.213  67.0 3.72 MW mb2MW
1996 06 01 0715 121.468 -30.743   1.0 3.19 MW ML2MW
1996 06 13 1552 142.488 -15.553  10.0 3.19 MW ML2MW
1996 07 02 1627 129.430 -10.850   0.0 3.19 MW ML2MW
1996 07 09 0926 129.936 -26.990   5.0 3.26 MW ML2MW
1996 08 01 0618 131.610 -11.590   5.0 3.11 MW ML2MW
1996 08 16 1158 127.206 -11.901  33.0 3.38 MW mb2MW
1996 08 18 1142 123.668 -35.210   5.0 3.11 MW ML2MW
1996 09 02 0546 128.652 -16.563   1.0 3.11 MW ML2MW
1996 09 04 1211 130.685 -26.444   0.0 3.11 MW ML2MW
1996 10 18 0528 114.588 -32.761   5.0 3.99 MW ML2MW
1996 10 23 1823 128.650 -16.598   5.0 3.58 MW ML2MW
1996 11 12 0502 130.005 -21.963  11.0 3.11 MW ML2MW
1996 11 30 1723 117.480 -25.230  10.0 3.63 MW mb2MW
1996 12 01 0450 132.988 -26.695   5.0 3.42 MW ML2MW
1996 12 03 0755 119.749 -32.004   1.0 3.19 MW ML2MW
1996 12 06 0401 128.704 -23.405   5.0 3.04 MW ML2MW
1996 12 08 2129 124.630 -15.197  33.0 3.58 MW ML2MW
1996 12 10 0602 128.448 -26.251   5.0 3.42 MW ML2MW
1996 12 21 1231 135.300 -10.630 386.0 3.30 MW mb2MW
1996 12 29 0924 112.389 -31.608  19.0 3.26 MW ML2MW
1997 02 02 1936 124.073 -13.884  33.0 3.55 MW mb2MW
1997 02 05 1455 123.271 -29.851   5.0 3.34 MW ML2MW
1997 02 06 1356 123.916 -30.128   5.0 3.34 MW ML2MW
1997 02 22 0848 126.327 -21.757  12.0 3.74 MW ML2MW
1997 03 03 0305 127.003 -16.597   5.0 3.34 MW ML2MW
1997 03 03 1953 134.702 -37.350  13.4 3.33 MW ML2MW
1997 03 14 2358 130.547 -10.848  12.0 3.19 MW ML2MW
1997 06 06 0617 125.812 -24.156   5.0 3.11 MW ML2MW
1997 06 23 2044 131.870 -23.110  19.0 4.08 MW ML2MW
1997 07 23 1829 126.541 -22.114   5.0 3.58 MW ML2MW
1997 07 29 0542 130.154 -12.789   0.0 4.08 MW ML2MW
1997 07 29 0742 125.807 -28.360  10.0 4.08 MW ML2MW
1997 08 03 0117 116.059 -28.604   5.0 3.04 MW ML2MW
1997 09 11 1619 126.262 -30.968   5.0 3.11 MW ML2MW
1997 09 26 0810 127.560 -22.792   5.0 3.04 MW ML2MW
1997 11 11 1226 128.168 -16.504   5.0 3.50 MW ML2MW
1997 11 23 0420 128.496 -16.798  33.0 3.04 MW ML2MW
1997 12 28 1556 122.313 -32.621   5.0 3.11 MW ML2MW
1998 01 11 1432 122.817 -12.569   0.0 3.11 MW ML2MW
1998 01 30 1654 143.180 -13.250  10.0 3.50 MW ML2MW
1998 03 22 1753 122.164 -31.516   5.0 3.91 MW ML2MW
1998 03 29 0350 139.168 -12.360  35.0 4.72 MW ML2MW
1998 03 29 2006 129.278 -14.280  10.0 4.08 MW ML2MW
1998 04 08 1641 126.642 -17.925   5.0 3.04 MW ML2MW
1998 04 10 0346 122.343 -32.589   5.0 4.17 MW ML2MW
1998 04 12 1510 128.551 -16.924   5.0 3.04 MW ML2MW
1998 04 13 2303 136.130 -12.941  10.0 3.26 MW ML2MW
1998 04 29 2314 128.115 -11.481   0.0 3.19 MW ML2MW
1998 05 15 2354 130.940 -26.090   5.0 3.42 MW ML2MW
1998 05 25 0503 123.827 -13.827   0.0 3.34 MW ML2MW
1998 06 16 1513 134.470 -23.650   7.0 3.26 MW ML2MW
1998 06 18 1321 131.031 -12.206   0.0 3.58 MW ML2MW
1998 06 23 0838 131.860 -26.080  10.0 3.19 MW ML2MW
1998 06 23 1512 132.010 -13.340   0.0 3.19 MW ML2MW
1998 06 27 0701 121.605 -30.815   5.0 3.50 MW ML2MW
1998 07 05 0849 118.640 -26.249   5.0 3.04 MW ML2MW
1998 07 08 1044 121.416 -30.777   1.0 3.04 MW ML2MW
1998 07 17 1846 127.845 -26.502  11.0 3.42 MW ML2MW
1998 07 23 0149 131.350 -23.030   0.0 3.11 MW ML2MW
1998 07 31 0046 125.694 -24.301   5.0 3.26 MW ML2MW
1998 08 04 0145 132.534 -13.211   0.0 3.42 MW ML2MW
1998 08 08 1326 123.420 -12.766  33.0 3.97 MW mb2MW
1998 08 15 1941 123.361 -12.876  33.0 3.38 MW mb2MW
1998 08 17 0457 135.246 -28.994   8.3 3.58 MW ML2MW
1998 09 11 0207 132.810 -26.410   0.0 3.19 MW ML2MW
1998 09 13 2250 123.208 -12.501   5.0 3.34 MW ML2MW
1998 10 02 0943 136.388 -13.774   0.0 3.19 MW ML2MW
1998 10 14 2226 121.320 -31.033   5.0 3.58 MW ML2MW
1998 10 15 0404 126.907 -11.718  33.0 3.63 MW mb2MW
1998 11 10 0158 128.966 -13.794   0.0 3.34 MW ML2MW
1998 11 13 1154 124.887 -19.132   7.0 3.74 MW ML2MW
1998 11 13 2352 129.120 -13.740   0.0 3.19 MW ML2MW
1998 11 19 0642 137.790 -25.000   0.0 3.04 MW ML2MW
1998 12 05 2311 129.746 -10.275 560.0 3.13 MW mb2MW
1999 01 18 1450 126.410 -27.788  10.0 4.08 MW ML2MW
1999 02 02 2359 140.080 -26.288  10.0 3.26 MW ML2MW
1999 02 25 2252 129.119 -10.468   0.0 3.34 MW ML2MW
1999 03 01 0128 137.590 -25.800   0.0 3.50 MW ML2MW
1999 03 06 1530 118.213 -23.589  10.0 3.58 MW ML2MW
1999 03 22 0122 127.312 -16.692   5.0 3.50 MW ML2MW
1999 03 27 2209 124.441 -30.832   5.0 3.11 MW ML2MW
1999 04 09 0728 129.812 -25.189   5.0 3.04 MW ML2MW
1999 04 10 2227 124.752 -19.621   5.0 3.26 MW ML2MW
1999 04 18 2143 122.766 -13.679   5.0 3.26 MW ML2MW
1999 05 19 2331 127.880 -13.730   5.0 3.11 MW ML2MW
1999 05 31 1915 140.140 -25.850  10.0 3.19 MW ML2MW
1999 07 27 0548 127.860 -13.710   5.0 3.11 MW ML2MW
1999 08 14 1245 131.044 -26.170  10.0 3.58 MW ML2MW
1999 11 04 1836 127.480 -15.970   5.0 3.11 MW ML2MW
1999 11 09 0505 121.390 -28.820   5.0 3.58 MW ML2MW
1999 12 01 1525 126.590 -27.180   5.0 3.26 MW ML2MW
1999 12 16 1236 125.880 -16.840   5.0 3.11 MW ML2MW
1999 12 31 0459 119.780 -32.110   1.0 3.11 MW ML2MW
2000 01 10 2057 124.082 -28.554  10.0 3.11 MW ML2MW
2000 02 08 0426 128.814 -23.911   5.0 3.19 MW ML2MW
2000 02 15 1744 127.654 -14.118   0.0 3.45 MW ML2MW
2000 03 01 0611 123.466 -12.610   5.0 3.26 MW ML2MW
2000 04 03 1109 134.790 -35.087  14.1 3.12 MW ML2MW
2000 04 13 0314 128.635 -16.421  15.0 3.70 MW ML2MW
2000 04 21 1152 134.389 -35.382   7.9 3.11 MW ML2MW
2000 06 19 1804 131.404 -22.832   5.0 3.51 MW ML2MW
2000 06 20 1412 124.121 -11.736   2.0 3.34 MW ML2MW
2000 07 22 1328 132.520 -20.570   0.0 3.16 MW ML2MW
2000 07 25 2056 126.286 -22.291  10.0 3.04 MW ML2MW
2000 07 29 0245 123.749 -29.933  10.0 3.26 MW ML2MW
2000 08 01 1123 131.749 -26.787   0.0 3.29 MW ML2MW
2000 09 07 0107 131.205 -23.264  10.0 3.19 MW ML2MW
2000 10 15 0827 128.902 -12.370  28.0 4.21 MW ML2MW
2000 10 21 1052 129.288 -13.802  19.0 3.37 MW ML2MW
2000 11 11 2200 126.172 -27.637   2.0 3.29 MW ML2MW
2000 11 15 0848 126.540 -22.039  11.0 3.27 MW ML2MW
2000 12 28 0528 130.763 -12.544   0.0 3.62 MW ML2MW
2001 01 04 2123 123.887 -28.940  10.0 3.49 MW ML2MW
2001 01 10 1003 126.635 -27.890   0.0 3.04 MW ML2MW
2001 01 25 1406 126.450 -18.350   0.0 3.42 MW ML2MW
2001 02 02 0322 122.410 -20.915  20.0 3.19 MW ML2MW
2001 02 17 1300 129.194 -13.077   0.0 3.58 MW ML2MW
2001 02 19 1805 129.240 -14.010   0.0 3.08 MW ML2MW
2001 03 08 1049 120.326 -31.457  10.0 3.99 MW ML2MW
2001 03 11 2123 129.571 -11.349   0.0 3.74 MW ML2MW
2001 03 27 0458 122.408 -32.029  10.0 3.41 MW ML2MW
2001 04 12 1822 137.370 -25.673  10.0 3.36 MW ML2MW
2001 04 12 2237 137.692 -25.843  10.0 3.42 MW ML2MW
2001 04 21 0856 127.611 -20.013  10.0 3.41 MW ML2MW
2001 04 25 2337 124.280 -30.910   5.0 3.38 MW ML2MW
2001 05 11 0811 127.460 -14.490   0.0 3.74 MW ML2MW
2001 05 21 1119 119.780 -31.984   0.0 3.04 MW ML2MW
2001 05 24 0951 122.638 -12.149  10.0 3.26 MW ML2MW
2001 05 28 0743 131.680 -26.500  10.0 3.11 MW ML2MW
2001 07 19 1107 129.475 -11.984   0.0 3.34 MW ML2MW
2001 07 27 0423 124.366 -18.384   0.0 3.48 MW ML2MW
2001 07 28 1949 126.662 -22.137  10.0 3.57 MW ML2MW
2001 08 06 1421 128.803 -10.044  90.0 3.26 MW ML2MW
2001 08 10 1014 131.231 -12.487   5.0 3.11 MW ML2MW
2001 08 14 0803 127.580 -22.940   0.0 3.60 MW ML2MW
2001 08 18 0205 122.555 -33.416  10.0 3.11 MW ML2MW
2001 09 08 1031 133.529 -34.272   7.2 3.10 MW ML2MW
2001 10 07 1354 139.767 -24.934   0.0 3.19 MW ML2MW
2001 10 13 0507 129.014 -30.501  12.6 3.05 MW ML2MW
2001 10 19 0418 129.547 -23.601   1.0 3.84 MW ML2MW
2001 10 19 1743 120.628 -33.712  10.0 5.01 MW ML2MW
2001 10 23 0617 124.381 -28.200  10.0 3.04 MW ML2MW
2001 11 02 0238 123.428 -12.695  33.0 3.38 MW mb2MW
2001 11 23 1407 126.311 -12.499  33.0 3.38 MW mb2MW
2001 12 01 2209 122.592 -12.967  23.0 3.24 MW ML2MW
2002 02 06 0448 120.413 -22.785  10.0 3.70 MW ML2MW
2002 03 17 0109 125.388 -27.539   5.0 3.27 MW ML2MW
2002 03 24 1156 131.680 -26.691   2.0 3.45 MW ML2MW
2002 04 13 0037 137.714 -26.480  12.0 3.04 MW ML2MW
2002 04 15 2244 130.040 -23.151   3.0 3.37 MW ML2MW
2002 04 16 1601 129.965 -23.024   2.0 3.37 MW ML2MW
2002 04 30 1517 114.013 -32.993  10.0 3.45 MW ML2MW
2002 06 28 1257 130.090 -23.291   5.0 3.22 MW ML2MW
2002 07 18 0423 119.872 -32.195  10.0 3.91 MW ML2MW
2002 07 24 2048 121.243 -30.382  10.0 3.33 MW ML2MW
2002 08 02 1343 121.207 -30.917   3.0 3.83 MW ML2MW
2002 09 09 0657 126.709 -31.527   6.0 3.89 MW ML2MW
2002 10 06 1457 129.274 -22.186   1.0 3.56 MW ML2MW
2002 10 25 0425 126.813 -32.415   5.0 3.53 MW ML2MW
2002 11 01 0855 129.904 -11.931  10.0 4.16 MW ML2MW
2002 11 05 0912 135.239 -22.479  10.0 3.23 MW ML2MW
2003 01 15 0203 137.306 -25.947  10.0 3.18 MW ML2MW
2003 03 06 0357 126.675 -22.162  10.0 3.26 MW ML2MW
2003 03 27 1440 133.274 -33.780  24.1 3.50 MW ML2MW
2003 05 16 0514 136.320 -11.500   5.0 3.04 MW ML2MW
2003 05 19 1705 129.679 -10.713  76.0 3.38 MW mb2MW
2003 05 20 1232 128.431 -16.846   5.0 3.03 MW ML2MW
2003 06 06 1140 126.524 -22.073   0.0 3.19 MW ML2MW
2003 06 21 1551 132.673 -21.097   0.0 3.31 MW ML2MW
2003 07 03 0536 120.149 -25.795  21.8 3.63 MW ML2MW
2003 07 18 1319 119.609 -34.372   5.0 3.06 MW ML2MW
2003 07 27 2257 125.142 -19.012  10.0 3.26 MW ML2MW
2003 08 07 0510 129.882 -23.343   0.0 3.21 MW ML2MW
2003 08 15 0541 122.647 -28.608   0.0 3.19 MW ML2MW
2003 09 16 1616 130.389 -22.676   0.0 3.23 MW ML2MW
2003 10 31 1214 138.146 -13.874  10.0 3.19 MW ML2MW
2003 11 12 2057 122.797 -13.237 105.0 3.38 MW mb2MW
2003 12 05 2226 126.844 -18.387  10.0 3.88 MW mb2MW
2004 01 14 0109 122.789 -12.864  75.0 3.66 MW ML2MW
2004 01 23 0928 132.786 -22.297  10.0 3.31 MW ML2MW
2004 01 23 1531 123.549 -31.672  14.9 4.23 MW ML2MW
2004 01 23 1820 123.700 -12.020 107.0 3.47 MW mb2MW
2004 01 26 2039 131.849 -26.181  10.0 3.26 MW ML2MW
2004 02 11 0930 130.100 -22.498  12.5 4.90 MW GCMT
2004 02 11 1935 121.132 -31.129   0.0 3.02 MW ML2MW
2004 02 18 1541 131.671 -27.600  27.6 3.06 MW ML2MW
2004 02 23 1723 125.571 -20.832   5.0 3.73 MW ML2MW
2004 03 01 2233 123.171 -32.423   1.7 3.24 MW ML2MW
2004 03 05 0011 127.084 -32.346  10.0 4.30 MW ML2MW
2004 03 24 0627 124.144 -29.849  10.0 3.19 MW ML2MW
2004 04 02 2222 128.185 -11.851   0.0 3.66 MW ML2MW
2004 04 03 0729 128.715 -16.756  10.0 3.26 MW ML2MW
2004 04 08 1024 124.198 -12.349  98.0 3.80 MW mb2MW
2004 04 10 0555 130.093 -25.064  10.0 3.19 MW ML2MW
2004 05 05 1008 131.071 -26.042  10.0 3.45 MW ML2MW
2004 05 31 2232 121.760 -31.326   0.0 3.61 MW ML2MW
2004 06 07 1340 125.483 -27.695   6.8 3.67 MW ML2MW
2004 08 14 1537 130.950 -26.090   0.8 3.45 MW ML2MW
2004 09 25 1510 129.152 -16.776  10.0 3.99 MW ML2MW
2004 10 18 2227 127.437 -16.527   9.0 3.02 MW ML2MW
2004 11 01 1315 124.844 -19.111   8.9 3.89 MW ML2MW
2004 11 23 1050 127.153 -16.937  10.0 3.95 MW ML2MW
2004 12 16 0955 125.120 -17.597  11.8 3.50 MW ML2MW
2004 12 23 0427 124.414 -15.048   0.0 3.82 MW ML2MW
2005 01 27 1717 119.236 -31.416   5.4 3.56 MW ML2MW
2005 01 27 1729 122.381 -32.467  10.0 3.41 MW ML2MW
2005 02 18 1757 121.085 -32.827   0.0 3.39 MW ML2MW
2005 03 13 0209 131.694 -26.205   5.0 4.42 MW ML2MW
2005 03 19 0729 130.868 -26.091  10.0 3.94 MW ML2MW
2005 03 29 1615 126.605 -22.144   5.0 3.41 MW ML2MW
2005 04 02 0914 127.241 -16.645   0.0 3.08 MW ML2MW
2005 04 07 2018 130.149 -10.380   0.0 3.04 MW ML2MW
2005 05 04 1845 117.319 -25.932   9.0 3.32 MW ML2MW
2005 11 08 0922 143.969 -16.804   7.8 3.34 MW ML2MW
2005 11 15 1450 128.666 -16.486   2.0 3.20 MW ML2MW
2005 12 26 0750 128.746 -16.133   0.0 3.06 MW ML2MW
2006 02 22 0842 128.384 -10.382  35.0 3.13 MW mb2MW
2006 04 01 0109 130.972 -26.046  10.0 3.97 MW mb2MW
2006 04 02 0839 119.081 -22.368  10.0 3.97 MW ML2MW
2006 04 24 1245 137.742 -25.734   0.0 3.05 MW mb2MW
2006 05 02 0247 137.341 -25.877  10.0 3.51 MW ML2MW
2006 05 24 2134 129.984 -23.204  10.0 3.77 MW ML2MW
2006 05 24 2200 127.138 -16.534   2.3 3.08 MW ML2MW
2006 05 26 0738 128.691 -16.664   0.0 3.11 MW ML2MW
2006 06 06 1534 117.838 -25.119  10.0 4.40 MW ML2MW
2006 07 04 1608 121.526 -30.779   7.0 3.23 MW ML2MW
2006 09 13 0547 126.611 -22.141  10.0 3.26 MW ML2MW
2006 11 28 2151 123.951 -28.561   9.0 3.15 MW ML2MW
2006 12 07 1058 117.411 -25.188  14.0 3.41 MW ML2MW
2006 12 21 1210 121.456 -30.731   0.0 3.12 MW ML2MW
2007 02 05 1717 125.413 -19.294   5.0 3.18 MW ML2MW
2007 02 17 1344 126.617 -17.903   0.0 3.42 MW ML2MW
2007 03 02 1019 136.708 -23.580   6.9 3.58 MW ML2MW
2007 03 06 0407 124.341 -29.933   1.0 3.82 MW ML2MW
2007 04 20 0719 132.900 -26.572   0.0 3.19 MW ML2MW
2007 04 25 2027 127.151 -18.119   0.0 3.17 MW ML2MW
2007 04 28 2219 124.759 -12.018  21.0 3.97 MW mb2MW
2007 07 01 1356 128.633 -23.003  10.0 3.82 MW ML2MW
2007 08 03 0838 120.571 -23.394   0.0 3.04 MW ML2MW
2007 08 24 0609 128.672 -16.657   0.0 3.04 MW ML2MW
2007 08 28 1533 115.942 -35.429  18.0 4.43 MW ML2MW
2007 09 10 0320 130.369 -15.344   9.0 3.09 MW ML2MW
2007 09 28 0840 120.660 -23.150   0.0 3.19 MW ML2MW
2007 11 05 0641 129.666 -22.390   0.0 3.35 MW ML2MW
2007 11 12 1326 121.519 -30.699   4.0 3.05 MW ML2MW
2007 11 19 2001 143.735 -12.336  24.0 4.68 MW ML2MW
2007 11 26 1005 123.719 -30.127   2.0 3.37 MW ML2MW
2007 12 01 2058 129.657 -22.291  10.0 3.34 MW ML2MW
2007 12 13 0529 122.823 -12.537  15.0 3.75 MW ML2MW
2008 01 13 1616 117.069 -26.650   2.5 3.09 MW ML2MW
2008 01 19 1224 122.127 -33.016   0.0 3.31 MW ML2MW
2008 02 06 0646 129.644 -13.402   6.7 4.14 MW ML2MW
2008 02 22 0258 123.526 -19.097   2.1 3.20 MW ML2MW
2008 03 17 0656 137.427 -25.975  10.0 3.59 MW ML2MW
2008 03 19 0717 134.047 -19.654  15.0 3.58 MW ML2MW
2008 05 20 0825 129.609 -23.363   0.0 3.51 MW ML2MW
2008 07 02 0240 121.473 -30.739   0.0 3.52 MW ML2MW
2008 07 04 1525 125.965 -31.700   0.6 3.07 MW ML2MW
2008 07 09 2345 125.223 -26.034   1.4 4.62 MW Ghasemi et al (2016)
2008 07 27 0644 127.744 -18.144   0.0 3.14 MW ML2MW
2008 11 14 2115 129.800 -12.600   0.0 3.14 MW ML2MW
2008 12 05 1530 127.550 -22.203   3.0 3.29 MW ML2MW
2009 01 14 2257 133.172 -29.228  12.5 3.15 MW ML2MW
2009 04 04 1240 133.943 -33.593   8.7 4.02 MW ML2MW
2009 04 07 2126 121.461 -30.785   0.0 3.37 MW ML2MW
2009 04 28 1906 121.553 -30.644   3.0 3.37 MW ML2MW
2009 06 21 0608 124.631 -30.308  10.0 3.37 MW ML2MW
2009 10 02 0506 137.780 -11.790   0.0 3.66 MW ML2MW
2009 10 16 0224 133.119 -34.419  32.3 4.28 MW ML2MW
2009 10 24 1626 120.659 -33.468  10.0 4.28 MW MS2MW
2009 11 03 0654 125.792 -27.579   9.5 3.60 MW ML2MW
2009 11 08 0541 138.819 -10.450  30.0 3.91 MW ML2MW
2010 01 05 0555 128.600 -17.009  10.0 3.38 MW ML2MW
2010 02 14 1014 122.307 -32.506   0.0 3.42 MW ML2MW
2010 03 11 1257 132.472 -22.413   0.0 3.21 MW ML2MW
2010 03 20 1056 126.785 -18.718   1.0 3.07 MW ML2MW
2010 03 23 0340 128.712 -15.797   3.0 3.45 MW ML2MW
2010 04 11 1202 132.830 -16.924  20.0 3.60 MW ML2MW
2010 04 20 0017 121.770 -30.745  10.0 4.16 MW Ghasemi et al (2016)
2010 06 04 1056 121.385 -30.726   0.0 3.03 MW ML2MW
2010 06 09 1541 123.256 -22.166   0.0 3.24 MW ML2MW
2010 06 21 0404 129.752 -21.524   5.0 3.62 MW ML2MW
2010 07 05 1434 118.336 -24.916   0.0 3.12 MW ML2MW
2010 07 17 1624 123.154 -34.823  14.0 4.04 MW ML2MW
2010 07 27 0635 128.845 -23.113   0.0 3.09 MW ML2MW
2010 08 30 1349 134.033 -20.633  10.0 3.28 MW ML2MW
2010 09 02 0725 129.351 -14.310   0.0 3.41 MW ML2MW
2010 09 19 2123 121.642 -30.745   1.0 3.65 MW ML2MW
2010 10 14 1100 135.707 -23.319   0.0 3.29 MW ML2MW
2010 10 24 1017 124.228 -30.582  31.0 3.09 MW ML2MW
2010 10 27 0825 135.708 -25.995   0.0 3.64 MW ML2MW
2010 11 08 1941 119.162 -31.113  10.0 3.06 MW ML2MW
2010 11 10 0104 136.649 -23.320  10.0 3.38 MW ML2MW
2010 12 02 1224 130.429 -11.930   0.0 3.07 MW ML2MW
2010 12 05 1325 128.900 -14.885  30.0 3.70 MW ML2MW
2010 12 10 2210 129.110 -14.842  10.0 3.03 MW ML2MW
2010 12 21 1500 127.327 -13.115  10.0 3.71 MW ML2MW
2010 12 25 1201 129.721 -22.197  15.0 3.45 MW ML2MW
2011 01 11 0311 124.491 -27.997   0.0 3.92 MW ML2MW
2011 02 21 2159 135.420 -20.903   0.6 3.97 MW Ghasemi et al (2016)
2011 02 24 0226 120.084 -26.564  10.0 3.27 MW ML2MW
2011 05 11 2034 125.207 -12.614   0.0 3.05 MW mb2MW
2011 05 12 1836 122.068 -32.463  19.0 3.38 MW ML2MW
2011 05 20 2003 119.504 -23.567  10.0 4.83 MW ML2MW
2011 07 02 0048 123.958 -18.366   0.0 3.23 MW ML2MW
2011 07 14 0235 114.173 -33.165   0.0 3.77 MW ML2MW
2011 07 27 0402 121.529 -30.573   0.0 3.54 MW ML2MW
2011 08 11 1753 127.420 -18.698   4.0 3.02 MW ML2MW
2011 08 17 1109 128.677 -16.919   0.0 3.55 MW mb2MW
2011 09 07 2228 136.132 -36.602  14.9 3.27 MW ML2MW
2011 10 27 0705 126.529 -22.061  10.0 3.11 MW ML2MW
2011 10 29 0748 117.874 -36.357  10.0 3.20 MW ML2MW
2011 11 02 0332 121.474 -30.871   4.0 3.04 MW ML2MW
2011 11 23 1100 122.593 -12.527   0.0 3.11 MW ML2MW
2011 11 26 2059 138.351 -26.012  28.2 3.31 MW ML2MW
2011 12 14 0549 123.152 -32.513  15.0 3.61 MW ML2MW
2011 12 27 1410 120.296 -26.741  10.0 3.09 MW ML2MW
2012 02 04 0841 133.119 -34.889  15.2 3.43 MW ML2MW
2012 03 13 1848 116.347 -28.795   0.0 3.02 MW ML2MW
2012 03 23 0925 131.971 -26.178  10.0 5.18 MW Ghasemi et al (2016)
2012 05 11 1827 128.104 -10.582 116.0 4.14 MW mb2MW
2012 06 03 0920 129.173 -17.083  15.0 3.26 MW ML2MW
2012 06 29 1228 136.882 -23.931  10.0 3.38 MW ML2MW
2012 09 14 1710 129.475 -20.951   5.0 3.44 MW ML2MW
2012 09 26 0522 132.163 -26.054  13.0 3.48 MW ML2MW
2012 09 26 1737 121.072 -30.996  10.0 3.35 MW ML2MW
2012 10 07 0320 120.630 -27.768   0.0 3.57 MW ML2MW
2012 10 12 1927 127.681 -22.881  10.0 3.46 MW ML2MW
2012 11 05 1931 129.045 -11.546  39.0 4.36 MW ML2MW
2012 11 08 0356 127.209 -29.907  32.5 3.62 MW ML2MW
2012 11 21 0621 128.603 -22.974  10.0 3.42 MW ML2MW
2012 11 28 2235 125.943 -27.757   0.0 3.89 MW Ghasemi et al (2016)
2012 11 30 1624 122.560 -32.374  14.0 3.03 MW ML2MW
2012 12 01 1719 127.661 -16.195  10.0 3.70 MW ML2MW
2012 12 22 0929 122.512 -32.529  10.0 3.00 MW ML2MW
2012 12 26 2046 115.809 -35.114   2.0 3.09 MW ML2MW
2013 01 05 0232 120.611 -27.808   0.0 3.03 MW ML2MW
2013 02 13 1649 136.589 -12.796  10.0 4.10 MW ML2MW
2013 03 03 2136 119.276 -32.375   1.0 3.59 MW ML2MW
2013 03 08 2159 122.228 -21.738  10.0 3.21 MW ML2MW
2013 03 15 0440 127.693 -22.755  10.0 3.51 MW ML2MW
2013 06 06 0944 121.471 -30.696   0.0 3.03 MW ML2MW
2013 06 09 1422 132.230 -25.953  33.4 5.38 MW Ghasemi et al (2016)
2013 06 12 1330 127.743 -22.752   0.0 3.60 MW ML2MW
2013 06 25 2048 116.234 -28.805   0.0 3.45 MW ML2MW
2013 07 29 0521 131.669 -22.675   0.0 3.33 MW ML2MW
2013 08 24 0639 123.662 -30.872   0.0 3.08 MW ML2MW
2013 09 21 1341 114.744 -33.944  10.0 3.23 MW ML2MW
2013 09 28 0400 129.119 -15.610   0.0 3.47 MW ML2MW
2013 09 30 2114 121.498 -31.898  12.0 3.92 MW ML2MW
2013 10 20 0752 123.697 -35.195  10.0 3.20 MW ML2MW
2013 10 30 2225 120.746 -27.786   0.0 3.99 MW ML2MW
2013 11 18 1743 128.660 -16.606   0.0 3.23 MW ML2MW
2013 11 25 1539 124.529 -19.312  10.0 3.19 MW ML2MW
2013 11 30 0549 139.480 -28.545  21.5 3.80 MW ML2MW
2013 12 06 1045 121.179 -35.832  10.0 3.31 MW ML2MW
2013 12 07 2024 125.528 -31.506  10.0 3.12 MW ML2MW
2013 12 15 0732 125.637 -31.637  10.0 3.10 MW ML2MW
2013 12 16 1838 125.154 -21.811  15.0 3.20 MW ML2MW
2013 12 27 1333 139.889 -25.638   9.5 3.34 MW ML2MW
2013 12 30 0907 128.700 -16.604   0.0 3.41 MW ML2MW
2014 01 16 2054 129.678 -15.073  10.0 3.27 MW ML2MW
2014 02 01 0526 119.627 -34.614  10.0 3.13 MW ML2MW
2014 02 06 1341 129.565 -15.058  10.0 3.42 MW ML2MW
2014 02 15 0458 125.979 -31.640   0.0 3.27 MW ML2MW
2014 02 26 0000 121.187 -30.679   0.0 4.32 MW Ghasemi et al (2016)
2014 03 16 0324 124.438 -17.414  10.0 3.60 MW ML2MW
2014 04 12 1911 115.553 -35.819  10.0 3.01 MW ML2MW
2014 05 01 0817 126.419 -18.205   5.0 3.08 MW ML2MW
2014 05 04 2237 128.589 -23.005  10.0 3.91 MW Ghasemi et al (2016)
2014 06 02 1012 126.236 -32.693  10.0 3.30 MW ML2MW
2014 07 09 1555 127.320 -23.122  10.0 3.25 MW ML2MW
2014 07 16 0035 128.382 -25.718  10.0 3.39 MW ML2MW
2014 08 02 0517 116.804 -29.192   0.0 3.04 MW ML2MW
2014 09 01 1418 139.617 -26.190  23.1 3.45 MW ML2MW
2014 09 05 1407 143.895 -16.949   0.0 3.25 MW ML2MW
2014 09 06 1354 124.413 -30.018  13.0 3.12 MW ML2MW
2014 09 18 0321 126.970 -31.646  15.0 3.13 MW ML2MW
2014 10 09 1545 127.132 -18.137   9.0 3.19 MW ML2MW
2014 10 31 1915 121.232 -30.815  10.0 3.88 MW Ghasemi et al (2016)
2014 11 04 1555 121.133 -30.920   9.0 3.06 MW ML2MW
2014 11 12 0200 125.666 -18.287  18.0 3.60 MW ML2MW
2014 12 01 1025 131.300 -21.716  10.0 3.95 MW ML2MW
2014 12 05 2316 123.450 -19.017  10.0 3.21 MW ML2MW
2014 12 06 0609 127.388 -17.616  10.0 3.42 MW ML2MW
2014 12 08 0526 116.807 -29.142  10.0 3.07 MW ML2MW
2015 01 06 1241 133.071 -26.862   4.0 3.58 MW ML2MW
2015 01 18 1557 121.176 -30.697  10.0 3.19 MW ML2MW
2015 01 23 0556 121.488 -31.424   4.0 3.34 MW ML2MW
2015 02 13 2215 121.532 -30.627  13.0 3.67 MW ML2MW
2015 03 15 1134 121.489 -33.545  10.0 3.29 MW ML2MW
2015 03 18 0549 131.356 -17.946  15.0 3.33 MW ML2MW
2015 04 26 2242 121.234 -30.760  15.0 3.31 MW ML2MW
2015 04 28 1816 124.700 -18.383  10.0 3.23 MW ML2MW
2015 05 01 1321 129.244 -13.924  20.0 3.31 MW ML2MW
2015 05 16 1450 127.875 -17.295  10.0 3.09 MW ML2MW
2015 05 23 2107 128.744 -16.873  10.0 3.59 MW ML2MW
2015 06 04 1802 134.048 -19.708  10.0 3.09 MW ML2MW
2015 06 10 2352 121.369 -30.922  15.0 3.12 MW ML2MW
2015 06 22 1258 119.190 -33.209   0.0 3.01 MW ML2MW
2015 07 24 1137 123.050 -30.517  10.0 3.11 MW ML2MW
2015 10 27 0632 126.526 -20.267  10.0 3.52 MW ML2MW
2015 11 11 2012 130.546 -12.181  20.0 3.29 MW ML2MW
2015 11 28 1952 128.752 -16.593   6.0 3.09 MW ML2MW
2015 12 10 0208 117.858 -25.611  10.0 3.14 MW ML2MW
2015 12 18 0200 132.059 -16.293   8.0 3.50 MW ML2MW
2015 12 25 0712 138.109 -25.613  32.1 3.24 MW ML2MW
2016 01 01 1946 129.230 -13.891  15.0 3.58 MW ML2MW
2016 04 25 2030 121.233 -30.650  10.0 3.44 MW ML2MW
2016 04 30 1945 123.858 -19.061  10.0 3.29 MW ML2MW
2016 05 16 2013 128.602 -22.904  10.0 4.15 MW Ghasemi et al (2016)
2016 05 20 1814 129.832 -25.579   0.0 6.06 MW GCMT; Ghasemi et al (2016)
2016 06 09 1018 124.392 -30.880  10.0 3.59 MW ML2MW
2016 06 10 0149 126.347 -28.009   0.0 3.16 MW ML2MW
2016 06 23 1609 121.375 -30.771   0.0 3.25 MW ML2MW
2016 07 08 0940 122.346 -32.541  10.0 4.97 MW Ghasemi et al (2016)
2016 07 16 0345 119.789 -28.715  10.0 3.10 MW ML2MW
2016 08 25 0405 124.792 -19.502  10.0 3.13 MW ML2MW
2016 09 08 1515 119.268 -31.294   0.0 3.10 MW ML2MW
2016 09 19 0530 116.570 -29.383   5.0 3.13 MW ML2MW
2016 09 20 0108 132.526 -26.517   9.0 3.35 MW ML2MW
2016 09 29 0149 119.181 -31.452  10.0 3.33 MW ML2MW
2016 10 10 2314 121.437 -30.785   0.0 3.53 MW ML2MW
2016 10 25 0953 121.543 -30.835  10.0 3.19 MW ML2MW
2016 11 06 0954 128.002 -19.102  10.0 4.48 MW Ghasemi et al (2016)
2016 12 05 0531 116.550 -29.334  10.0 3.23 MW ML2MW
2016 12 26 1259 137.217 -27.210  10.0 3.64 MW ML2MW
2017 01 24 0502 123.500 -35.172  10.0 3.54 MW ML2MW
2017 03 17 0731 122.445 -32.444  10.0 3.05 MW ML2MW
2017 03 22 1449 125.259 -17.323  10.0 3.05 MW ML2MW
2017 03 26 2000 122.891 -31.616  10.0 4.02 MW ML2MW
2017 03 26 2025 122.814 -31.794  10.0 3.13 MW ML2MW
2017 03 31 1604 121.124 -33.085  10.0 3.47 MW ML2MW
2017 04 04 0355 128.939 -25.903  10.0 4.06 MW ML2MW
2017 04 04 1825 121.927 -33.206  10.0 3.01 MW ML2MW
2017 05 13 0927 119.272 -33.204  10.0 3.47 MW ML2MW
2017 05 15 1912 123.588 -27.167  10.0 3.75 MW ML2MW
2017 07 15 2127 131.897 -26.122   0.0 3.64 MW ML2MW
2017 07 15 2127 131.935 -26.094  10.0 3.65 MW ML2MW
2017 07 16 1731 122.187 -31.018  10.0 3.40 MW ML2MW
2017 07 26 0704 118.013 -22.372  10.0 3.02 MW ML2MW
2017 07 26 1321 129.459 -25.455  10.0 3.03 MW ML2MW
2017 07 31 2333 119.365 -32.256  10.0 3.10 MW ML2MW
2017 08 06 0421 128.018 -19.134  10.0 5.03 MW ML2MW
2017 08 22 0532 116.698 -29.244  10.0 3.20 MW ML2MW
2017 08 24 0757 120.056 -33.258  10.0 3.21 MW ML2MW
2017 09 08 0353 119.209 -31.372  10.0 3.17 MW ML2MW
2017 09 11 0121 120.069 -33.184  10.0 3.66 MW ML2MW
2017 09 11 1418 120.098 -33.346  10.0 3.05 MW ML2MW
2017 09 13 0057 120.060 -33.303  10.0 3.01 MW ML2MW
2017 10 07 0002 127.399 -15.615  10.0 3.43 MW ML2MW
2017 10 10 1120 127.931 -21.235  10.0 3.65 MW ML2MW
2017 10 21 1215 132.685 -26.494  10.0 3.35 MW ML2MW
2017 10 21 1732 132.575 -26.481  10.0 3.18 MW ML2MW
2017 11 09 0910 127.996 -21.306  10.0 3.12 MW ML2MW
2018 01 10 2131 123.355 -18.893  10.0 3.53 MW ML2MW
2018 01 29 0030 130.366 -15.443  10.0 3.38 MW ML2MW
2018 02 17 0020 132.936 -26.467  10.0 3.19 MW ML2MW
2018 02 24 2255 128.512 -15.206  10.0 3.31 MW ML2MW
2018 03 03 2200 128.818 -16.767  10.0 3.57 MW ML2MW
2018 03 30 2217 138.596 -27.019  10.0 3.28 MW ML2MW
2018 04 13 1156 121.329 -30.599  10.0 3.45 MW ML2MW
2018 04 17 0239 126.583 -22.006  10.0 3.09 MW ML2MW
2018 04 19 1919 119.309 -33.225  10.0 3.07 MW ML2MW
2018 04 24 1521 120.609 -26.385  10.0 3.10 MW ML2MW
2018 05 01 2134 127.563 -25.600  10.0 3.14 MW ML2MW
2018 05 02 0607 127.533 -25.466  10.0 3.16 MW ML2MW
2018 05 19 1623 122.213 -21.817  10.0 3.52 MW ML2MW
2018 06 20 0254 122.424 -32.668  10.0 4.82 MW ML2MW
2018 07 05 1805 119.138 -33.289  10.0 3.02 MW ML2MW
2018 07 10 1405 121.765 -31.114  10.0 3.17 MW ML2MW
2018 08 08 1419 122.412 -32.536  10.0 4.40 MW ML2MW
2018 08 15 1629 119.613 -32.134  10.0 3.08 MW ML2MW
2018 09 05 0803 128.196 -19.026  10.0 3.51 MW ML2MW
2018 09 12 1145 116.910 -35.866  10.0 3.23 MW ML2MW
2018 11 20 0153 113.466 -31.290  10.0 3.25 MW ML2MW
2018 12 11 1103 128.771 -16.505   7.5 3.35 MW ML2MW
2018 12 29 0014 115.494 -29.612  34.9 3.32 MW ML2MW
2019 01 03 0045 129.890 -31.397  10.0 3.05 MW ML2MW
2019 01 04 0319 126.475 -18.277  10.0 3.01 MW ML2MW
2019 02 05 1557 130.840 -21.820  10.0 3.42 MW ML2MW
2019 02 20 0226 129.232 -15.580  10.0 3.74 MW ML2MW
2019 02 21 0956 125.591 -32.047  10.0 3.15 MW ML2MW
2019 03 19 0054 129.539 -26.405  10.0 3.05 MW ML2MW
2019 03 23 1258 130.347 -25.940   9.6 3.11 MW ML2MW
2019 04 20 1013 131.136 -21.920  10.0 3.11 MW ML2MW
2019 04 24 0342 128.353 -21.396  10.0 3.40 MW ML2MW
2019 05 01 0309 119.864 -32.928  10.0 3.08 MW ML2MW
2019 05 20 0814 121.223 -30.783  10.0 3.32 MW ML2MW
2019 05 29 2043 123.973 -30.366  10.0 3.12 MW ML2MW
2019 05 30 0226 131.859 -21.281  10.0 4.87 MW AUST
2019 06 20 1430 119.335 -33.100  10.0 4.23 MW ML2MW
2019 06 21 1506 129.628 -25.210  10.0 3.30 MW ML2MW
2019 06 22 0143 126.891 -25.784  10.0 3.25 MW ML2MW
2019 06 23 1347 120.031 -30.721  10.0 3.88 MW ML2MW
2019 06 23 1544 123.464 -30.404  10.0 3.72 MW ML2MW
2019 07 05 2139 119.673 -32.335  10.0 3.31 MW ML2MW
2019 07 22 0933 116.105 -28.703  10.0 3.05 MW ML2MW
2019 07 28 2348 134.101 -19.748  10.0 3.26 MW ML2MW
2019 08 13 0214 131.206 -33.832  10.0 4.31 MW ML2MW
2019 08 13 1547 131.868 -33.789  10.0 3.70 MW ML2MW
2019 08 31 2100 134.356 -35.361  10.0 4.17 MW ML2MW
2019 09 11 0901 127.487 -23.526  10.0 4.16 MW ML2MW
2019 09 11 2237 131.264 -34.025  10.0 3.39 MW ML2MW
2019 09 29 1523 125.288 -29.391  10.0 3.16 MW ML2MW
2019 10 04 1635 136.987 -25.643  10.0 3.86 MW ML2MW
2019 10 12 1205 126.820 -23.101  10.0 3.40 MW ML2MW
2019 10 15 2018 125.221 -19.496  10.0 3.14 MW ML2MW
2019 10 19 0712 133.664 -29.041  10.0 3.11 MW ML2MW
2019 10 24 1627 141.471 -24.286  10.0 3.07 MW ML2MW
2019 10 31 0739 122.885 -33.740  10.0 3.25 MW ML2MW
2019 11 16 0024 124.312 -30.398  10.0 3.02 MW ML2MW
2019 12 13 0539 122.462 -32.553  10.0 3.27 MW ML2MW
2019 12 19 0217 120.218 -27.687  10.0 3.36 MW ML2MW
2019 12 20 1429 136.189 -12.333  10.0 4.18 MW ML2MW
2019 12 31 0510 124.410 -29.376  10.0 3.40 MW ML2MW
2020 01 08 0520 123.724 -28.212  10.0 3.38 MW ML2MW
2020 01 15 1456 123.112 -19.449  10.0 3.32 MW ML2MW
2020 01 18 0602 124.487 -29.108  10.0 3.04 MW ML2MW
2020 01 28 0310 126.364 -23.434  10.0 3.74 MW ML2MW
2020 03 01 1237 122.525 -32.486  10.0 3.22 MW ML2MW
2020 03 26 1056 130.761 -21.566  10.0 3.15 MW ML2MW
2020 04 12 0934 128.613 -17.831  10.0 3.51 MW ML2MW
2020 04 19 2019 116.416 -29.825  10.0 3.05 MW ML2MW
2020 04 24 0459 126.944 -18.064  10.0 3.36 MW ML2MW
2020 05 02 1654 126.147 -27.827  10.0 3.70 MW ML2MW
2020 05 03 2339 120.666 -27.766  10.0 3.04 MW ML2MW
2020 05 25 1347 129.152 -21.452  10.0 3.13 MW ML2MW
2020 06 06 2128 124.516 -30.853  10.0 3.00 MW ML2MW
2020 06 08 1316 124.344 -30.761  10.0 3.22 MW ML2MW
2020 06 13 1540 128.526 -16.626  10.0 3.36 MW ML2MW
2020 06 18 2121 129.239 -21.458  10.0 3.02 MW ML2MW
2020 06 22 1110 121.512 -30.549  10.0 3.26 MW ML2MW
2020 07 12 0919 119.142 -33.265  10.0 3.40 MW ML2MW
2020 07 16 1943 128.512 -16.682  10.0 3.31 MW ML2MW
2020 07 29 1149 115.899 -29.196   6.2 3.28 MW ML2MW
2020 08 10 0754 122.175 -32.530   5.0 3.41 MW ML2MW
2020 08 17 2359 113.660 -33.278  10.0 3.47 MW ML2MW
2020 08 19 1951 121.212 -30.713   6.9 3.05 MW ML2MW
2020 08 25 1915 121.373 -30.800   1.9 3.21 MW ML2MW
2020 09 19 1354 119.172 -33.388  10.0 3.21 MW ML2MW
2020 09 26 2205 126.736 -27.437   7.2 3.14 MW ML2MW
2020 10 05 0027 117.814 -24.167  10.0 3.74 MW ML2MW
2020 10 24 2243 135.365 -13.449  10.0 3.01 MW ML2MW
2020 11 07 1809 129.341 -14.293  10.0 3.37 MW ML2MW
2020 12 17 0413 124.685 -19.057  10.0 3.26 MW ML2MW
2020 12 20 0943 123.682 -28.107  10.0 3.09 MW ML2MW
2020 12 21 1714 130.878 -23.170  10.0 3.72 MW ML2MW
2021 02 07 1354 124.323 -30.462  10.0 3.12 MW ML2MW
2021 03 03 0902 121.541 -30.637  10.0 3.39 MW ML2MW
2021 03 10 1327 122.943 -31.760  10.0 3.03 MW ML2MW
2021 03 12 1357 129.447 -22.303  10.0 4.38 MW ML2MW
2021 04 22 2054 117.395 -24.343  10.0 3.12 MW ML2MW
2021 05 04 0714 121.512 -30.689   9.7 3.47 MW ML2MW
2021 05 11 0917 128.907 -16.591  10.0 3.18 MW ML2MW
2021 05 14 1651 127.266 -16.791  10.0 3.34 MW ML2MW
2021 06 01 1755 120.709 -27.872  10.0 3.02 MW ML2MW
2021 06 02 1355 124.076 -27.102  10.0 3.21 MW ML2MW
2021 06 09 1458 124.414 -18.652  10.0 3.07 MW ML2MW
2021 06 15 1554 123.291 -34.834  10.0 3.20 MW ML2MW
2021 06 17 0552 128.722 -16.624  10.0 3.86 MW ML2MW
2021 06 18 1237 124.514 -30.204  10.0 3.64 MW ML2MW
2021 06 27 1932 120.754 -27.782  10.0 3.14 MW ML2MW
2021 06 30 2354 116.382 -29.600  10.0 3.62 MW ML2MW
2021 07 07 0451 127.103 -31.648  10.0 3.04 MW ML2MW
2021 07 15 2046 123.934 -28.996  10.0 3.18 MW ML2MW
2021 07 19 1554 130.142 -26.434  10.0 3.27 MW ML2MW
2021 08 12 1544 140.459 -22.526  10.0 3.34 MW ML2MW
2021 08 13 0524 123.650 -27.980  10.0 3.06 MW ML2MW
2021 08 14 2245 113.670 -31.216  10.0 3.33 MW ML2MW
2021 08 25 2217 127.774 -16.522  10.0 3.77 MW ML2MW
2021 09 02 1555 133.823 -18.993  10.0 3.14 MW ML2MW
2021 09 04 0437 130.861 -21.797  10.0 3.02 MW ML2MW
2021 12 06 1943 123.888 -35.378  10.0 3.13 MW ML2MW
2022 02 07 1900 126.797 -32.232  10.0 3.39 MW ML2MW
2022 02 14 2240 137.200 -26.451  10.0 3.14 MW ML2MW
2022 03 12 0039 126.440 -28.141  10.0 3.05 MW ML2MW
2022 03 20 0537 133.706 -28.275   7.6 3.12 MW ML2MW
2022 04 15 0034 128.983 -24.769  10.0 3.08 MW ML2MW
2022 06 25 2119 125.932 -31.812  10.0 3.10 MW ML2MW
