1873 12 15 0400 127.500 -26.250   0.0 5.55 MW ML2MW
1925 05 04 1128 140.000 -16.000   0.0 4.69 MW ML2MW
1907 11 10 0000 142.100 -10.600  10.0 4.00 MW ML2MW
1894 07 16 1245 143.500 -18.300   0.0 3.75 MW ML2MW
1928 05 14 0246 144.000 -15.000   0.0 4.87 MW ML2MW
1921 03 16 1136 138.000 -13.000  10.0 4.16 MW ML2MW
1924 05 07 0017 140.000 -16.000   0.0 4.08 MW ML2MW
1923 08 29 0000 143.300 -12.000   0.0 3.15 MW ML2MW
1946 04 19 2113 114.500 -33.500   0.0 5.26 MW ML2MW
1938 03 01 1900 139.500 -16.500   0.0 3.01 MW ML2MW
1958 07 07 1706 144.000 -15.400   5.0 4.08 MW ML2MW
1959 10 03 1207 114.500 -34.500  18.0 3.91 MW ML2MW
1967 04 03 0440 126.320 -12.200  18.0 4.39 MW mb2MW
1968 01 08 0543 128.560 -16.620  18.0 4.05 MW mb2MW
1968 06 13 0644 131.183 -20.973  33.0 4.14 MW mb2MW
1961 02 27 1628 144.000 -16.500  10.0 3.61 MW ML2MW
1961 06 12 1800 114.500 -34.200  18.0 3.76 MW ML2MW
1968 07 31 1651 124.400 -30.800  18.0 3.97 MW mb2MW
1961 08 28 1029 116.200 -27.500  18.0 3.00 MW ML2MW
1968 08 02 2045 133.100 -22.780  30.0 4.39 MW mb2MW
1962 01 01 2329 125.700 -34.100  18.0 3.48 MW ML2MW
1968 11 12 1023 124.000 -31.600  18.0 4.22 MW mb2MW
1962 02 16 1216 144.000 -14.000   5.0 3.90 MW ML2MW
1969 10 27 1139 131.320 -22.800   0.0 4.14 MW mb2MW
1963 06 15 1945 114.900 -34.500   0.0 2.74 MW ML2MW
1964 03 09 1135 121.500 -30.800  18.0 3.26 MW ML2MW
1963 11 16 0034 116.200 -36.000   0.0 2.81 MW ML2MW
1965 10 04 0044 123.300 -28.100  18.0 3.56 MW ML2MW
1966 06 09 1946 115.000 -33.700   0.0 3.13 MW ML2MW
1965 07 14 2307 117.300 -26.600  18.0 2.77 MW ML2MW
1967 12 29 1824 144.003 -15.900   3.0 3.11 MW ML2MW
1966 04 26 0329 121.600 -31.400   0.0 2.30 MW ML2MW
1966 05 10 1012 118.700 -27.100   0.0 2.33 MW ML2MW
1968 06 06 1931 123.800 -30.700   0.0 3.03 MW mb2MW
1967 11 21 1037 124.700 -28.600  18.0 2.74 MW ML2MW
1967 12 14 1417 124.100 -29.000  18.0 2.71 MW ML2MW
1969 01 24 1444 135.392 -35.681  24.1 3.37 MW ML2MW
1969 02 17 0905 132.195 -33.485   3.4 3.25 MW ML2MW
1971 09 10 1634 127.280 -26.310   0.0 3.88 MW mb2MW
1971 09 17 2213 144.000 -16.600  10.0 3.10 MW ML2MW
1972 01 16 0343 124.000 -31.000   0.0 3.22 MW ML2MW
1972 01 29 0410 124.500 -21.000   0.0 3.04 MW ML2MW
1972 02 05 1620 125.610 -27.070   0.0 3.64 MW ML2MW
1971 01 17 1128 128.680 -27.327   2.2 2.55 MW ML2MW
1972 04 07 2208 124.900 -18.290   0.0 3.87 MW ML2MW
1972 04 08 0751 126.800 -23.140   0.0 3.63 MW ML2MW
1972 04 20 0929 118.200 -23.330   0.0 3.80 MW mb2MW
1972 05 05 1044 142.550 -12.920   0.0 3.86 MW ML2MW
1971 09 18 1352 124.170 -28.260   0.0 2.93 MW ML2MW
1971 09 28 0424 116.980 -22.750   0.0 2.98 MW ML2MW
1972 05 20 0347 124.600 -28.100   0.0 3.71 MW mb2MW
1972 05 28 1359 128.600 -16.500   0.0 3.12 MW ML2MW
1972 01 08 1705 121.530 -30.820   1.0 2.89 MW ML2MW
1972 07 25 0243 119.050 -22.730   0.0 3.53 MW ML2MW
1972 12 21 1343 124.300 -30.700   0.0 3.80 MW mb2MW
1973 01 26 0441 138.350 -25.510   0.0 3.45 MW ML2MW
1973 01 28 1203 135.787 -32.160  21.0 3.46 MW ML2MW
1972 03 10 2250 144.000 -16.900  15.0 2.92 MW ML2MW
1974 02 16 2042 117.620 -27.160   0.0 3.71 MW mb2MW
1974 09 26 1638 128.130 -17.240   0.0 3.61 MW ML2MW
1975 03 30 0210 129.500 -16.200   0.0 3.01 MW ML2MW
1975 05 11 0046 122.770 -21.150  10.0 3.72 MW ML2MW
1975 08 05 1127 127.420 -16.450   0.0 3.65 MW ML2MW
1975 08 19 1404 143.500 -18.200   0.0 3.11 MW ML2MW
1973 03 25 0612 116.790 -29.550  10.0 2.84 MW ML2MW
1973 10 15 0649 136.198 -25.792  38.1 2.85 MW ML2MW
1974 03 08 1200 128.500 -17.200   0.0 2.89 MW ML2MW
1976 06 11 0427 125.250 -18.670   0.0 3.23 MW ML2MW
1976 11 07 0347 128.663 -16.115   6.0 3.80 MW ML2MW
1976 12 04 2027 128.100 -17.100   0.0 3.04 MW ML2MW
1977 01 10 0834 115.100 -29.500   0.0 3.55 MW ML2MW
1974 11 06 0843 136.772 -24.900   7.5 2.63 MW ML2MW
1975 01 06 0900 128.900 -16.180   0.0 2.60 MW ML2MW
1977 03 11 0228 134.749 -29.236   4.6 3.02 MW ML2MW
1977 04 10 1018 122.920 -30.510   0.0 3.84 MW ML2MW
1977 05 18 0611 126.700 -17.500   0.0 3.31 MW ML2MW
1977 07 27 2109 128.560 -16.987  33.0 3.42 MW ML2MW
1977 08 17 2116 125.424 -29.797   0.0 3.89 MW ML2MW
1977 10 24 1220 124.510 -23.860   0.0 3.11 MW ML2MW
1975 04 18 1445 128.640 -16.040   0.0 2.41 MW ML2MW
1977 11 03 0356 127.000 -22.600  10.0 3.71 MW mb2MW
1978 03 23 0235 131.000 -22.980  10.0 3.37 MW ML2MW
1978 08 05 1208 130.770 -23.230   0.0 3.40 MW ML2MW
1978 08 31 0128 136.375 -30.939  17.7 3.01 MW ML2MW
1976 03 28 0735 127.600 -17.000   0.0 2.80 MW ML2MW
1978 11 24 0104 120.770 -33.320  10.0 3.86 MW ML2MW
1976 03 29 0126 127.700 -16.900   0.0 2.84 MW ML2MW
1979 03 26 0014 126.070 -16.350   0.0 3.02 MW ML2MW
1976 05 21 0543 128.250 -16.450   0.0 2.74 MW ML2MW
1979 03 31 0445 127.030 -18.040   0.0 3.19 MW ML2MW
1979 06 18 2015 123.925 -29.643   0.0 3.58 MW ML2MW
1979 10 26 0256 128.570 -16.460   0.0 3.18 MW ML2MW
1979 11 05 0942 127.300 -16.450   0.0 3.28 MW ML2MW
1980 02 12 2241 130.099 -23.020   0.0 3.29 MW ML2MW
1977 02 26 0549 128.360 -16.500   0.0 2.87 MW ML2MW
1980 03 08 0051 124.410 -31.130  19.0 3.29 MW ML2MW
1980 06 03 1401 127.840 -21.260   0.0 3.08 MW ML2MW
1977 05 16 2127 122.900 -28.000   0.0 2.80 MW ML2MW
1980 06 07 0515 130.260 -22.100   0.0 3.02 MW ML2MW
1980 08 07 2047 123.534 -29.304   0.0 3.89 MW ML2MW
1980 11 18 0549 143.200 -18.200   0.0 3.08 MW ML2MW
1980 11 23 1932 123.360 -30.000  10.0 3.43 MW ML2MW
1980 12 21 1320 126.570 -22.000  30.0 3.41 MW ML2MW
1981 04 15 2314 126.500 -22.170  19.0 3.54 MW ML2MW
1981 04 16 1913 121.460 -33.100  10.0 3.17 MW ML2MW
1978 01 28 0842 120.730 -26.800   0.0 2.98 MW ML2MW
1981 04 24 2103 129.100 -26.330  10.0 3.39 MW ML2MW
1978 02 13 0614 128.660 -16.500   0.0 2.76 MW ML2MW
1978 03 06 0159 127.260 -17.980   9.0 2.73 MW ML2MW
1981 06 28 0823 126.500 -17.880  17.0 3.01 MW ML2MW
1981 06 28 2002 117.210 -25.613   6.0 3.68 MW ML2MW
1978 04 03 1539 126.000 -27.300   0.0 2.43 MW ML2MW
1981 07 03 1739 128.760 -16.530  10.0 3.13 MW ML2MW
1978 05 31 1725 125.250 -32.760  10.0 2.91 MW ML2MW
1981 11 01 1546 117.267 -26.490  33.0 3.23 MW ML2MW
1978 06 09 1231 115.200 -33.930   5.0 2.98 MW ML2MW
1978 07 12 0900 122.490 -21.400   0.0 2.57 MW ML2MW
1981 11 14 2313 123.920 -29.790  10.0 3.40 MW ML2MW
1978 07 15 1204 128.800 -17.600   0.0 2.84 MW ML2MW
1981 12 06 1255 128.730 -16.820  10.0 3.11 MW ML2MW
1978 08 02 2019 130.230 -16.660   0.0 2.94 MW ML2MW
1981 12 15 0043 125.120 -19.400   0.0 3.08 MW ML2MW
1982 01 27 2312 125.390 -27.350  10.0 3.53 MW ML2MW
1978 11 12 0909 128.440 -12.570   0.0 2.87 MW ML2MW
1982 02 19 0111 123.349 -18.902   0.0 3.63 MW ML2MW
1978 11 23 1620 126.030 -25.890   0.0 2.29 MW ML2MW
1982 03 17 0429 127.600 -14.974  10.0 3.53 MW ML2MW
1982 06 06 1406 122.257 -32.358  33.0 3.90 MW ML2MW
1982 07 04 0705 131.010 -26.470  10.0 3.04 MW ML2MW
1978 11 27 0422 128.930 -14.320   0.0 2.95 MW ML2MW
1978 11 28 1146 124.570 -30.140  15.0 2.82 MW ML2MW
1982 08 04 2200 117.310 -29.280  10.0 3.16 MW ML2MW
1982 08 24 0232 131.420 -26.410  10.0 3.86 MW ML2MW
1982 09 11 1015 123.030 -30.330  10.0 3.39 MW ML2MW
1978 12 25 1340 128.200 -15.660   0.0 2.35 MW ML2MW
1982 11 20 0200 127.090 -19.036  19.0 3.57 MW ML2MW
1979 03 17 0345 137.192 -25.128  26.4 2.63 MW ML2MW
1983 01 17 2157 125.230 -32.320  10.0 3.32 MW ML2MW
1983 03 12 0400 117.240 -26.770  10.0 3.01 MW ML2MW
1983 03 14 0329 128.597 -16.676  10.0 3.13 MW ML2MW
1979 05 23 1056 129.590 -15.350   0.0 2.89 MW ML2MW
1983 06 07 0616 125.581 -15.009  10.0 3.65 MW ML2MW
1979 06 26 1913 124.190 -31.790  10.0 2.65 MW ML2MW
1983 09 14 2051 130.320 -11.290  10.0 3.03 MW ML2MW
1983 10 04 0012 130.250 -24.140  10.0 3.11 MW ML2MW
1983 10 12 1925 130.330 -25.610  10.0 3.30 MW ML2MW
1979 07 21 1728 120.940 -26.790  10.0 2.91 MW ML2MW
1983 11 21 0304 138.099 -25.749   0.0 3.05 MW ML2MW
1979 07 25 1906 121.720 -32.260  10.0 2.96 MW ML2MW
1983 11 28 1346 136.375 -24.989  20.0 3.60 MW ML2MW
1979 08 09 0617 114.410 -33.520   0.0 2.64 MW ML2MW
1983 12 01 1545 126.450 -21.960  10.0 3.49 MW ML2MW
1979 08 16 0112 136.103 -29.661  13.5 2.87 MW ML2MW
1984 01 09 0829 130.920 -26.170   0.0 3.24 MW ML2MW
1979 08 17 0806 126.590 -21.890  19.0 2.98 MW ML2MW
1984 01 11 1048 138.715 -26.758  30.3 3.30 MW ML2MW
1979 08 20 1554 124.520 -32.300  10.0 2.94 MW ML2MW
1979 10 06 0651 116.260 -29.550   0.0 2.59 MW ML2MW
1984 01 24 1441 129.700 -21.972   0.0 3.40 MW ML2MW
1984 02 03 1502 119.570 -34.370  10.0 3.20 MW ML2MW
1984 02 08 2250 134.800 -11.400  15.0 3.45 MW ML2MW
1984 03 12 0524 133.200 -11.800   0.0 3.01 MW ML2MW
1980 03 18 0546 127.550 -17.620  10.0 2.85 MW ML2MW
1984 03 23 1938 125.520 -21.290  19.0 3.37 MW ML2MW
1984 03 30 1015 124.550 -27.140  10.0 3.19 MW ML2MW
1984 04 12 2046 129.883 -21.512  18.0 3.26 MW ML2MW
1980 07 04 1811 122.820 -28.620  10.0 2.63 MW ML2MW
1984 05 17 0412 123.060 -21.370  15.0 3.23 MW ML2MW
1984 06 11 1321 122.780 -26.180   0.0 3.61 MW ML2MW
1980 07 26 0641 128.370 -16.880  19.0 2.94 MW ML2MW
1980 08 01 1824 128.710 -16.440  37.0 2.45 MW ML2MW
1980 08 02 0531 124.820 -29.410   0.0 2.97 MW ML2MW
1984 08 07 2051 127.320 -15.550   0.0 3.46 MW ML2MW
1984 08 08 0357 130.150 -23.200   0.0 3.35 MW ML2MW
1980 08 11 0020 116.510 -29.850   0.0 2.70 MW ML2MW
1984 09 10 0751 123.550 -31.590  10.0 3.20 MW ML2MW
1984 09 12 2102 126.446 -22.016  33.0 3.73 MW ML2MW
1984 09 15 1623 130.860 -26.050   0.0 3.16 MW ML2MW
1980 11 29 1338 125.040 -18.190  37.0 2.85 MW ML2MW
1984 09 30 1819 120.690 -28.300  10.0 3.07 MW ML2MW
1980 12 05 0841 128.370 -16.650   0.0 2.93 MW ML2MW
1984 10 01 1547 126.830 -18.760  10.0 3.16 MW ML2MW
1984 10 16 1357 131.630 -10.350  10.0 3.14 MW ML2MW
1984 12 13 1648 124.910 -26.250  10.0 3.19 MW ML2MW
1984 12 28 2148 125.810 -19.270  10.0 3.01 MW ML2MW
1981 01 09 2033 120.960 -30.880   0.0 2.38 MW ML2MW
1985 02 10 1559 129.910 -25.310   0.0 3.25 MW ML2MW
1985 02 13 2121 130.680 -20.170   0.0 3.30 MW ML2MW
1985 03 03 1104 126.590 -18.270  10.0 3.12 MW ML2MW
1985 03 22 0023 125.570 -22.840  10.0 3.45 MW ML2MW
1981 05 06 1835 123.320 -19.230  10.0 2.84 MW ML2MW
1985 04 12 0318 130.140 -14.750  10.0 3.87 MW ML2MW
1985 06 03 1234 135.087 -12.018  33.0 3.63 MW mb2MW
1985 06 05 0341 122.430 -32.650  10.0 3.11 MW ML2MW
1985 07 02 2345 125.300 -27.700  10.0 3.38 MW ML2MW
1985 07 10 0824 132.000 -25.500   0.0 3.11 MW ML2MW
1981 07 26 1324 127.060 -26.390   0.0 2.63 MW ML2MW
1981 09 04 1227 136.628 -25.178  15.1 2.98 MW ML2MW
1981 09 12 1320 124.090 -30.880  37.0 2.94 MW ML2MW
1981 09 20 0919 121.360 -24.640  10.0 2.43 MW ML2MW
1985 07 29 0713 124.260 -28.100  10.0 3.20 MW ML2MW
1981 10 25 1032 130.130 -25.050  10.0 3.00 MW ML2MW
1986 01 15 2211 114.990 -34.510   5.0 3.63 MW ML2MW
1981 11 06 2051 127.360 -17.610  10.0 2.80 MW ML2MW
1986 01 20 2331 124.220 -29.050  10.0 3.37 MW ML2MW
1986 03 16 0644 126.610 -28.100   5.0 3.43 MW ML2MW
1986 04 14 1932 131.345 -24.879  10.0 3.83 MW ML2MW
1986 04 16 0601 123.480 -20.450   5.0 3.23 MW ML2MW
1982 02 08 1423 123.433 -12.627  37.0 2.98 MW ML2MW
1986 04 24 0823 127.880 -18.090   5.0 3.05 MW ML2MW
1986 05 02 2224 137.543 -25.957   5.0 3.38 MW ML2MW
1982 03 13 1817 120.710 -23.360  10.0 2.95 MW ML2MW
1986 05 17 1457 119.800 -33.760   5.0 3.39 MW ML2MW
1986 06 15 0233 125.930 -25.340   5.0 3.01 MW ML2MW
1982 06 23 1139 126.600 -22.000  10.0 2.89 MW ML2MW
1986 06 23 1530 124.780 -27.590   5.0 3.60 MW ML2MW
1982 07 01 1720 127.220 -33.520  37.0 2.93 MW ML2MW
1986 06 27 0130 140.195 -25.515   4.8 3.20 MW ML2MW
1986 07 20 0125 126.460 -21.980   5.0 3.11 MW ML2MW
1986 08 24 0454 126.705 -21.648  10.0 3.38 MW ML2MW
1986 09 04 1910 133.333 -33.619  21.9 3.09 MW ML2MW
1986 09 06 1041 119.050 -22.730   5.0 3.10 MW ML2MW
1986 09 16 1616 122.310 -32.590   5.0 3.36 MW ML2MW
1986 11 28 1546 129.779 -25.433   5.0 3.86 MW ML2MW
1982 12 14 1254 126.390 -22.000  10.0 2.96 MW ML2MW
1983 01 09 1942 125.690 -33.680  10.0 2.61 MW ML2MW
1987 02 24 0810 122.220 -32.510   5.0 3.00 MW ML2MW
1987 03 30 0510 131.519 -26.062  33.0 3.64 MW ML2MW
1983 02 01 1500 126.270 -21.760  10.0 2.99 MW ML2MW
1987 04 19 2241 122.260 -32.610   5.0 3.14 MW ML2MW
1983 02 08 1945 121.360 -30.740   0.0 2.43 MW ML2MW
1987 05 02 2349 121.428 -30.710   5.0 3.12 MW ML2MW
1987 05 08 1335 122.220 -32.510   5.0 3.00 MW ML2MW
1987 05 21 0315 128.348 -16.842   0.0 3.30 MW ML2MW
1983 04 06 1939 124.080 -29.200  10.0 2.49 MW ML2MW
1983 04 11 0508 126.420 -21.940  37.0 2.63 MW ML2MW
1987 08 19 1621 128.619 -24.455   0.0 3.20 MW ML2MW
1983 05 04 0115 124.560 -29.590  10.0 2.92 MW ML2MW
1987 08 21 0939 122.370 -32.660   5.0 3.04 MW ML2MW
1983 07 06 1941 122.290 -32.650  10.0 2.99 MW ML2MW
1983 07 25 1503 122.850 -28.540  10.0 2.72 MW ML2MW
1987 11 01 1527 126.600 -22.080   5.0 3.10 MW ML2MW
1987 11 06 1336 122.966 -13.388  10.0 3.60 MW ML2MW
1983 09 08 1846 126.220 -16.940  10.0 2.88 MW ML2MW
1987 11 15 1227 122.220 -32.510   5.0 3.07 MW ML2MW
1983 09 25 0516 126.270 -21.800  37.0 2.85 MW ML2MW
1987 12 13 1529 126.270 -29.610   5.0 3.08 MW ML2MW
1987 12 20 1211 121.083 -30.483   5.0 3.39 MW ML2MW
1983 09 26 1219 131.440 -26.920  10.0 2.99 MW ML2MW
1988 03 12 1359 128.829 -16.640   5.0 3.11 MW ML2MW
1988 04 23 2338 126.628 -21.817   5.0 3.14 MW ML2MW
1988 05 08 1553 124.730 -22.830   5.0 3.05 MW ML2MW
1983 12 21 1819 124.190 -27.360  10.0 2.70 MW ML2MW
1983 12 25 0306 120.090 -33.480  10.0 2.91 MW ML2MW
1988 05 09 1924 126.430 -21.920   5.0 3.12 MW ML2MW
1984 01 03 0318 126.850 -26.320  10.0 2.68 MW ML2MW
1988 05 26 1704 116.910 -27.900   5.0 3.05 MW ML2MW
1984 01 04 1618 126.860 -15.670  10.0 2.91 MW ML2MW
1984 01 16 0225 133.400 -22.100   0.0 3.00 MW ML2MW
1988 08 15 0413 122.220 -32.510   5.0 3.52 MW ML2MW
1984 01 28 0625 121.020 -28.290  10.0 2.64 MW ML2MW
1988 08 25 2133 128.583 -16.694  10.0 3.22 MW ML2MW
1988 09 21 0228 128.130 -17.380   5.0 3.41 MW ML2MW
1988 09 25 0628 132.342 -31.226  15.3 3.34 MW ML2MW
1984 02 09 1643 130.150 -25.410  10.0 2.64 MW ML2MW
1988 11 01 0425 129.540 -25.090   5.0 3.12 MW ML2MW
1988 11 02 1848 140.122 -15.114  10.0 3.51 MW ML2MW
1988 11 04 0734 128.030 -29.940   5.0 3.10 MW ML2MW
1988 11 27 1407 123.010 -30.370   5.0 3.24 MW ML2MW
1988 12 15 1856 124.583 -19.164   5.0 3.68 MW ML2MW
1984 03 24 0735 122.430 -25.420  10.0 2.83 MW ML2MW
1988 12 23 0424 126.510 -22.000   5.0 3.04 MW ML2MW
1988 12 25 1001 117.730 -27.420   5.0 3.12 MW ML2MW
1984 04 18 1220 132.190 -21.260   0.0 2.89 MW ML2MW
1989 02 27 2325 122.586 -12.337  33.0 3.80 MW mb2MW
1984 04 23 1359 126.040 -21.120  10.0 2.79 MW ML2MW
1984 04 24 0911 135.600 -12.400   0.0 2.79 MW ML2MW
1989 04 01 0517 127.770 -19.280  10.0 3.18 MW ML2MW
1984 06 09 0704 121.530 -30.750   0.0 2.45 MW ML2MW
1989 04 10 0737 126.618 -17.124   5.0 3.28 MW ML2MW
1989 04 17 0349 123.760 -28.746   5.0 3.10 MW ML2MW
1989 05 05 0616 131.399 -17.995  10.0 3.25 MW ML2MW
1984 07 25 1156 129.700 -21.000   0.0 2.66 MW ML2MW
1989 07 20 0929 114.888 -33.967   5.0 3.14 MW ML2MW
1989 07 27 0607 125.467 -26.092   5.0 3.11 MW ML2MW
1984 09 10 0154 123.250 -20.090  10.0 2.92 MW ML2MW
1989 09 13 2152 129.969 -21.517   5.0 3.02 MW ML2MW
1989 10 11 0704 134.473 -11.355   5.0 3.33 MW ML2MW
1989 10 12 0403 122.916 -27.686   5.0 3.09 MW ML2MW
1984 09 22 2036 127.070 -26.420  10.0 2.37 MW ML2MW
1989 11 04 0057 127.798 -17.236   5.0 3.33 MW ML2MW
1989 12 22 0312 116.401 -35.882   5.0 3.23 MW ML2MW
1990 01 12 0549 131.570 -25.620   5.0 3.50 MW ML2MW
1984 10 14 0047 137.492 -26.787  10.4 2.84 MW ML2MW
1990 02 14 1350 137.633 -26.313  13.5 3.01 MW ML2MW
1990 02 20 1418 128.532 -16.713  10.0 3.19 MW ML2MW
1990 03 05 1258 127.775 -26.262   3.0 3.04 MW ML2MW
1984 12 15 1050 129.460 -23.550  10.0 2.69 MW ML2MW
1984 12 22 2259 124.320 -27.700  10.0 2.72 MW ML2MW
1990 03 20 2109 124.310 -18.506   5.0 3.42 MW ML2MW
1990 03 28 0713 121.485 -30.760   1.0 3.04 MW ML2MW
1990 04 01 1035 122.589 -13.359  33.0 3.63 MW mb2MW
1990 04 21 2136 127.301 -26.144  10.0 3.19 MW ML2MW
1985 04 01 2058 126.450 -22.100  10.0 2.67 MW ML2MW
1990 06 26 2030 126.799 -18.698   5.0 3.34 MW ML2MW
1990 07 17 0513 121.477 -30.769   1.0 3.26 MW ML2MW
1990 07 28 1339 134.900 -12.400   5.0 3.74 MW ML2MW
1985 06 01 2353 130.530 -27.020  10.0 2.69 MW ML2MW
1990 09 27 1241 137.510 -25.910  10.0 3.74 MW ML2MW
1990 10 09 1816 128.895 -14.286   5.0 3.34 MW ML2MW
1990 11 25 2146 126.400 -21.730   5.0 3.11 MW ML2MW
1990 12 01 2054 131.809 -26.527  12.9 3.34 MW ML2MW
1991 02 09 0124 139.800 -15.470   0.0 3.34 MW ML2MW
1991 02 13 0735 125.653 -29.775   1.0 3.04 MW ML2MW
1985 08 06 1843 137.200 -24.800   0.0 2.89 MW ML2MW
1985 08 10 0724 121.456 -30.783   0.0 2.98 MW ML2MW
1991 03 15 0429 124.655 -29.360   1.0 3.11 MW ML2MW
1991 04 18 0450 132.807 -26.447  10.0 3.00 MW ML2MW
1985 09 13 2116 127.970 -17.750  10.0 2.91 MW ML2MW
1991 05 06 0709 131.000 -13.910   5.0 3.11 MW ML2MW
1986 01 09 1454 129.350 -24.430   5.0 2.87 MW ML2MW
1991 05 21 0212 125.486 -15.455   5.0 3.11 MW ML2MW
1991 06 14 1222 122.318 -32.603   5.0 3.58 MW ML2MW
1991 08 17 0008 115.699 -29.127   5.0 3.04 MW ML2MW
1991 08 18 1156 128.607 -16.770  10.0 3.82 MW ML2MW
1986 02 17 1116 129.410 -24.530   5.0 2.80 MW ML2MW
1991 10 06 2259 129.087 -16.877   5.0 3.58 MW ML2MW
1991 10 09 1646 128.663 -16.706   5.0 3.66 MW ML2MW
1991 11 05 0926 122.097 -32.836   5.0 3.74 MW ML2MW
1986 03 30 2020 120.850 -24.810   5.0 2.49 MW ML2MW
1986 04 14 0633 126.270 -21.760   5.0 2.99 MW ML2MW
1992 01 07 0631 123.374 -30.496  37.0 3.19 MW ML2MW
1992 01 18 0249 126.708 -19.856   5.0 3.11 MW ML2MW
1992 03 10 0347 130.077 -25.449   5.0 3.26 MW ML2MW
1992 04 28 2134 116.485 -27.539  37.0 3.26 MW ML2MW
1986 05 09 0836 121.038 -31.109   5.0 2.57 MW ML2MW
1992 05 14 0132 122.210 -32.309   5.0 3.04 MW ML2MW
1992 06 02 0116 127.954 -22.015   5.0 3.26 MW ML2MW
1992 06 14 1528 129.200 -21.450  10.0 3.19 MW ML2MW
1986 06 05 1115 129.340 -28.238  29.9 2.83 MW ML2MW
1992 07 12 1746 123.066 -19.903   5.0 3.11 MW ML2MW
1986 06 16 0442 129.360 -21.200   5.0 2.97 MW ML2MW
1992 07 12 2142 114.089 -32.789   5.0 3.42 MW ML2MW
1992 07 14 0519 129.220 -22.160  10.0 3.34 MW ML2MW
1986 07 09 1137 129.440 -20.840   5.0 2.75 MW ML2MW
1992 07 27 0940 129.286 -24.284   5.0 3.11 MW ML2MW
1992 08 02 0734 126.730 -19.906   5.0 3.26 MW ML2MW
1986 07 11 0613 130.555 -25.699   0.0 2.94 MW ML2MW
1992 08 21 2053 130.136 -16.818   5.0 3.82 MW ML2MW
1992 08 22 1054 128.791 -27.452   5.0 3.74 MW ML2MW
1986 08 08 1414 121.012 -31.087   5.0 2.50 MW ML2MW
1992 08 27 1919 123.600 -12.407  33.0 3.66 MW ML2MW
1992 11 16 2104 127.206 -17.034   5.0 3.26 MW ML2MW
1992 12 03 1737 131.395 -25.931  10.0 3.58 MW ML2MW
1986 10 01 1319 126.240 -32.250   5.0 2.92 MW ML2MW
1986 10 02 0343 121.426 -30.771   5.0 2.76 MW ML2MW
1993 01 28 2046 116.865 -27.890   5.0 3.19 MW ML2MW
1993 02 27 2208 122.317 -32.625   5.0 3.42 MW ML2MW
1986 10 27 1708 128.220 -23.110   5.0 2.99 MW ML2MW
1986 11 07 2153 139.860 -24.796  17.5 2.81 MW ML2MW
1993 03 22 0208 129.903 -25.392   0.0 3.26 MW ML2MW
1993 04 05 1754 127.593 -25.768   5.0 3.11 MW ML2MW
1993 05 28 1503 121.806 -28.218   1.0 3.58 MW ML2MW
1986 12 19 0606 130.800 -22.700   0.0 2.57 MW ML2MW
1993 06 10 0336 122.298 -32.458   5.0 3.34 MW ML2MW
1993 07 06 2359 126.368 -22.569   5.0 3.34 MW ML2MW
1986 12 31 0713 131.000 -22.800   0.0 2.73 MW ML2MW
1993 08 11 1914 126.841 -19.514  10.0 3.50 MW ML2MW
1993 08 20 2207 143.762 -16.859   8.0 3.04 MW ML2MW
1993 08 28 1926 127.925 -16.133   5.0 3.26 MW ML2MW
1993 11 20 0738 125.726 -20.590   5.0 3.34 MW ML2MW
1993 11 30 0051 125.087 -29.892   5.0 3.26 MW ML2MW
1987 05 11 0311 135.818 -13.757   0.0 2.75 MW ML2MW
1987 05 13 0645 131.430 -16.530   5.0 2.88 MW ML2MW
1994 01 07 1213 122.297 -32.425   5.0 3.11 MW ML2MW
1994 02 20 1432 123.757 -29.608   5.0 3.26 MW ML2MW
1987 06 03 1501 123.590 -35.180   5.0 2.91 MW ML2MW
1994 02 28 0758 127.270 -15.172   5.0 3.26 MW ML2MW
1987 06 08 0355 127.039 -21.994   5.0 2.63 MW ML2MW
1994 04 07 2057 134.799 -11.978  33.0 3.11 MW ML2MW
1994 04 19 1125 126.548 -21.917   5.0 3.42 MW ML2MW
1987 06 14 2155 136.187 -36.562  30.9 2.79 MW ML2MW
1994 06 23 1355 117.634 -36.238   5.0 3.11 MW ML2MW
1994 06 26 0736 133.815 -33.605  13.3 3.18 MW ML2MW
1987 07 15 0606 136.060 -13.550   0.0 2.64 MW ML2MW
1994 07 04 0910 141.530 -19.580   5.0 3.74 MW ML2MW
1987 07 24 0019 129.663 -22.573  25.0 3.00 MW ML2MW
1994 07 22 1136 123.418 -12.199  33.0 3.54 MW mb2MW
1994 08 22 0331 126.315 -21.986   5.0 3.42 MW ML2MW
1987 09 26 0437 130.230 -19.500   5.0 2.65 MW ML2MW
1994 09 01 0625 130.459 -22.873   5.0 3.19 MW ML2MW
1994 09 12 1203 136.427 -22.512   5.0 3.82 MW ML2MW
1987 11 02 1018 121.469 -30.764   5.0 2.70 MW ML2MW
1994 10 09 1501 128.070 -16.652   5.0 3.58 MW ML2MW
1994 10 11 1034 121.307 -33.294   3.0 3.82 MW ML2MW
1987 11 02 2111 137.170 -23.150   9.0 2.79 MW ML2MW
1994 10 19 2007 123.602 -35.208   5.0 3.34 MW ML2MW
1994 12 24 0818 139.311 -11.208   5.0 3.50 MW ML2MW
1988 01 06 0656 128.460 -17.040   5.0 2.84 MW ML2MW
1994 12 27 1910 130.248 -23.649   5.0 3.11 MW ML2MW
1988 01 09 1613 126.690 -17.670   5.0 2.89 MW ML2MW
1988 01 18 0302 122.220 -32.510   5.0 2.86 MW ML2MW
1988 06 22 0631 140.128 -26.514   0.0 2.91 MW ML2MW
1988 07 05 0900 123.070 -22.500   5.0 2.98 MW ML2MW
1988 07 24 2103 126.070 -21.630   5.0 2.61 MW ML2MW
1988 08 13 1920 126.320 -22.080   5.0 2.68 MW ML2MW
1988 08 20 0900 126.600 -24.960   5.0 2.81 MW ML2MW
1988 09 08 2117 132.363 -29.217   5.0 2.52 MW ML2MW
1988 10 09 0315 119.480 -28.360  12.0 2.73 MW ML2MW
1988 10 16 1113 131.592 -25.530   5.0 2.54 MW ML2MW
1988 11 23 2007 122.990 -27.433   5.0 2.94 MW ML2MW
1988 12 18 0409 123.790 -28.940   5.0 2.79 MW ML2MW
1989 01 19 1508 128.590 -16.870   5.0 2.78 MW ML2MW
1989 03 07 1706 124.750 -30.720   5.0 2.64 MW ML2MW
1989 05 15 1547 124.140 -30.470   5.0 2.53 MW ML2MW
1989 06 06 0507 127.736 -18.368   5.0 2.49 MW ML2MW
1989 06 09 1833 121.407 -30.755  12.0 2.44 MW ML2MW
1989 06 22 2205 130.260 -25.360   5.0 2.52 MW ML2MW
1989 06 25 1441 128.194 -26.144   5.0 2.73 MW ML2MW
1989 06 28 1711 122.316 -32.552   7.0 2.83 MW ML2MW
1989 08 10 1545 124.696 -29.952   5.0 2.87 MW ML2MW
1989 12 09 1609 141.090 -22.200   5.0 2.98 MW ML2MW
1990 03 03 0631 138.177 -25.859   8.4 2.93 MW ML2MW
1990 03 24 1545 137.799 -25.945   5.8 2.94 MW ML2MW
1990 04 13 1722 136.920 -19.844   5.0 2.97 MW ML2MW
1990 08 18 1947 118.529 -26.271  49.0 2.83 MW ML2MW
1990 09 03 1703 123.510 -31.180   9.0 2.90 MW ML2MW
1990 11 27 1849 128.440 -16.680   2.0 2.76 MW ML2MW
1990 12 03 0446 135.800 -26.100   5.0 2.76 MW ML2MW
1990 12 26 1004 125.305 -30.079   4.0 2.83 MW ML2MW
1991 02 02 2342 119.397 -30.092   4.0 2.76 MW ML2MW
1991 03 23 1513 132.097 -26.446  10.0 2.71 MW ML2MW
1991 05 02 0556 115.886 -33.738   2.0 2.90 MW ML2MW
1991 05 22 0445 129.311 -34.495   5.0 2.76 MW ML2MW
1991 07 20 0207 121.538 -30.998   5.0 2.83 MW ML2MW
1991 08 09 1859 123.667 -35.234   5.0 2.83 MW ML2MW
1991 09 10 1815 123.653 -35.141   5.0 2.83 MW ML2MW
1991 09 21 1808 123.653 -35.298  34.0 2.90 MW ML2MW
1991 10 21 1944 123.493 -35.208   5.0 2.97 MW ML2MW
1991 12 17 0546 123.454 -35.194   5.0 2.83 MW ML2MW
1991 12 22 1601 128.547 -16.383   5.0 2.97 MW ML2MW
1991 12 24 2006 126.197 -17.289   5.0 2.76 MW ML2MW
1992 02 22 0417 127.305 -23.016   5.0 2.83 MW ML2MW
1992 03 07 2056 123.636 -35.221   5.0 2.83 MW ML2MW
1992 03 15 0631 124.663 -28.752   5.0 2.97 MW ML2MW
1992 03 21 2005 124.541 -27.346   5.0 2.76 MW ML2MW
1992 08 10 0024 136.387 -25.822   5.0 2.97 MW ML2MW
1992 08 20 1845 130.075 -23.693   5.0 2.90 MW ML2MW
1992 08 21 1131 137.671 -25.888   5.0 2.90 MW ML2MW
1992 08 23 1104 131.065 -25.927   5.0 2.76 MW ML2MW
1992 10 31 1107 123.624 -35.197   5.0 2.97 MW ML2MW
1992 12 02 1138 125.960 -32.066   5.0 2.97 MW ML2MW
1992 12 21 2021 121.520 -31.025   5.0 2.76 MW ML2MW
1993 01 11 1820 134.018 -34.640  12.8 2.82 MW ML2MW
1993 02 17 1454 126.506 -21.931   5.0 2.83 MW ML2MW
1993 02 23 2255 132.241 -23.306   5.0 2.76 MW ML2MW
1993 04 12 1322 131.347 -25.625   5.0 2.76 MW ML2MW
1993 05 26 0327 122.196 -32.533   5.0 2.90 MW ML2MW
1993 06 15 1405 124.859 -22.966   5.0 2.83 MW ML2MW
1993 06 23 1619 132.728 -21.584   5.0 2.83 MW ML2MW
1993 09 19 2002 127.403 -15.764   5.0 2.97 MW ML2MW
1993 09 24 2246 123.456 -35.194   5.0 2.76 MW ML2MW
1993 09 29 1749 140.448 -26.115   5.0 2.90 MW ML2MW
1993 10 20 1233 128.081 -21.593   5.0 2.76 MW ML2MW
1993 12 15 1918 115.188 -33.975  19.0 2.83 MW ML2MW
1993 12 31 1040 126.731 -19.881   5.0 2.90 MW ML2MW
1994 01 07 1312 128.547 -16.575   5.0 2.83 MW ML2MW
1994 01 26 1733 122.316 -32.372   5.0 2.90 MW ML2MW
1994 02 06 1109 130.208 -23.105   5.0 2.83 MW ML2MW
1994 04 05 0358 126.969 -32.551   5.0 2.83 MW ML2MW
1994 04 07 0138 116.207 -29.802   1.0 2.76 MW ML2MW
1994 04 26 0408 128.632 -16.477   5.0 2.90 MW ML2MW
1994 06 24 1653 139.572 -28.280  12.5 2.87 MW ML2MW
1994 06 30 0734 119.132 -27.448   5.0 2.76 MW ML2MW
1995 01 07 0330 126.620 -28.153   5.0 2.97 MW ML2MW
1995 01 11 2238 132.052 -23.401   3.0 2.97 MW ML2MW
1995 01 18 1302 131.906 -25.995   5.0 2.97 MW ML2MW
1995 01 28 0720 121.450 -30.773   0.0 2.97 MW ML2MW
1995 04 06 0402 129.025 -17.909   5.0 2.97 MW ML2MW
1995 06 06 0450 119.395 -34.957   5.0 2.76 MW ML2MW
1995 06 26 1049 128.605 -16.614   5.0 2.76 MW ML2MW
1995 11 11 1034 131.767 -25.950  10.0 2.90 MW ML2MW
1995 12 09 1015 128.319 -16.635   5.0 2.90 MW ML2MW
1995 12 14 2139 123.730 -31.065   5.0 2.76 MW ML2MW
1996 01 13 0942 128.935 -21.597   5.0 2.76 MW ML2MW
1996 03 30 0717 121.454 -30.727   1.0 2.97 MW ML2MW
1996 04 01 1959 134.150 -20.030   0.0 2.83 MW ML2MW
1996 04 08 0619 123.914 -31.266   5.0 2.90 MW ML2MW
1996 04 18 1659 129.002 -25.920   5.0 2.83 MW ML2MW
1996 05 05 1230 129.437 -25.481   5.0 2.83 MW ML2MW
1996 07 04 1241 134.200 -20.080   0.0 2.97 MW ML2MW
1996 07 16 1857 126.628 -18.083   5.0 2.97 MW ML2MW
1996 08 07 1502 129.757 -16.643   5.0 2.97 MW ML2MW
1996 12 29 0745 128.583 -16.892   5.0 2.97 MW ML2MW
1997 02 08 1337 129.310 -11.550 281.0 2.94 MW mb2MW
1997 02 21 0826 125.243 -27.411   5.0 2.97 MW ML2MW
1997 06 13 2222 129.181 -17.001   5.0 2.97 MW ML2MW
1997 07 10 0139 119.756 -32.144   1.0 2.76 MW ML2MW
1997 07 14 0959 139.084 -20.693   0.0 2.90 MW ML2MW
1997 08 09 2136 128.016 -21.140   5.0 2.90 MW ML2MW
1997 08 17 0514 115.586 -28.617   5.0 2.83 MW ML2MW
1997 08 31 0143 123.684 -29.980   5.0 2.76 MW ML2MW
1997 10 19 1859 115.584 -28.849   5.0 2.90 MW ML2MW
1997 10 21 0746 123.825 -29.558   5.0 2.83 MW ML2MW
1997 11 02 0718 129.606 -28.066   5.0 2.90 MW ML2MW
1997 11 20 0950 128.982 -26.271   5.0 2.90 MW ML2MW
1997 12 10 0313 123.166 -30.345   5.0 2.83 MW ML2MW
1998 03 14 0733 119.550 -27.566   5.0 2.97 MW ML2MW
1998 04 20 1134 121.872 -30.351   5.0 2.76 MW ML2MW
1998 04 22 1821 119.754 -32.105   5.0 2.76 MW ML2MW
1998 04 26 1312 124.063 -31.851  14.0 2.90 MW ML2MW
1998 05 26 0104 123.934 -30.701   5.0 2.90 MW ML2MW
1998 06 05 1347 121.319 -31.111   5.0 2.97 MW ML2MW
1998 06 27 1642 120.886 -33.320   5.0 2.83 MW ML2MW
1998 07 18 2319 123.793 -30.262   5.0 2.97 MW ML2MW
1998 07 21 2000 121.439 -30.819   5.0 2.76 MW ML2MW
1998 09 14 0608 127.300 -17.155   5.0 2.90 MW ML2MW
1998 10 08 1621 121.448 -30.833   1.0 2.97 MW ML2MW
1998 10 27 2240 128.472 -17.002   5.0 2.90 MW ML2MW
1998 11 05 2050 123.695 -30.814   5.0 2.90 MW ML2MW
1998 11 23 0318 135.340 -22.140   0.0 2.76 MW ML2MW
1998 11 23 0954 120.611 -26.420   5.0 2.76 MW ML2MW
1998 12 12 0224 130.920 -22.620   0.0 2.83 MW ML2MW
1998 12 14 2029 121.257 -30.987   5.0 2.83 MW ML2MW
1998 12 24 2342 135.452 -17.634   0.0 2.76 MW ML2MW
1998 12 31 1113 121.410 -30.754   5.0 2.90 MW ML2MW
1999 01 02 0555 131.754 -20.418   0.0 2.90 MW ML2MW
1999 01 05 1734 123.039 -27.792   5.0 2.76 MW ML2MW
1999 01 05 2349 135.496 -22.040   3.0 2.90 MW ML2MW
1999 01 12 1338 123.391 -20.113   5.0 2.83 MW ML2MW
1999 02 22 2355 122.552 -22.334   5.0 2.83 MW ML2MW
1999 03 07 1959 128.085 -17.275   5.0 2.97 MW ML2MW
1999 03 29 1512 128.375 -15.126   5.0 2.97 MW ML2MW
1999 05 20 1135 124.640 -30.070   5.0 2.76 MW ML2MW
1999 05 24 1920 127.780 -15.470   5.0 2.90 MW ML2MW
1999 08 10 2118 126.610 -22.040   5.0 2.97 MW ML2MW
1999 10 14 0018 127.580 -16.710   5.0 2.83 MW ML2MW
1999 11 01 1438 117.490 -24.220   1.0 2.90 MW ML2MW
1999 12 15 2236 119.730 -32.140   2.0 2.90 MW ML2MW
1999 12 17 1226 115.920 -35.330   5.0 2.90 MW ML2MW
1999 12 18 0701 124.840 -26.260   5.0 2.83 MW ML2MW
1999 12 22 1741 125.640 -33.190   5.0 2.76 MW ML2MW
2000 02 17 1558 131.438 -25.729   0.0 2.90 MW ML2MW
2000 02 21 1615 126.430 -16.740   5.0 2.97 MW ML2MW
2000 02 28 0421 134.588 -27.158   0.0 2.97 MW ML2MW
2000 02 29 0327 120.110 -23.530   5.0 2.90 MW ML2MW
2000 03 30 1555 128.560 -16.640   5.0 2.97 MW ML2MW
2000 06 05 1421 132.788 -20.069   0.0 2.76 MW ML2MW
2000 06 05 1504 131.850 -29.544  10.0 2.73 MW ML2MW
2000 06 12 2041 132.732 -19.911   0.0 2.97 MW ML2MW
2000 06 16 1923 117.529 -27.296   0.0 2.76 MW ML2MW
2000 06 19 0138 121.299 -33.551   0.0 2.76 MW ML2MW
2000 06 19 2124 131.351 -23.464   0.0 2.90 MW ML2MW
2000 08 11 0401 121.788 -34.639   0.0 2.97 MW ML2MW
2000 10 28 1333 119.345 -26.808  10.0 2.97 MW ML2MW
2000 11 12 1942 132.108 -24.973   0.0 2.83 MW ML2MW
2000 12 13 0634 134.903 -35.751  10.0 2.85 MW ML2MW
2001 01 12 1157 129.889 -25.024  10.0 2.83 MW ML2MW
2001 01 19 0700 122.425 -28.258  11.0 2.97 MW ML2MW
2001 02 02 0833 123.052 -32.067  10.0 2.76 MW ML2MW
2001 03 28 1748 121.163 -33.401   0.0 2.76 MW ML2MW
2001 03 29 0008 132.807 -10.417  10.0 2.97 MW ML2MW
2001 04 27 1423 121.779 -32.580  10.0 2.90 MW ML2MW
2001 04 28 1558 137.620 -25.980  26.0 2.76 MW ML2MW
2001 05 16 0817 138.125 -23.058   8.0 2.83 MW ML2MW
2001 06 24 1017 119.740 -31.995   0.0 2.97 MW ML2MW
2001 07 03 0513 121.790 -28.760   7.0 2.97 MW ML2MW
2001 07 12 0526 131.084 -26.297   7.0 2.85 MW ML2MW
2001 10 04 1801 134.293 -22.507   5.6 2.89 MW ML2MW
2001 11 18 2355 115.090 -34.580  10.0 2.94 MW ML2MW
2001 12 07 2138 123.695 -35.240  10.0 2.96 MW ML2MW
2002 02 02 0034 119.231 -29.317   3.0 2.84 MW ML2MW
2002 02 20 1743 114.081 -33.005   6.0 2.79 MW ML2MW
2002 03 25 0752 131.042 -22.974   3.0 2.83 MW ML2MW
2002 04 14 0444 128.429 -17.010   0.0 2.97 MW ML2MW
2002 04 19 2312 123.583 -30.671   5.0 2.94 MW ML2MW
2002 06 25 0900 133.623 -33.529  10.1 2.90 MW ML2MW
2002 07 23 1205 126.109 -22.164   6.0 2.76 MW ML2MW
2002 09 29 0613 125.579 -29.576  10.0 2.83 MW ML2MW
2002 12 04 0411 129.754 -21.977  18.0 2.76 MW ML2MW
2002 12 21 2116 132.689 -26.714   9.3 2.92 MW ML2MW
2003 01 16 1902 137.705 -26.304  10.0 2.87 MW ML2MW
2003 01 23 1048 129.944 -22.801   5.0 2.85 MW ML2MW
2003 03 23 0732 134.729 -19.743  10.0 2.84 MW ML2MW
2003 04 25 2102 125.630 -33.199   0.0 2.80 MW ML2MW
2003 06 03 1215 129.829 -25.203  10.0 2.70 MW ML2MW
2003 06 04 2004 115.269 -33.552   5.0 2.94 MW ML2MW
2003 10 26 0132 134.311 -34.944   1.2 2.83 MW ML2MW
2004 04 11 0347 140.659 -20.035   0.0 2.97 MW ML2MW
2004 07 01 1158 127.590 -22.940   0.0 2.99 MW ML2MW
2004 09 02 1056 131.885 -26.548   0.0 2.96 MW ML2MW
2004 09 15 1623 125.035 -29.645  12.0 2.95 MW ML2MW
2005 01 12 1917 127.876 -23.004   0.9 2.84 MW ML2MW
2005 01 31 1322 121.453 -30.806   0.0 2.80 MW ML2MW
2005 02 16 1826 131.537 -31.461   9.2 3.00 MW ML2MW
2005 03 14 1126 131.719 -34.143  10.9 2.91 MW ML2MW
2005 03 29 1717 129.662 -10.542 573.0 2.52 MW mb2MW
2005 04 08 0409 140.312 -27.800   0.0 2.76 MW ML2MW
2005 07 09 1348 124.660 -14.950  37.0 2.73 MW ML2MW
2005 08 13 1516 127.740 -22.860  10.0 2.78 MW ML2MW
2005 09 10 1141 143.931 -16.878  10.0 2.90 MW ML2MW
2005 09 11 2140 128.730 -16.518   5.0 2.90 MW ML2MW
2006 03 04 1703 115.912 -33.618   0.0 2.95 MW ML2MW
2006 03 08 1429 127.303 -23.138   0.0 2.64 MW ML2MW
2006 04 03 2158 132.175 -26.034   0.0 2.90 MW ML2MW
2006 05 08 0122 127.859 -17.673   0.0 2.92 MW ML2MW
2006 05 14 0927 127.311 -18.327   0.0 2.94 MW ML2MW
2006 06 15 1520 131.777 -23.003   0.0 3.00 MW ML2MW
2006 06 17 2041 132.479 -21.248   0.0 3.00 MW ML2MW
2006 06 22 1839 136.351 -12.663   0.0 2.84 MW ML2MW
2006 07 18 1104 133.102 -13.906   0.0 2.81 MW ML2MW
2006 12 10 1634 117.473 -25.085  10.0 2.96 MW ML2MW
2007 03 08 1212 124.327 -27.993  10.0 2.76 MW ML2MW
2007 04 05 0942 132.208 -24.721   0.0 2.97 MW ML2MW
2007 09 18 1704 139.626 -15.156   9.4 2.92 MW ML2MW
2007 09 22 2344 129.805 -22.302   0.0 2.83 MW ML2MW
2007 11 18 1916 143.785 -16.823   4.0 2.82 MW ML2MW
2007 12 11 1605 128.777 -16.430   9.0 2.79 MW ML2MW
2008 03 20 0515 126.017 -23.696   0.0 2.97 MW ML2MW
2008 04 19 1624 125.698 -20.470  10.0 2.91 MW ML2MW
2008 05 01 1352 124.316 -28.028   8.0 2.90 MW ML2MW
2008 06 23 1317 127.722 -18.176   0.0 2.99 MW ML2MW
2008 07 16 1600 137.636 -25.762  10.0 2.68 MW ML2MW
2009 04 03 1531 120.822 -31.973   0.0 2.99 MW ML2MW
2009 10 12 0658 133.978 -19.542  16.7 2.99 MW ML2MW
2010 01 14 2135 120.278 -33.147   0.0 2.99 MW ML2MW
2010 03 28 1637 121.558 -30.832  10.0 2.87 MW ML2MW
2010 04 20 1019 122.199 -32.356   0.0 2.78 MW ML2MW
2010 04 22 1122 121.520 -32.838   0.0 2.99 MW ML2MW
2010 06 06 1829 121.487 -30.844   0.0 2.69 MW ML2MW
2010 07 05 1229 131.061 -25.940   0.0 2.89 MW ML2MW
2010 07 15 1359 119.454 -33.905  10.0 2.78 MW ML2MW
2010 07 26 1838 121.343 -30.911   0.0 2.83 MW ML2MW
2010 08 30 0417 127.636 -22.936   0.0 2.95 MW ML2MW
2010 09 03 1505 123.232 -20.281  10.0 2.99 MW ML2MW
2010 11 14 1629 140.353 -26.758  28.9 2.93 MW ML2MW
2010 12 02 1830 128.594 -14.658   2.0 2.86 MW ML2MW
2010 12 09 1653 127.410 -17.223   5.0 2.42 MW ML2MW
2010 12 15 0616 140.985 -25.345   0.0 2.89 MW ML2MW
2011 01 08 1257 128.795 -14.771  10.0 2.83 MW ML2MW
2011 01 29 2242 127.867 -21.893  15.0 2.84 MW ML2MW
2011 04 01 0817 134.067 -18.870   0.0 2.56 MW ML2MW
2011 04 04 1203 127.984 -17.452   0.0 2.98 MW ML2MW
2011 04 10 1612 131.513 -13.296   0.0 2.29 MW ML2MW
2011 04 26 0756 128.469 -16.631   0.0 2.69 MW mb2MW
2011 05 11 1215 133.096 -26.709   0.0 2.92 MW ML2MW
2011 05 15 1024 139.258 -20.590   0.0 2.52 MW ML2MW
2011 05 22 0140 119.328 -33.200  10.0 2.90 MW ML2MW
2011 05 23 1347 131.059 -26.250  10.0 2.90 MW ML2MW
2011 07 07 0001 121.473 -30.832   0.0 2.97 MW ML2MW
2011 07 08 1458 137.309 -25.899   0.0 2.75 MW ML2MW
2011 08 30 0242 137.405 -25.967  20.0 2.81 MW ML2MW
2011 09 09 2224 136.522 -26.987  31.3 2.94 MW ML2MW
2011 11 11 1943 127.337 -21.368  15.0 2.89 MW ML2MW
2011 11 24 1757 121.390 -30.846  19.0 2.76 MW ML2MW
2011 11 26 1530 138.567 -25.631  10.0 2.72 MW ML2MW
2011 11 27 0340 138.492 -25.823   0.0 2.70 MW ML2MW
2012 01 11 0337 132.037 -14.809  12.0 2.85 MW ML2MW
2012 01 13 1902 121.554 -30.681   4.0 2.92 MW ML2MW
2012 02 22 1411 137.819 -26.956  37.0 2.64 MW ML2MW
2012 04 08 1845 139.939 -28.822  22.1 2.51 MW ML2MW
2012 05 08 0255 116.099 -28.634  10.0 2.76 MW ML2MW
2012 06 23 1540 121.557 -30.672  10.0 2.95 MW ML2MW
2012 07 08 0933 116.603 -29.130  10.0 2.67 MW ML2MW
2012 07 09 0655 133.780 -33.562  18.3 2.86 MW ML2MW
2012 09 03 1006 115.990 -28.654   9.0 2.89 MW ML2MW
2012 10 08 1028 137.065 -25.474  33.1 2.72 MW ML2MW
2012 10 31 2154 120.807 -33.362   0.0 2.89 MW ML2MW
2012 11 13 0747 139.784 -28.308  10.0 2.74 MW ML2MW
2012 12 12 0830 119.177 -32.192   0.0 2.92 MW ML2MW
2013 01 06 1702 120.383 -28.075  10.0 2.81 MW ML2MW
2013 03 03 0926 119.160 -32.322  10.0 2.92 MW ML2MW
2013 03 03 0927 119.045 -32.410  10.0 2.96 MW ML2MW
2013 03 21 0408 127.736 -25.581  10.0 2.79 MW ML2MW
2013 03 26 1807 120.887 -33.017  15.0 2.95 MW ML2MW
2013 04 08 0939 116.770 -29.194   0.0 2.92 MW ML2MW
2013 04 20 0134 119.855 -28.614  18.0 2.74 MW ML2MW
2013 04 24 0749 132.173 -31.786   0.0 2.89 MW ML2MW
2013 04 30 0823 120.609 -27.795   8.0 2.87 MW ML2MW
2013 05 03 1710 120.710 -33.768  12.0 2.94 MW ML2MW
2013 05 05 0631 120.521 -27.864   0.0 2.84 MW ML2MW
2013 05 07 2148 132.113 -26.185   4.0 2.81 MW ML2MW
2013 05 13 2044 122.826 -31.691   0.0 2.84 MW ML2MW
2013 05 20 0514 116.745 -29.143  15.0 2.88 MW ML2MW
2013 06 17 0949 115.964 -28.758   0.0 2.63 MW ML2MW
2013 06 29 1511 119.220 -32.312  10.0 2.94 MW ML2MW
2013 07 14 0339 119.636 -22.577   0.0 2.78 MW ML2MW
2013 08 02 1746 121.413 -26.146  10.0 2.70 MW ML2MW
2013 08 03 1633 132.024 -26.360   0.8 2.71 MW ML2MW
2013 08 17 2144 121.210 -28.123  10.0 2.94 MW ML2MW
2013 10 14 1554 130.825 -24.050   0.0 2.97 MW ML2MW
2013 12 02 1154 121.690 -31.400  15.0 2.83 MW ML2MW
2013 12 12 1724 139.775 -25.627  12.3 3.00 MW ML2MW
2013 12 15 0502 121.982 -29.092   0.0 2.77 MW ML2MW
2014 01 12 0505 116.845 -29.190   0.0 2.83 MW ML2MW
2014 02 04 0450 120.217 -30.256   0.0 2.63 MW ML2MW
2014 02 07 0118 126.183 -32.285   0.0 2.83 MW ML2MW
2014 02 22 1705 141.257 -24.615   0.0 2.75 MW ML2MW
2014 03 20 1542 138.970 -28.226   7.0 2.70 MW ML2MW
2014 04 04 1521 121.428 -30.775   0.0 2.92 MW ML2MW
2014 04 14 1254 121.433 -30.743  10.0 2.76 MW ML2MW
2014 05 13 1351 122.339 -28.327   9.0 2.87 MW ML2MW
2014 06 14 0506 116.771 -29.200   7.0 2.78 MW ML2MW
2014 06 20 1233 121.552 -30.660   0.0 2.86 MW ML2MW
2014 07 19 0540 119.432 -22.887  15.0 2.48 MW ML2MW
2014 07 20 1421 120.667 -29.611  10.0 2.86 MW ML2MW
2014 07 26 0215 119.790 -28.297   0.0 2.96 MW ML2MW
2014 07 29 0650 123.863 -26.105  10.0 2.86 MW ML2MW
2014 08 17 0228 119.335 -23.055   0.0 2.97 MW ML2MW
2014 08 19 1410 119.382 -31.403  14.0 2.63 MW ML2MW
2014 08 21 1332 116.071 -28.213  10.0 2.80 MW ML2MW
2014 08 23 2145 132.597 -27.745  30.4 2.92 MW ML2MW
2014 09 01 0835 137.401 -25.887  10.0 2.90 MW ML2MW
2014 10 16 2341 116.214 -28.741   0.0 2.51 MW ML2MW
2014 10 24 1821 129.685 -23.579   0.0 2.91 MW ML2MW
2014 11 16 0324 122.547 -32.490  10.0 2.83 MW ML2MW
2015 01 05 2025 120.848 -29.849  10.0 2.84 MW ML2MW
2015 01 06 1311 133.074 -27.030  16.3 2.86 MW ML2MW
2015 01 17 1741 119.300 -23.306   0.0 2.76 MW ML2MW
2015 02 27 0623 139.006 -27.884  37.9 2.78 MW ML2MW
2015 03 08 2341 137.475 -25.884  24.5 2.97 MW ML2MW
2015 03 28 1214 128.154 -27.009   0.0 2.91 MW ML2MW
2015 05 11 1331 127.779 -18.152  10.0 2.99 MW ML2MW
2015 05 23 1211 121.185 -30.904  10.0 2.89 MW ML2MW
2015 06 08 1539 129.764 -14.588   3.0 2.97 MW ML2MW
2015 06 10 1913 121.645 -30.602   8.0 2.71 MW ML2MW
2015 08 16 0013 133.254 -29.278  17.3 2.72 MW ML2MW
2015 09 07 0504 116.656 -29.306   0.0 2.92 MW ML2MW
2015 10 13 2219 121.356 -30.771  10.0 2.91 MW ML2MW
2015 12 15 1628 132.503 -32.552  17.9 2.68 MW ML2MW
2016 03 11 0148 121.576 -26.102  10.0 2.93 MW ML2MW
2016 04 27 2043 121.628 -31.180   2.0 2.73 MW ML2MW
2016 05 19 1346 119.029 -22.390   3.0 2.64 MW ML2MW
2016 06 26 1415 131.851 -31.800   0.0 2.76 MW ML2MW
2016 07 01 0314 139.316 -25.364  10.0 2.86 MW ML2MW
2016 07 01 0840 121.440 -30.732  10.0 2.88 MW ML2MW
2016 09 04 0624 121.409 -30.807   0.0 2.75 MW ML2MW
2016 09 10 1534 127.115 -23.514   0.0 2.85 MW ML2MW
2016 09 11 1622 126.303 -16.798   9.0 2.97 MW ML2MW
2016 10 10 0429 119.320 -23.042  18.0 2.59 MW ML2MW
2016 10 20 1605 139.450 -27.375  10.0 2.49 MW ML2MW
2016 11 09 0825 135.358 -28.711   0.0 2.90 MW ML2MW
2016 12 01 0728 119.275 -33.208  10.0 2.93 MW ML2MW
2016 12 29 1656 121.491 -30.654  10.0 2.96 MW ML2MW
2017 01 13 2336 121.784 -31.430  10.0 2.93 MW ML2MW
2017 01 25 1742 122.406 -32.426  10.0 2.84 MW ML2MW
2017 02 12 0919 131.951 -26.097  10.0 2.75 MW ML2MW
2017 03 15 1252 120.120 -33.326  10.0 2.78 MW ML2MW
2017 03 22 0036 137.442 -25.870  10.0 2.72 MW ML2MW
2017 03 28 1655 120.070 -33.174  10.0 2.82 MW ML2MW
2017 04 08 0347 119.863 -28.684  10.0 2.94 MW ML2MW
2017 04 22 1929 131.217 -29.953  10.0 2.85 MW ML2MW
2017 05 03 1756 127.936 -22.607  10.0 2.86 MW ML2MW
2017 05 15 2257 129.945 -25.135  10.0 2.91 MW ML2MW
2017 06 03 0733 119.169 -30.808  10.0 2.89 MW ML2MW
2017 07 16 0350 126.781 -31.512  10.0 2.94 MW ML2MW
2017 08 02 0341 119.705 -32.337  10.0 2.58 MW ML2MW
2017 08 04 0617 136.079 -23.659  10.0 2.64 MW ML2MW
2017 08 06 0517 127.996 -19.310  10.0 2.53 MW ML2MW
2017 08 20 1005 139.201 -26.551  10.0 2.72 MW ML2MW
2017 08 24 1517 119.669 -32.314  10.0 2.70 MW ML2MW
2017 09 02 0123 121.466 -30.640  10.0 2.93 MW ML2MW
2017 09 04 1624 119.212 -31.561  10.0 2.71 MW ML2MW
2017 09 11 1903 119.227 -31.273  10.0 2.74 MW ML2MW
2017 09 15 0838 119.082 -30.136  10.0 2.70 MW ML2MW
2017 09 26 1443 119.059 -26.940  10.0 2.62 MW ML2MW
2017 09 29 0151 119.326 -32.272  10.0 2.72 MW ML2MW
2017 09 29 2308 134.411 -34.406  10.0 2.96 MW ML2MW
2017 10 01 1459 121.540 -30.586  10.0 2.76 MW ML2MW
2017 10 11 1231 131.593 -23.083  10.0 2.98 MW ML2MW
2017 10 17 0710 130.382 -22.389  10.0 2.62 MW ML2MW
2017 10 20 0308 129.093 -26.626  10.0 2.85 MW ML2MW
2017 10 21 0947 119.194 -31.336  10.0 2.96 MW ML2MW
2017 11 04 0744 127.055 -32.166  10.0 2.78 MW ML2MW
2017 11 04 1207 131.226 -23.319  10.0 2.82 MW ML2MW
2017 11 04 1750 119.084 -31.673  10.0 2.47 MW ML2MW
2017 11 07 2210 131.330 -23.521  10.0 2.58 MW ML2MW
2017 11 23 1902 122.870 -31.635  10.0 2.79 MW ML2MW
2017 11 24 1849 121.203 -30.768  10.0 2.56 MW ML2MW
2017 12 16 0801 131.219 -23.447  10.0 2.92 MW ML2MW
2017 12 31 1459 127.806 -25.650  10.0 2.89 MW ML2MW
2018 01 05 1447 129.697 -27.088  10.0 2.52 MW ML2MW
2018 01 06 1516 119.053 -30.842  10.0 2.62 MW ML2MW
2018 01 14 1440 128.844 -27.403  10.0 2.73 MW ML2MW
2018 02 05 1629 126.257 -28.041  10.0 2.71 MW ML2MW
2018 02 06 2216 121.477 -30.754  10.0 2.78 MW ML2MW
2018 02 06 2238 129.502 -26.597  10.0 2.64 MW ML2MW
2018 02 19 0944 119.125 -33.231  10.0 2.69 MW ML2MW
2018 02 22 1220 137.505 -25.864  10.0 2.50 MW ML2MW
2018 02 25 2208 133.801 -29.604  10.0 2.69 MW ML2MW
2018 03 10 0614 134.321 -12.663  10.0 2.94 MW ML2MW
2018 03 14 1907 129.668 -13.324  10.0 2.67 MW ML2MW
2018 03 20 2120 131.782 -30.318  10.0 2.69 MW ML2MW
2018 03 24 1244 121.513 -33.569  10.0 2.69 MW ML2MW
2018 03 29 1827 119.041 -33.188  10.0 2.68 MW ML2MW
2018 03 31 1745 117.735 -29.126  10.0 2.88 MW ML2MW
2018 03 31 1909 132.647 -26.556  10.0 2.85 MW ML2MW
2018 04 05 1255 116.097 -28.676  10.0 2.21 MW ML2MW
2018 04 05 1948 124.578 -30.035  10.0 2.49 MW ML2MW
2018 04 05 2205 130.786 -14.304  10.0 2.66 MW ML2MW
2018 04 20 0537 116.670 -29.282  10.0 2.90 MW ML2MW
2018 04 23 0538 116.465 -29.375  10.0 2.82 MW ML2MW
2018 04 27 1445 119.618 -33.644  10.0 2.78 MW ML2MW
2018 04 30 1649 129.621 -15.045  10.0 2.93 MW ML2MW
2018 05 05 1327 121.177 -30.807  10.0 2.18 MW ML2MW
2018 05 17 0143 121.411 -30.811  10.0 2.90 MW ML2MW
2018 07 02 2233 119.821 -28.565  10.0 2.99 MW ML2MW
2018 07 06 0450 117.162 -22.908  10.0 2.76 MW ML2MW
2018 08 27 0917 116.920 -27.644  10.0 2.89 MW ML2MW
2018 09 19 0827 124.402 -30.628  10.0 2.80 MW ML2MW
2018 11 01 1729 122.300 -21.754  10.0 2.75 MW ML2MW
2018 11 07 1132 130.002 -25.359   7.4 2.63 MW ML2MW
2018 11 19 1335 113.813 -31.330  10.0 2.98 MW ML2MW
2018 12 04 0731 130.157 -22.141  10.0 2.95 MW ML2MW
2019 01 10 2300 129.916 -25.416  10.0 2.68 MW ML2MW
2019 01 12 0505 121.342 -30.869  10.0 2.72 MW ML2MW
2019 01 16 1404 119.216 -33.136  10.0 2.66 MW ML2MW
2019 01 23 1325 125.316 -17.055  10.0 2.99 MW ML2MW
2019 02 11 1103 128.813 -16.748   0.0 2.94 MW ML2MW
2019 02 11 1751 128.711 -16.544  10.0 2.73 MW ML2MW
2019 02 11 2004 128.874 -16.675  10.0 2.78 MW ML2MW
2019 02 26 1754 126.459 -22.056  10.0 2.92 MW ML2MW
2019 03 04 1558 122.228 -28.802  10.0 2.81 MW ML2MW
2019 04 04 2337 131.830 -23.396  10.0 2.75 MW ML2MW
2019 04 13 0446 133.741 -29.394  10.0 2.86 MW ML2MW
2019 04 20 0437 117.151 -22.931  12.1 2.77 MW ML2MW
2019 05 01 1356 121.230 -30.846  10.0 2.79 MW ML2MW
2019 06 02 1409 129.936 -14.854  10.0 2.87 MW ML2MW
2019 06 16 1408 128.545 -16.972  10.0 2.98 MW ML2MW
2019 06 20 1511 119.067 -33.073  10.0 2.54 MW ML2MW
2019 06 20 1547 119.170 -33.197  10.0 3.00 MW ML2MW
2019 07 09 2123 128.213 -19.103  10.0 2.94 MW ML2MW
2019 07 24 1901 126.479 -22.077  10.0 2.82 MW ML2MW
2019 07 26 0821 121.808 -30.713  10.0 2.90 MW ML2MW
2019 08 06 2244 121.173 -30.786  10.0 2.76 MW ML2MW
2019 09 30 1255 122.466 -32.605  10.0 2.84 MW ML2MW
2019 10 21 1109 134.411 -29.032  10.0 2.82 MW ML2MW
2019 11 02 0341 120.233 -32.971  10.0 2.88 MW ML2MW
2019 11 17 1211 123.392 -31.332  10.0 2.83 MW ML2MW
2019 11 22 0355 125.295 -19.540  10.0 2.97 MW ML2MW
2019 12 12 2127 114.627 -32.794  10.0 2.60 MW ML2MW
2020 01 11 1100 133.184 -33.123  10.0 2.98 MW ML2MW
2020 01 14 1253 121.210 -30.728   1.7 2.94 MW ML2MW
2020 02 12 1047 116.822 -28.840  10.0 2.77 MW ML2MW
2020 02 18 1605 133.560 -21.904  10.0 2.73 MW ML2MW
2020 02 18 2049 115.128 -34.591  10.0 2.79 MW ML2MW
2020 03 05 0645 116.439 -29.815  10.0 2.70 MW ML2MW
2020 03 06 0537 137.938 -25.674  10.0 2.67 MW ML2MW
2020 03 14 0951 131.719 -22.680  10.0 2.99 MW ML2MW
2020 03 19 1419 129.733 -21.354  10.0 2.74 MW ML2MW
2020 04 09 2124 136.754 -22.125  10.0 2.71 MW ML2MW
2020 04 13 1037 136.562 -25.260  10.0 2.66 MW ML2MW
2020 04 25 1703 119.676 -32.280  10.0 2.69 MW ML2MW
2020 04 28 0520 123.660 -28.044  10.0 2.93 MW ML2MW
2020 05 11 0508 139.842 -27.904  10.0 2.97 MW ML2MW
2020 05 17 1747 130.927 -22.054  10.0 2.59 MW ML2MW
2020 05 21 0319 116.394 -29.870  10.0 2.78 MW ML2MW
2020 06 05 0520 124.384 -29.232  10.0 2.96 MW ML2MW
2020 06 06 1003 140.311 -26.783  10.0 2.70 MW ML2MW
2020 06 07 0223 120.075 -27.724  10.0 2.82 MW ML2MW
2020 06 13 1552 129.623 -21.753  10.0 2.83 MW ML2MW
2020 06 14 1243 133.847 -21.788  10.0 2.54 MW ML2MW
2020 06 15 0019 130.923 -14.461  10.0 2.95 MW ML2MW
2020 07 02 0546 119.171 -29.727  10.0 2.63 MW ML2MW
2020 07 04 1238 129.812 -21.462  10.0 2.53 MW ML2MW
2020 07 16 0428 121.537 -30.605   1.8 2.92 MW ML2MW
2020 08 01 0303 139.913 -28.503  10.0 2.71 MW ML2MW
2020 08 01 0517 119.977 -33.433   5.0 2.75 MW ML2MW
2020 08 11 1126 119.238 -31.390  10.0 2.81 MW ML2MW
2020 08 14 1553 121.425 -30.785   1.8 2.71 MW ML2MW
2020 09 02 1017 131.964 -21.792  10.0 2.44 MW ML2MW
2020 09 10 1606 129.295 -22.601  10.0 2.67 MW ML2MW
2020 09 14 1351 138.597 -27.807  10.0 2.70 MW ML2MW
2020 09 24 1154 131.472 -12.558   2.3 2.86 MW ML2MW
2020 10 04 1804 122.764 -32.168   1.2 2.99 MW ML2MW
2020 10 05 0936 121.455 -30.755   6.8 2.88 MW ML2MW
2020 10 13 2203 119.137 -33.273   5.0 2.49 MW ML2MW
2020 10 23 0358 121.362 -30.766   0.9 2.79 MW ML2MW
2020 10 27 0135 119.116 -33.246   1.1 2.66 MW ML2MW
2020 10 30 1503 119.316 -32.399   0.9 2.70 MW ML2MW
2020 11 05 1446 119.280 -32.397   5.0 2.77 MW ML2MW
2020 11 15 1322 117.710 -27.337  10.0 2.79 MW ML2MW
2020 11 18 1820 119.691 -32.374   5.0 2.76 MW ML2MW
2020 11 24 1040 134.058 -19.675  10.0 2.48 MW ML2MW
2020 11 26 1011 122.793 -32.098  10.0 2.96 MW ML2MW
2020 11 29 1034 134.138 -19.785   6.1 2.69 MW ML2MW
2020 12 18 1822 119.018 -31.248  10.0 2.74 MW ML2MW
2020 12 20 1316 134.054 -19.682   6.9 2.70 MW ML2MW
2020 12 27 1101 134.189 -19.762  10.0 2.60 MW ML2MW
2021 01 06 2356 116.883 -28.797  10.0 2.99 MW ML2MW
2021 01 24 2234 116.383 -29.851   5.0 2.73 MW ML2MW
2021 01 27 2031 116.906 -28.787  10.0 2.81 MW ML2MW
2021 02 06 1200 137.479 -25.773  10.0 2.59 MW ML2MW
2021 02 15 1254 129.067 -25.444  10.0 2.96 MW ML2MW
2021 02 21 1026 124.633 -30.773  10.0 2.94 MW ML2MW
2021 02 25 1704 130.450 -22.091  10.0 2.63 MW ML2MW
2021 02 28 1047 122.457 -32.590   5.0 2.91 MW ML2MW
2021 03 25 1729 124.954 -19.533  10.0 2.53 MW ML2MW
2021 04 25 0819 121.173 -31.339   5.0 2.62 MW ML2MW
2021 05 11 1206 132.660 -14.111  10.0 2.80 MW ML2MW
2021 05 25 2147 121.424 -30.867   5.0 2.97 MW ML2MW
2021 05 30 1630 125.404 -32.393  10.0 2.88 MW ML2MW
2021 06 04 1742 134.122 -19.802  10.0 2.48 MW ML2MW
2021 06 27 1844 129.619 -25.263  10.0 2.80 MW ML2MW
2021 07 04 1015 127.983 -16.320  10.0 2.91 MW ML2MW
2021 07 09 1901 131.516 -25.662  10.0 2.69 MW ML2MW
2021 07 11 0906 132.862 -20.742  10.0 2.53 MW ML2MW
2021 07 18 0932 134.158 -19.798  10.0 2.70 MW ML2MW
2021 07 28 1734 129.615 -25.257  10.0 2.82 MW ML2MW
2021 08 14 1634 116.581 -29.876   5.0 2.49 MW ML2MW
2021 08 25 1354 131.960 -23.143  10.0 2.91 MW ML2MW
2021 09 05 0505 122.397 -32.383  10.0 2.90 MW ML2MW
2021 09 23 1034 119.213 -33.215   5.0 2.86 MW ML2MW
