1941 04 29 0135 116.197 -26.791  25.0 6.80 MW MS2MW
1961 06 18 1613 119.300 -20.100  13.0 5.21 MW ML2MW
1963 01 18 0549 117.260 -32.150   6.0 4.72 MW ML2MW
1968 10 14 0258 116.980 -31.620  10.0 6.59 MW Vogfjörd & Langston (1987); Somerville et al. (2009)
1969 06 17 1954 116.730 -25.260   0.0 4.55 MW ML2MW
1969 09 24 2339 118.200 -21.700   7.0 4.64 MW mb2MW
1970 02 01 1840 118.500 -20.300   7.0 4.64 MW mb2MW
1970 02 08 1631 125.080 -27.400   1.0 4.64 MW mb2MW
1970 03 10 1715 116.512 -31.092  15.0 5.02 MW ML2MW
1970 12 26 1825 116.310 -31.080   7.0 3.91 MW ML2MW
1971 09 13 2158 117.560 -20.190   0.0 4.05 MW mb2MW
1972 01 25 1737 117.100 -29.850   0.0 4.05 MW mb2MW
1972 04 12 2213 120.000 -20.620   0.0 4.29 MW ML2MW
1972 10 21 0233 115.550 -24.880   0.0 4.53 MW ML2MW
1974 04 17 0721 123.986 -29.581  33.0 4.37 MW ML2MW
1974 09 04 2317 116.970 -30.790   0.0 4.29 MW ML2MW
1975 02 08 1133 116.100 -24.900   0.0 3.97 MW mb2MW
1975 07 21 2139 123.500 -30.200   0.0 4.30 MW mb2MW
1975 07 24 2223 120.470 -21.090   0.0 4.55 MW mb2MW
1975 11 28 1755 115.560 -21.530   0.0 4.39 MW mb2MW
1977 11 17 1756 123.670 -30.590   0.0 4.30 MW ML2MW
1977 11 22 0800 120.400 -19.600   0.0 4.13 MW ML2MW
1977 12 30 1009 117.172 -25.245  33.0 4.65 MW ML2MW
1978 05 01 0342 115.503 -23.464   0.0 4.47 MW mb2MW
1979 02 07 2248 120.850 -21.420   0.0 3.78 MW ML2MW
1979 04 25 0656 118.020 -33.520   7.0 3.26 MW ML2MW
1979 06 02 0947 117.104 -30.821   3.0 6.10 MW GCMT
1979 06 18 2015 123.925 -29.643   0.0 3.58 MW ML2MW
1979 09 11 0205 120.507 -21.443   5.0 4.04 MW ML2MW
1980 08 07 2047 123.534 -29.304   0.0 3.89 MW ML2MW
1980 08 17 1851 115.580 -27.460  37.0 3.04 MW ML2MW
1980 11 23 1932 123.360 -30.000  10.0 3.43 MW ML2MW
1981 02 23 0711 116.610 -25.430   0.0 3.12 MW ML2MW
1981 02 26 0258 117.810 -33.560   0.0 3.21 MW ML2MW
1981 04 16 1913 121.460 -33.100  10.0 3.17 MW ML2MW
1981 06 28 2002 117.210 -25.613   6.0 3.68 MW ML2MW
1981 10 11 0202 116.150 -25.290  10.0 3.29 MW ML2MW
1981 11 01 1546 117.267 -26.490  33.0 3.23 MW ML2MW
1981 11 09 1600 116.420 -24.860  10.0 3.20 MW ML2MW
1981 11 14 2313 123.920 -29.790  10.0 3.40 MW ML2MW
1982 01 09 0608 120.409 -21.278  28.0 3.34 MW ML2MW
1982 05 18 0725 117.380 -32.220  10.0 3.02 MW ML2MW
1982 05 26 1755 120.830 -22.240  10.0 3.39 MW ML2MW
1982 06 06 1406 122.257 -32.358  33.0 3.90 MW ML2MW
1982 08 04 2200 117.310 -29.280  10.0 3.16 MW ML2MW
1982 09 11 1015 123.030 -30.330  10.0 3.39 MW ML2MW
1982 10 03 1700 115.850 -22.090  10.0 4.19 MW ML2MW
1982 10 10 0256 116.740 -31.000   7.0 3.11 MW ML2MW
1982 11 03 0240 120.480 -20.530  37.0 4.31 MW ML2MW
1982 12 21 2159 117.190 -32.110  10.0 3.07 MW ML2MW
1983 01 01 2052 117.180 -32.100  10.0 3.22 MW ML2MW
1983 01 26 0616 117.319 -30.610  10.0 4.59 MW ML2MW
1983 03 12 0400 117.240 -26.770  10.0 3.01 MW ML2MW
1983 04 05 0450 116.350 -25.300  10.0 3.25 MW ML2MW
1983 08 04 0255 118.260 -31.280  10.0 3.04 MW ML2MW
1983 08 31 0721 120.180 -20.560  10.0 3.20 MW ML2MW
1984 01 08 1153 115.700 -24.670  10.0 3.13 MW ML2MW
1984 02 03 1502 119.570 -34.370  10.0 3.20 MW ML2MW
1984 02 21 0559 122.720 -31.820  10.0 3.99 MW ML2MW
1984 03 30 1015 124.550 -27.140  10.0 3.19 MW ML2MW
1984 06 10 1559 117.370 -32.230  10.0 3.09 MW ML2MW
1984 06 11 1321 122.780 -26.180   0.0 3.61 MW ML2MW
1984 06 29 0204 117.410 -32.230  10.0 3.41 MW ML2MW
1984 08 08 1524 119.340 -19.610  10.0 3.07 MW ML2MW
1984 09 30 1819 120.690 -28.300  10.0 3.07 MW ML2MW
1985 04 09 0718 120.520 -20.490  10.0 3.13 MW ML2MW
1985 05 05 1650 116.630 -25.960  10.0 3.84 MW ML2MW
1985 05 26 1243 118.580 -20.350  10.0 3.09 MW ML2MW
1985 06 05 0341 122.430 -32.650  10.0 3.11 MW ML2MW
1985 07 02 2345 125.300 -27.700  10.0 3.38 MW ML2MW
1985 07 28 0739 122.582 -32.554   5.8 4.72 MW ML2MW
1985 07 29 0713 124.260 -28.100  10.0 3.20 MW ML2MW
1985 11 27 2318 117.351 -30.646   3.0 4.31 MW ML2MW
1985 12 06 0302 117.360 -32.010  10.0 3.54 MW ML2MW
1986 01 20 0746 122.340 -32.360   5.0 3.98 MW ML2MW
1986 01 20 2331 124.220 -29.050  10.0 3.37 MW ML2MW
1986 02 17 0206 117.410 -32.230   5.0 3.26 MW ML2MW
1986 05 17 1241 117.200 -33.360   5.0 3.87 MW ML2MW
1986 05 17 1457 119.800 -33.760   5.0 3.39 MW ML2MW
1986 05 21 2042 116.220 -25.310   5.0 3.35 MW ML2MW
1986 06 23 1530 124.780 -27.590   5.0 3.60 MW ML2MW
1986 09 06 1041 119.050 -22.730   5.0 3.10 MW ML2MW
1986 09 16 1616 122.310 -32.590   5.0 3.36 MW ML2MW
1986 10 13 1206 118.810 -33.950   5.0 3.22 MW ML2MW
1986 12 18 0658 116.820 -27.830   5.0 4.10 MW ML2MW
1987 02 24 0810 122.220 -32.510   5.0 3.00 MW ML2MW
1987 03 02 2222 117.490 -31.220   2.0 3.16 MW ML2MW
1987 04 17 1658 115.980 -25.460  23.0 3.00 MW ML2MW
1987 04 19 2241 122.260 -32.610   5.0 3.14 MW ML2MW
1987 05 02 2349 121.428 -30.710   5.0 3.12 MW ML2MW
1987 05 05 2324 116.720 -32.040   5.0 3.70 MW ML2MW
1987 05 08 1335 122.220 -32.510   5.0 3.00 MW ML2MW
1987 05 10 2336 117.740 -33.390   5.0 3.21 MW ML2MW
1987 06 11 1218 117.510 -31.200   3.0 3.47 MW ML2MW
1987 06 19 1332 116.690 -20.560   5.0 3.46 MW ML2MW
1987 07 08 1038 122.280 -32.540   5.0 4.36 MW ML2MW
1987 08 21 0939 122.370 -32.660   5.0 3.04 MW ML2MW
1987 10 09 0358 121.262 -30.913  16.0 3.97 MW ML2MW
1987 11 15 1227 122.220 -32.510   5.0 3.07 MW ML2MW
1987 11 19 1800 120.150 -21.300  25.0 3.46 MW ML2MW
1987 12 20 1211 121.083 -30.483   5.0 3.39 MW ML2MW
1988 01 01 0901 117.770 -30.760   5.0 3.72 MW ML2MW
1988 01 06 0342 117.500 -31.200   2.0 4.14 MW ML2MW
1988 03 14 0748 116.800 -30.540   4.0 3.51 MW ML2MW
1988 04 17 1354 116.770 -30.520   2.0 3.07 MW ML2MW
1988 05 26 1704 116.910 -27.900   5.0 3.05 MW ML2MW
1988 07 10 1751 117.940 -33.500   5.0 3.07 MW ML2MW
1988 07 16 0016 117.050 -25.080   5.0 3.10 MW ML2MW
1988 08 15 0413 122.220 -32.510   5.0 3.52 MW ML2MW
1988 09 10 0746 116.560 -33.320   1.0 3.10 MW ML2MW
1988 10 19 1549 115.310 -22.840   5.0 3.24 MW ML2MW
1988 11 24 2344 116.440 -25.350   5.0 3.16 MW ML2MW
1988 11 27 1407 123.010 -30.370   5.0 3.24 MW ML2MW
1988 12 25 1001 117.730 -27.420   5.0 3.12 MW ML2MW
1989 01 07 1141 116.060 -25.390   5.0 3.69 MW ML2MW
1989 03 03 1326 123.661 -29.340  10.0 4.88 MW ML2MW
1989 03 31 0400 116.929 -30.943  20.0 3.08 MW ML2MW
1989 04 17 0349 123.760 -28.746   5.0 3.10 MW ML2MW
1989 07 23 0120 118.334 -33.567   1.0 3.01 MW ML2MW
1989 10 12 0403 122.916 -27.686   5.0 3.09 MW ML2MW
1989 12 05 2249 118.942 -21.318  10.0 3.55 MW ML2MW
1990 02 01 2258 117.809 -33.449   0.0 3.04 MW ML2MW
1990 03 17 0548 117.821 -33.413   5.0 3.26 MW ML2MW
1990 03 28 0713 121.485 -30.760   1.0 3.04 MW ML2MW
1990 04 30 0424 116.808 -30.529   1.0 3.11 MW ML2MW
1990 05 30 1943 116.806 -30.534   3.0 3.26 MW ML2MW
1990 07 17 0513 121.477 -30.769   1.0 3.26 MW ML2MW
1990 10 18 0952 115.804 -25.912   5.0 3.04 MW ML2MW
1991 01 08 0527 117.066 -30.616   3.2 3.34 MW ML2MW
1991 03 09 0136 121.423 -30.761  11.0 4.08 MW ML2MW
1991 03 09 1522 120.752 -20.570   5.0 3.04 MW ML2MW
1991 03 15 0429 124.655 -29.360   1.0 3.11 MW ML2MW
1991 03 24 0311 115.962 -21.914   5.0 3.11 MW ML2MW
1991 04 09 1400 116.993 -20.647   5.0 3.42 MW ML2MW
1991 05 16 0202 116.093 -25.457   9.0 3.04 MW ML2MW
1991 06 14 1222 122.318 -32.603   5.0 3.58 MW ML2MW
1991 08 30 1404 119.671 -20.535   5.0 3.34 MW ML2MW
1991 09 23 2119 120.786 -21.171  10.0 3.91 MW ML2MW
1991 10 25 0505 119.907 -20.460   5.0 3.11 MW ML2MW
1991 11 05 0926 122.097 -32.836   5.0 3.74 MW ML2MW
1991 11 18 0449 119.420 -20.398   5.0 3.42 MW ML2MW
1991 12 11 1759 117.745 -30.394   2.0 3.26 MW ML2MW
1991 12 13 0448 117.360 -34.389   1.0 4.17 MW ML2MW
1992 01 04 0714 117.279 -31.997   1.0 3.34 MW ML2MW
1992 01 07 0631 123.374 -30.496  37.0 3.19 MW ML2MW
1992 01 14 2127 117.275 -31.997   5.0 3.04 MW ML2MW
1992 04 16 0801 116.674 -24.416   5.3 3.34 MW ML2MW
1992 04 28 2134 116.485 -27.539  37.0 3.26 MW ML2MW
1992 05 14 0132 122.210 -32.309   5.0 3.04 MW ML2MW
1992 07 07 1609 121.052 -21.360  10.0 3.26 MW ML2MW
1992 11 29 1557 116.356 -23.937  10.0 3.11 MW ML2MW
1993 01 28 2046 116.865 -27.890   5.0 3.19 MW ML2MW
1993 02 07 0551 116.363 -30.522   5.0 3.11 MW ML2MW
1993 02 27 2208 122.317 -32.625   5.0 3.42 MW ML2MW
1993 03 08 1142 120.793 -21.108   5.0 3.42 MW ML2MW
1993 05 28 1503 121.806 -28.218   1.0 3.58 MW ML2MW
1993 06 10 0336 122.298 -32.458   5.0 3.34 MW ML2MW
1993 07 09 1006 115.713 -24.458   5.0 3.58 MW ML2MW
1994 01 07 1213 122.297 -32.425   5.0 3.11 MW ML2MW
1994 02 20 1432 123.757 -29.608   5.0 3.26 MW ML2MW
1994 03 23 1150 117.714 -20.292   5.0 3.66 MW ML2MW
1994 04 26 1549 118.481 -30.605   5.0 3.99 MW ML2MW
1994 06 06 1017 118.074 -33.715   5.0 3.04 MW ML2MW
1994 10 11 1034 121.307 -33.294   3.0 3.82 MW ML2MW
1994 11 23 2053 116.736 -31.977   5.0 3.11 MW ML2MW
1995 01 09 0533 120.526 -20.936   5.0 3.50 MW ML2MW
1995 01 20 0804 120.780 -20.891   5.0 3.26 MW ML2MW
1995 03 28 0732 120.440 -27.696   5.0 3.04 MW ML2MW
1995 04 20 1311 118.184 -33.282   1.8 3.34 MW ML2MW
1995 08 07 0030 120.146 -21.362   5.0 3.19 MW ML2MW
1996 01 22 1234 120.813 -21.123   5.0 3.11 MW ML2MW
1996 03 11 0624 117.610 -31.454   1.0 3.19 MW ML2MW
1996 05 10 1248 120.163 -20.856  14.6 3.42 MW ML2MW
1996 05 14 2314 116.802 -34.036   1.0 3.11 MW ML2MW
1996 06 01 0715 121.468 -30.743   1.0 3.19 MW ML2MW
1996 07 15 0519 116.075 -26.239  18.0 3.04 MW ML2MW
1996 08 29 1214 120.132 -21.034   5.0 3.66 MW ML2MW
1996 09 18 2335 116.724 -31.978   1.0 3.19 MW ML2MW
1996 10 26 0854 117.909 -33.900   1.0 3.66 MW ML2MW
1996 11 16 0621 117.685 -31.454   3.0 3.34 MW ML2MW
1996 11 30 1723 117.480 -25.230  10.0 3.63 MW mb2MW
1996 11 30 1738 116.682 -24.560   5.0 3.19 MW ML2MW
1996 12 03 0755 119.749 -32.004   1.0 3.19 MW ML2MW
1997 02 05 1455 123.271 -29.851   5.0 3.34 MW ML2MW
1997 02 06 1356 123.916 -30.128   5.0 3.34 MW ML2MW
1997 03 27 0614 117.673 -31.475   5.0 3.34 MW ML2MW
1997 07 01 0606 115.642 -21.419   5.0 3.26 MW ML2MW
1997 08 03 0117 116.059 -28.604   5.0 3.04 MW ML2MW
1997 08 31 1523 117.684 -31.449   5.0 4.44 MW ML2MW
1997 10 02 0933 114.927 -23.049   5.0 3.11 MW ML2MW
1997 12 07 1750 116.490 -30.998   5.0 3.11 MW ML2MW
1997 12 23 1011 115.064 -21.884   5.0 3.42 MW ML2MW
1997 12 28 1556 122.313 -32.621   5.0 3.11 MW ML2MW
1998 01 31 1322 120.399 -21.214   5.0 3.66 MW ML2MW
1998 02 11 0859 115.263 -23.558   5.0 3.11 MW ML2MW
1998 03 22 1753 122.164 -31.516   5.0 3.91 MW ML2MW
1998 04 10 0346 122.343 -32.589   5.0 4.17 MW ML2MW
1998 04 29 1034 117.477 -31.207   3.0 3.11 MW ML2MW
1998 05 11 1211 118.080 -33.694   1.0 3.26 MW ML2MW
1998 06 07 2242 117.683 -31.464   5.0 3.58 MW ML2MW
1998 06 22 0946 119.947 -21.886   5.0 3.91 MW ML2MW
1998 06 27 0701 121.605 -30.815   5.0 3.50 MW ML2MW
1998 07 05 0849 118.640 -26.249   5.0 3.04 MW ML2MW
1998 07 08 1044 121.416 -30.777   1.0 3.04 MW ML2MW
1998 10 14 2226 121.320 -31.033   5.0 3.58 MW ML2MW
1999 01 22 0007 116.936 -33.970   1.0 3.26 MW ML2MW
1999 01 23 2256 115.553 -21.464   5.0 3.42 MW ML2MW
1999 03 06 1530 118.213 -23.589  10.0 3.58 MW ML2MW
1999 05 02 1559 116.300 -20.820   5.0 3.26 MW ML2MW
1999 11 09 0505 121.390 -28.820   5.0 3.58 MW ML2MW
1999 11 30 1512 119.770 -21.240   5.0 3.26 MW ML2MW
1999 12 09 1928 119.517 -20.470   5.0 3.26 MW ML2MW
1999 12 31 0459 119.780 -32.110   1.0 3.11 MW ML2MW
2000 01 10 2057 124.082 -28.554  10.0 3.11 MW ML2MW
2000 02 02 2324 118.255 -33.700   5.0 3.26 MW ML2MW
2000 02 24 2044 117.790 -30.750   8.0 3.42 MW ML2MW
2000 05 22 1425 116.945 -25.326   5.0 3.11 MW ML2MW
2000 06 05 0349 118.574 -30.578   2.0 3.10 MW ML2MW
2000 07 29 0245 123.749 -29.933  10.0 3.26 MW ML2MW
2000 09 22 0604 117.058 -30.526   1.1 3.65 MW ML2MW
2000 11 16 0125 118.386 -34.537   0.0 3.10 MW ML2MW
2001 01 03 1509 118.036 -30.873   5.0 3.04 MW ML2MW
2001 01 04 2123 123.887 -28.940  10.0 3.49 MW ML2MW
2001 01 31 0352 116.961 -30.534   0.0 3.03 MW ML2MW
2001 03 08 1049 120.326 -31.457  10.0 3.99 MW ML2MW
2001 03 27 0458 122.408 -32.029  10.0 3.41 MW ML2MW
2001 05 21 1119 119.780 -31.984   0.0 3.04 MW ML2MW
2001 06 26 2256 119.490 -20.170  10.0 3.11 MW ML2MW
2001 06 30 0817 117.822 -32.145   0.0 3.10 MW ML2MW
2001 09 28 0254 117.061 -30.536   2.3 5.02 MW ML2MW
2001 10 19 1743 120.628 -33.712  10.0 5.01 MW ML2MW
2001 10 23 0617 124.381 -28.200  10.0 3.04 MW ML2MW
2001 12 26 1854 117.688 -31.380   2.9 3.25 MW ML2MW
2002 02 06 0448 120.413 -22.785  10.0 3.70 MW ML2MW
2002 03 17 0109 125.388 -27.539   5.0 3.27 MW ML2MW
2002 07 18 0423 119.872 -32.195  10.0 3.91 MW ML2MW
2002 07 24 2048 121.243 -30.382  10.0 3.33 MW ML2MW
2002 08 02 1343 121.207 -30.917   3.0 3.83 MW ML2MW
2002 10 15 0359 118.581 -19.717  10.0 3.95 MW ML2MW
2003 02 04 0753 116.974 -20.752   5.0 3.49 MW ML2MW
2003 05 25 2228 118.601 -20.310   0.0 3.02 MW ML2MW
2003 05 31 0316 115.589 -26.122  10.0 3.65 MW ML2MW
2003 07 03 0536 120.149 -25.795  21.8 3.63 MW ML2MW
2003 07 18 1319 119.609 -34.372   5.0 3.06 MW ML2MW
2003 07 18 2008 116.547 -31.172   0.0 3.04 MW ML2MW
2003 08 15 0541 122.647 -28.608   0.0 3.19 MW ML2MW
2004 02 03 2339 117.094 -30.746   0.0 3.10 MW ML2MW
2004 02 11 1935 121.132 -31.129   0.0 3.02 MW ML2MW
2004 03 24 0627 124.144 -29.849  10.0 3.19 MW ML2MW
2004 05 31 2232 121.760 -31.326   0.0 3.61 MW ML2MW
2004 06 07 1340 125.483 -27.695   6.8 3.67 MW ML2MW
2004 07 18 1417 116.900 -20.800   0.0 3.00 MW ML2MW
2004 09 04 1044 117.030 -30.902   1.7 3.03 MW ML2MW
2004 09 10 0847 117.061 -30.550   5.0 3.18 MW ML2MW
2004 10 11 1225 117.098 -30.879   0.0 3.25 MW ML2MW
2004 11 24 0242 117.726 -30.548  10.0 4.16 MW Allen et al. (2006)
2004 12 13 1326 117.070 -30.427   2.1 3.18 MW ML2MW
2005 01 03 0040 117.479 -30.652   1.5 3.58 MW ML2MW
2005 01 09 1711 120.740 -20.613   0.0 3.58 MW ML2MW
2005 01 27 1717 119.236 -31.416   5.4 3.56 MW ML2MW
2005 01 27 1729 122.381 -32.467  10.0 3.41 MW ML2MW
2005 02 18 1757 121.085 -32.827   0.0 3.39 MW ML2MW
2005 02 24 1657 117.485 -30.629   2.5 3.42 MW ML2MW
2005 02 27 0617 118.282 -33.606   0.0 3.64 MW ML2MW
2005 03 16 0127 117.464 -30.639   2.6 3.55 MW Allen et al. (2006)
2005 03 18 1104 117.343 -30.717  10.0 3.04 MW ML2MW
2005 03 19 2138 115.764 -20.800  10.0 3.67 MW ML2MW
2005 03 22 1951 119.610 -21.004  10.0 4.10 MW ML2MW
2005 03 25 0416 117.217 -31.160   5.0 3.10 MW ML2MW
2005 04 14 1717 118.344 -33.507   0.0 3.02 MW ML2MW
2005 04 18 1353 118.273 -33.614   2.0 3.03 MW ML2MW
2005 05 01 0943 117.912 -30.194   2.7 4.07 MW ML2MW
2005 05 04 1845 117.319 -25.932   9.0 3.32 MW ML2MW
2005 05 18 2339 119.374 -20.108  26.0 4.26 MW ML2MW
2005 05 27 1210 117.447 -30.650   4.3 3.42 MW ML2MW
2005 06 09 1644 115.068 -23.093  14.5 3.58 MW ML2MW
2005 06 12 1051 117.108 -30.802   2.3 4.24 MW ML2MW
2005 06 12 2036 117.030 -30.558   7.6 4.40 MW ML2MW
2005 09 21 2246 117.165 -30.146   2.0 4.06 MW Ghasemi et al (2016)
2005 11 25 2032 117.195 -30.134   2.2 3.64 MW ML2MW
2005 12 01 0152 117.038 -30.536   2.5 3.10 MW ML2MW
2006 03 07 0106 117.142 -30.146   2.2 3.64 MW ML2MW
2006 03 29 1257 117.685 -30.280   0.0 3.18 MW ML2MW
2006 04 02 0839 119.081 -22.368  10.0 3.97 MW ML2MW
2006 06 06 1534 117.838 -25.119  10.0 4.40 MW ML2MW
2006 07 04 1608 121.526 -30.779   7.0 3.23 MW ML2MW
2006 09 02 1547 116.609 -24.482   2.0 3.56 MW ML2MW
2006 11 28 2151 123.951 -28.561   9.0 3.15 MW ML2MW
2006 12 07 1058 117.411 -25.188  14.0 3.41 MW ML2MW
2006 12 21 1210 121.456 -30.731   0.0 3.12 MW ML2MW
2007 08 03 0838 120.571 -23.394   0.0 3.04 MW ML2MW
2007 08 05 0712 117.648 -33.185  17.0 3.55 MW ML2MW
2007 08 26 0034 115.369 -22.145   6.0 3.33 MW ML2MW
2007 09 28 0840 120.660 -23.150   0.0 3.19 MW ML2MW
2007 10 09 2358 117.505 -33.946   0.0 4.74 MW Dawson et al. (2008); Somerville et al. (2009); Ghasemi et al (2016)
2007 11 12 1326 121.519 -30.699   4.0 3.05 MW ML2MW
2007 11 26 1005 123.719 -30.127   2.0 3.37 MW ML2MW
2007 11 27 0248 115.047 -23.219  10.0 3.74 MW ML2MW
2008 01 13 1616 117.069 -26.650   2.5 3.09 MW ML2MW
2008 01 18 1040 118.590 -30.534  13.9 3.03 MW ML2MW
2008 01 19 1224 122.127 -33.016   0.0 3.31 MW ML2MW
2008 03 24 1731 118.385 -30.668  12.8 3.18 MW ML2MW
2008 04 10 0813 116.960 -30.429  12.0 3.03 MW ML2MW
2008 04 21 0729 117.210 -30.581  10.0 3.04 MW ML2MW
2008 05 03 2214 117.365 -31.168   5.0 3.73 MW ML2MW
2008 05 17 0036 116.975 -30.117   0.0 3.48 MW ML2MW
2008 07 02 0240 121.473 -30.739   0.0 3.52 MW ML2MW
2008 08 01 1727 117.132 -30.495   0.0 3.37 MW ML2MW
2008 11 06 1456 116.655 -30.876   8.0 3.44 MW ML2MW
2008 12 15 1652 118.889 -30.409   7.2 3.14 MW ML2MW
2009 04 06 2050 117.191 -31.950   0.0 3.29 MW ML2MW
2009 04 07 2126 121.461 -30.785   0.0 3.37 MW ML2MW
2009 04 08 0531 116.881 -34.148   0.0 4.19 MW ML2MW
2009 04 28 1906 121.553 -30.644   3.0 3.37 MW ML2MW
2009 08 09 2117 117.734 -30.234   3.5 3.07 MW ML2MW
2009 10 24 1626 120.659 -33.468  10.0 4.28 MW MS2MW
2010 01 26 1825 115.510 -26.080   3.7 3.84 MW ML2MW
2010 02 14 1014 122.307 -32.506   0.0 3.42 MW ML2MW
2010 04 20 0017 121.770 -30.745  10.0 4.16 MW Ghasemi et al (2016)
2010 04 21 1545 118.049 -32.322   3.0 3.22 MW ML2MW
2010 04 30 0038 117.763 -30.754   7.0 3.18 MW ML2MW
2010 06 04 1056 121.385 -30.726   0.0 3.03 MW ML2MW
2010 07 05 1434 118.336 -24.916   0.0 3.12 MW ML2MW
2010 07 29 1359 116.460 -30.640   1.0 3.14 MW ML2MW
2010 08 18 2054 117.219 -25.345   1.0 3.03 MW ML2MW
2010 09 02 0427 117.799 -30.855   0.0 3.10 MW ML2MW
2010 09 19 2123 121.642 -30.745   1.0 3.65 MW ML2MW
2010 09 26 2259 117.447 -30.520   0.0 3.29 MW ML2MW
2010 10 17 1053 117.759 -30.209   0.0 3.20 MW ML2MW
2010 10 30 2335 118.208 -33.303   2.1 3.14 MW ML2MW
2010 11 08 1941 119.162 -31.113  10.0 3.06 MW ML2MW
2010 12 22 2253 117.782 -30.661   5.0 3.01 MW ML2MW
2011 01 11 0311 124.491 -27.997   0.0 3.92 MW ML2MW
2011 01 30 0857 118.105 -30.535   0.0 3.04 MW ML2MW
2011 02 24 0226 120.084 -26.564  10.0 3.27 MW ML2MW
2011 02 28 1631 116.333 -20.564   6.0 3.60 MW ML2MW
2011 04 02 0607 117.345 -25.055   0.0 4.12 MW ML2MW
2011 04 26 1427 117.155 -30.508   0.0 3.65 MW ML2MW
2011 05 12 1836 122.068 -32.463  19.0 3.38 MW ML2MW
2011 05 20 2003 119.504 -23.567  10.0 4.83 MW ML2MW
2011 06 27 2218 115.643 -25.283   0.0 3.90 MW ML2MW
2011 07 14 0551 120.356 -20.865  12.0 4.27 MW Ghasemi et al (2016)
2011 07 17 0122 117.800 -31.837   2.0 3.03 MW ML2MW
2011 07 27 0402 121.529 -30.573   0.0 3.54 MW ML2MW
2011 09 27 1913 117.800 -30.642   2.0 3.37 MW ML2MW
2011 10 05 1706 117.236 -33.730  16.0 3.69 MW ML2MW
2011 10 11 2122 117.135 -30.161  11.0 3.05 MW ML2MW
2011 11 01 0111 117.611 -31.151  10.0 3.04 MW ML2MW
2011 11 02 0332 121.474 -30.871   4.0 3.04 MW ML2MW
2011 11 27 0654 117.560 -30.633   0.0 3.11 MW ML2MW
2011 12 27 1410 120.296 -26.741  10.0 3.09 MW ML2MW
2012 01 10 1844 118.222 -33.308   0.0 3.46 MW ML2MW
2012 01 24 1142 116.935 -30.449  10.6 3.29 MW ML2MW
2012 03 09 0616 117.840 -30.410   8.0 3.68 MW ML2MW
2012 03 10 0530 117.005 -34.125  10.0 3.15 MW ML2MW
2012 03 13 1848 116.347 -28.795   0.0 3.02 MW ML2MW
2012 03 13 2026 117.186 -34.134  15.0 3.29 MW ML2MW
2012 03 25 1657 117.843 -30.405  10.0 3.68 MW ML2MW
2012 04 21 0133 118.203 -31.222  11.0 3.29 MW ML2MW
2012 05 10 2228 115.850 -23.903  10.0 3.05 MW ML2MW
2012 07 18 0920 117.794 -30.429   2.0 3.76 MW ML2MW
2012 08 14 0051 117.789 -30.452  10.0 3.40 MW ML2MW
2012 08 28 1942 117.773 -30.438   5.0 3.21 MW ML2MW
2012 09 26 1737 121.072 -30.996  10.0 3.35 MW ML2MW
2012 10 07 0320 120.630 -27.768   0.0 3.57 MW ML2MW
2012 11 14 2023 117.802 -30.322   2.0 3.11 MW ML2MW
2012 11 30 1624 122.560 -32.374  14.0 3.03 MW ML2MW
2012 12 09 0741 117.608 -31.232   0.0 3.13 MW ML2MW
2012 12 12 2048 118.824 -32.261  10.0 3.01 MW ML2MW
2012 12 22 0929 122.512 -32.529  10.0 3.00 MW ML2MW
2013 01 05 0232 120.611 -27.808   0.0 3.03 MW ML2MW
2013 01 07 0814 116.004 -25.380  13.0 3.36 MW ML2MW
2013 02 01 0949 117.427 -30.650   2.0 3.39 MW ML2MW
2013 03 03 2136 119.276 -32.375   1.0 3.59 MW ML2MW
2013 03 05 0637 117.431 -30.654   4.0 3.01 MW ML2MW
2013 04 12 0949 120.471 -21.302  20.0 3.31 MW ML2MW
2013 05 17 1511 117.456 -30.619   4.0 3.53 MW ML2MW
2013 06 03 2025 116.977 -34.292   0.0 3.17 MW ML2MW
2013 06 06 0944 121.471 -30.696   0.0 3.03 MW ML2MW
2013 06 13 1530 117.439 -30.628   5.0 3.23 MW ML2MW
2013 06 25 2048 116.234 -28.805   0.0 3.45 MW ML2MW
2013 07 05 0153 117.591 -33.458   5.0 3.21 MW ML2MW
2013 08 01 0416 117.959 -30.913   0.0 3.11 MW ML2MW
2013 08 21 1102 117.655 -33.449   0.0 3.12 MW ML2MW
2013 08 24 0639 123.662 -30.872   0.0 3.08 MW ML2MW
2013 09 13 1158 120.930 -20.993   2.0 3.46 MW ML2MW
2013 09 22 1928 117.619 -33.457   5.0 3.18 MW ML2MW
2013 09 30 2114 121.498 -31.898  12.0 3.92 MW ML2MW
2013 10 04 2003 117.658 -30.622   0.0 3.62 MW ML2MW
2013 10 30 2225 120.746 -27.786   0.0 3.99 MW ML2MW
2013 12 01 1250 117.383 -30.669  17.0 3.03 MW ML2MW
2013 12 07 0625 117.116 -30.495   9.0 3.12 MW ML2MW
2013 12 14 1432 117.026 -32.248  13.0 3.42 MW ML2MW
2013 12 23 0852 116.269 -31.187   1.0 3.08 MW ML2MW
2014 01 24 0032 117.678 -30.610   0.0 3.32 MW ML2MW
2014 01 31 0303 117.585 -33.454   6.0 3.23 MW ML2MW
2014 02 01 0526 119.627 -34.614  10.0 3.13 MW ML2MW
2014 02 09 1053 117.740 -30.491   3.0 3.07 MW ML2MW
2014 02 26 0000 121.187 -30.679   0.0 4.32 MW Ghasemi et al (2016)
2014 03 06 2349 117.761 -30.402   0.0 3.15 MW ML2MW
2014 04 01 0701 117.768 -30.422   2.0 3.32 MW ML2MW
2014 04 05 0255 117.778 -30.414   7.0 3.34 MW ML2MW
2014 05 11 2034 117.474 -30.618  12.0 3.17 MW ML2MW
2014 07 08 0649 116.172 -30.463  10.0 3.05 MW ML2MW
2014 07 22 1949 117.689 -30.642  10.0 3.38 MW ML2MW
2014 08 02 0517 116.804 -29.192   0.0 3.04 MW ML2MW
2014 09 04 0644 117.840 -30.480  10.0 3.12 MW ML2MW
2014 09 04 0653 117.787 -30.386  10.0 3.01 MW ML2MW
2014 09 08 1257 117.207 -33.710  12.0 3.36 MW ML2MW
2014 09 26 1538 119.534 -20.100  10.0 4.02 MW Ghasemi et al (2016)
2014 10 30 1734 117.919 -30.310  10.0 3.20 MW ML2MW
2014 10 31 1915 121.232 -30.815  10.0 3.88 MW Ghasemi et al (2016)
2014 11 04 1555 121.133 -30.920   9.0 3.06 MW ML2MW
2014 12 03 0246 117.668 -30.617   6.0 3.37 MW ML2MW
2014 12 05 0357 117.153 -30.738   5.2 3.40 MW ML2MW
2014 12 08 0526 116.807 -29.142  10.0 3.07 MW ML2MW
2015 01 18 1557 121.176 -30.697  10.0 3.19 MW ML2MW
2015 01 23 0556 121.488 -31.424   4.0 3.34 MW ML2MW
2015 02 13 2215 121.532 -30.627  13.0 3.67 MW ML2MW
2015 03 05 1458 117.298 -30.285  14.0 3.32 MW ML2MW
2015 03 15 1134 121.489 -33.545  10.0 3.29 MW ML2MW
2015 04 26 2242 121.234 -30.760  15.0 3.31 MW ML2MW
2015 06 10 2352 121.369 -30.922  15.0 3.12 MW ML2MW
2015 06 22 1258 119.190 -33.209   0.0 3.01 MW ML2MW
2015 07 24 1137 123.050 -30.517  10.0 3.11 MW ML2MW
2015 09 02 1640 116.086 -33.092  10.0 3.39 MW ML2MW
2015 09 28 0012 117.927 -31.878  10.0 3.19 MW ML2MW
2015 10 13 0654 120.751 -22.569  13.0 4.08 MW Ghasemi et al (2016)
2015 11 01 2333 117.846 -30.875  12.0 3.17 MW ML2MW
2015 12 05 1548 120.862 -21.295  10.0 3.87 MW ML2MW
2015 12 06 2212 118.086 -33.508  10.0 3.08 MW ML2MW
2015 12 10 0208 117.858 -25.611  10.0 3.14 MW ML2MW
2016 01 20 1006 116.673 -25.500  10.0 3.02 MW ML2MW
2016 03 02 0436 117.714 -33.480  15.0 3.06 MW ML2MW
2016 03 16 0738 120.836 -21.307  15.0 3.33 MW ML2MW
2016 03 24 0453 120.530 -21.512  20.0 3.27 MW ML2MW
2016 03 30 1334 117.276 -30.304  17.0 3.25 MW ML2MW
2016 03 30 1334 117.276 -30.304  17.0 3.24 MW ML2MW
2016 03 30 1334 117.263 -30.348   3.3 3.25 MW ML2MW
2016 03 30 1334 117.263 -30.348   3.3 3.24 MW ML2MW
2016 04 25 2030 121.233 -30.650  10.0 3.44 MW ML2MW
2016 05 23 1500 117.737 -30.455  10.0 3.38 MW ML2MW
2016 06 01 2230 116.942 -32.154   7.0 3.07 MW ML2MW
2016 06 13 1512 118.454 -30.708  10.0 3.09 MW ML2MW
2016 06 23 1609 121.375 -30.771   0.0 3.25 MW ML2MW
2016 06 30 0025 117.343 -30.137  17.0 3.61 MW ML2MW
2016 07 05 0655 117.512 -30.054   0.0 3.36 MW ML2MW
2016 07 08 0940 122.346 -32.541  10.0 4.97 MW Ghasemi et al (2016)
2016 07 16 0345 119.789 -28.715  10.0 3.10 MW ML2MW
2016 09 08 1515 119.268 -31.294   0.0 3.10 MW ML2MW
2016 09 19 0530 116.570 -29.383   5.0 3.13 MW ML2MW
2016 09 29 0149 119.181 -31.452  10.0 3.33 MW ML2MW
2016 10 10 2314 121.437 -30.785   0.0 3.53 MW ML2MW
2016 10 25 0953 121.543 -30.835  10.0 3.19 MW ML2MW
2016 12 05 0531 116.550 -29.334  10.0 3.23 MW ML2MW
2016 12 24 0040 117.120 -30.826  10.0 3.54 MW ML2MW
2017 01 03 1530 118.455 -30.609  10.0 4.33 MW ML2MW
2017 01 15 0716 115.145 -23.670  10.0 3.85 MW ML2MW
2017 01 28 0423 118.841 -32.187  10.0 3.03 MW ML2MW
2017 03 17 0731 122.445 -32.444  10.0 3.05 MW ML2MW
2017 03 19 0920 117.786 -30.420  10.0 3.32 MW ML2MW
2017 03 26 2000 122.891 -31.616  10.0 4.02 MW ML2MW
2017 03 26 2025 122.814 -31.794  10.0 3.13 MW ML2MW
2017 03 31 1604 121.124 -33.085  10.0 3.47 MW ML2MW
2017 04 04 1825 121.927 -33.206  10.0 3.01 MW ML2MW
2017 05 13 0927 119.272 -33.204  10.0 3.47 MW ML2MW
2017 05 15 1912 123.588 -27.167  10.0 3.75 MW ML2MW
2017 07 16 1731 122.187 -31.018  10.0 3.40 MW ML2MW
2017 07 19 1505 117.833 -32.075  10.0 3.30 MW ML2MW
2017 07 26 0704 118.013 -22.372  10.0 3.02 MW ML2MW
2017 07 31 2333 119.365 -32.256  10.0 3.10 MW ML2MW
2017 08 22 0532 116.698 -29.244  10.0 3.20 MW ML2MW
2017 08 24 0757 120.056 -33.258  10.0 3.21 MW ML2MW
2017 08 31 0807 117.215 -30.460  10.0 4.02 MW ML2MW
2017 09 08 0353 119.209 -31.372  10.0 3.17 MW ML2MW
2017 09 11 0121 120.069 -33.184  10.0 3.66 MW ML2MW
2017 09 11 1418 120.098 -33.346  10.0 3.05 MW ML2MW
2017 09 13 0057 120.060 -33.303  10.0 3.01 MW ML2MW
2017 11 12 0812 120.549 -21.791  10.0 3.43 MW ML2MW
2017 11 14 0216 119.894 -21.444  10.0 3.53 MW ML2MW
2017 11 14 0619 119.996 -21.305  10.0 3.46 MW ML2MW
2017 11 25 0718 115.786 -24.465  10.0 3.12 MW ML2MW
2017 12 05 1558 116.190 -22.523  10.0 3.18 MW ML2MW
2018 02 19 1205 117.802 -32.099  10.0 3.06 MW ML2MW
2018 03 11 0140 117.854 -34.010  10.0 3.01 MW ML2MW
2018 04 13 1156 121.329 -30.599  10.0 3.45 MW ML2MW
2018 04 19 1919 119.309 -33.225  10.0 3.07 MW ML2MW
2018 04 24 1521 120.609 -26.385  10.0 3.10 MW ML2MW
2018 04 26 0203 117.781 -30.438  10.0 3.01 MW ML2MW
2018 05 09 1913 120.910 -21.574  10.0 3.46 MW ML2MW
2018 05 23 1726 117.975 -33.504  10.0 3.28 MW ML2MW
2018 05 28 1254 117.313 -30.149  10.0 3.10 MW ML2MW
2018 06 20 0254 122.424 -32.668  10.0 4.82 MW ML2MW
2018 07 05 0732 117.407 -30.664  10.0 3.34 MW ML2MW
2018 07 05 1805 119.138 -33.289  10.0 3.02 MW ML2MW
2018 07 10 1405 121.765 -31.114  10.0 3.17 MW ML2MW
2018 07 27 1539 117.783 -30.539  10.0 3.01 MW ML2MW
2018 08 08 1419 122.412 -32.536  10.0 4.40 MW ML2MW
2018 08 15 1629 119.613 -32.134  10.0 3.08 MW ML2MW
2018 09 17 0351 117.618 -30.293  10.0 3.23 MW ML2MW
2018 10 05 1303 117.888 -33.990   0.0 3.17 MW ML2MW
2019 01 11 1305 117.790 -30.532  10.0 3.03 MW ML2MW
2019 01 13 1943 118.517 -33.957  10.0 3.43 MW ML2MW
2019 03 06 0659 118.548 -33.920  10.0 3.25 MW ML2MW
2019 03 11 0006 118.206 -33.834  10.0 3.57 MW ML2MW
2019 03 19 2346 117.016 -32.252   3.3 3.22 MW ML2MW
2019 05 01 0309 119.864 -32.928  10.0 3.08 MW ML2MW
2019 05 13 2130 116.551 -30.216   0.0 3.07 MW ML2MW
2019 05 16 0527 116.926 -33.527  10.0 3.27 MW ML2MW
2019 05 20 0814 121.223 -30.783  10.0 3.32 MW ML2MW
2019 05 22 1424 117.748 -30.406  10.0 3.11 MW ML2MW
2019 05 24 2137 117.641 -30.486  10.0 3.14 MW ML2MW
2019 05 29 2043 123.973 -30.366  10.0 3.12 MW ML2MW
2019 05 30 0901 116.745 -30.303  10.0 3.23 MW ML2MW
2019 06 07 1149 118.995 -32.330  10.0 3.08 MW ML2MW
2019 06 11 0528 117.731 -30.407  10.0 3.24 MW ML2MW
2019 06 15 0259 121.125 -21.396  10.0 3.88 MW ML2MW
2019 06 20 1024 117.348 -32.530  10.0 3.00 MW ML2MW
2019 06 20 1430 119.335 -33.100  10.0 4.23 MW ML2MW
2019 06 22 1225 117.803 -34.027  10.0 3.37 MW ML2MW
2019 06 23 1347 120.031 -30.721  10.0 3.88 MW ML2MW
2019 06 23 1544 123.464 -30.404  10.0 3.72 MW ML2MW
2019 07 05 2139 119.673 -32.335  10.0 3.31 MW ML2MW
2019 07 08 0816 117.737 -30.434  10.0 3.13 MW ML2MW
2019 07 22 0933 116.105 -28.703  10.0 3.05 MW ML2MW
2019 08 03 1841 118.274 -33.879  10.0 3.45 MW ML2MW
2019 08 04 2222 117.964 -34.079  10.0 3.24 MW ML2MW
2019 08 12 1911 120.579 -21.414  10.0 4.34 MW ML2MW
2019 08 28 0204 118.443 -33.943  10.0 3.27 MW ML2MW
2019 08 30 0054 118.388 -33.938  10.0 3.26 MW ML2MW
2019 09 15 2205 117.755 -30.345  10.0 3.71 MW ML2MW
2019 09 18 0247 117.647 -30.406  10.0 3.43 MW ML2MW
2019 09 26 1152 117.171 -30.564  10.0 3.03 MW ML2MW
2019 11 07 0124 118.510 -34.005  10.0 3.02 MW ML2MW
2019 12 13 0539 122.462 -32.553  10.0 3.27 MW ML2MW
2019 12 13 0836 117.630 -31.081  10.0 3.06 MW ML2MW
2019 12 15 1801 118.926 -32.383  10.0 3.39 MW ML2MW
2019 12 19 0217 120.218 -27.687  10.0 3.36 MW ML2MW
2019 12 29 1955 117.820 -34.014  10.0 3.43 MW ML2MW
2019 12 30 0907 118.015 -33.473  10.0 3.44 MW ML2MW
2019 12 31 0510 124.410 -29.376  10.0 3.40 MW ML2MW
2020 01 08 0520 123.724 -28.212  10.0 3.38 MW ML2MW
2020 01 18 0602 124.487 -29.108  10.0 3.04 MW ML2MW
2020 02 16 0537 120.054 -22.418  10.0 3.40 MW ML2MW
2020 02 22 1231 118.079 -30.766  10.0 3.11 MW ML2MW
2020 03 01 1237 122.525 -32.486  10.0 3.22 MW ML2MW
2020 03 30 0947 116.074 -21.485  10.0 3.17 MW ML2MW
2020 04 19 2019 116.416 -29.825  10.0 3.05 MW ML2MW
2020 04 29 1501 117.638 -31.089  10.0 3.19 MW ML2MW
2020 05 03 2339 120.666 -27.766  10.0 3.04 MW ML2MW
2020 05 25 0852 117.023 -30.587  10.0 4.06 MW ML2MW
2020 06 22 1110 121.512 -30.549  10.0 3.26 MW ML2MW
2020 07 06 1240 118.206 -31.333  10.0 3.06 MW ML2MW
2020 07 12 0919 119.142 -33.265  10.0 3.40 MW ML2MW
2020 07 23 0922 117.678 -33.445   5.0 3.33 MW ML2MW
2020 07 29 1149 115.899 -29.196   6.2 3.28 MW ML2MW
2020 08 02 0918 117.852 -31.852   0.6 3.23 MW ML2MW
2020 08 06 1128 118.460 -34.202   5.0 3.47 MW ML2MW
2020 08 09 0206 117.204 -31.981   5.0 3.26 MW ML2MW
2020 08 10 0754 122.175 -32.530   5.0 3.41 MW ML2MW
2020 08 19 1951 121.212 -30.713   6.9 3.05 MW ML2MW
2020 08 25 1915 121.373 -30.800   1.9 3.21 MW ML2MW
2020 09 09 0024 116.985 -32.231   5.0 3.09 MW ML2MW
2020 09 19 1354 119.172 -33.388  10.0 3.21 MW ML2MW
2020 09 20 1607 118.019 -30.773   0.7 3.19 MW ML2MW
2020 09 24 0825 119.121 -21.420  10.0 4.19 MW ML2MW
2020 09 29 1211 117.185 -21.321  10.0 4.39 MW ML2MW
2020 10 05 0027 117.814 -24.167  10.0 3.74 MW ML2MW
2020 12 04 2345 117.333 -32.001   8.0 3.07 MW ML2MW
2020 12 20 0943 123.682 -28.107  10.0 3.09 MW ML2MW
2020 12 29 1459 115.368 -24.153   8.8 3.59 MW ML2MW
2021 01 22 0523 120.134 -22.569  10.1 3.35 MW ML2MW
2021 02 06 1116 117.218 -31.980   0.6 3.45 MW ML2MW
2021 02 07 0729 116.392 -21.708  10.0 3.49 MW ML2MW
2021 03 03 0902 121.541 -30.637  10.0 3.39 MW ML2MW
2021 03 06 0351 117.605 -30.627   8.4 3.17 MW ML2MW
2021 03 10 1327 122.943 -31.760  10.0 3.03 MW ML2MW
2021 03 11 0439 117.504 -31.177   9.3 3.15 MW ML2MW
2021 03 18 0049 116.989 -31.634   1.6 3.00 MW ML2MW
2021 04 18 1100 117.258 -30.960   6.7 3.06 MW ML2MW
2021 04 22 2054 117.395 -24.343  10.0 3.12 MW ML2MW
2021 05 04 0714 121.512 -30.689   9.7 3.47 MW ML2MW
2021 05 25 0047 117.258 -30.933   2.3 3.23 MW ML2MW
2021 06 01 1755 120.709 -27.872  10.0 3.02 MW ML2MW
2021 06 02 1355 124.076 -27.102  10.0 3.21 MW ML2MW
2021 06 07 0803 120.108 -22.578  10.0 4.04 MW ML2MW
2021 06 25 1554 121.070 -21.502  10.0 3.10 MW ML2MW
2021 06 27 1932 120.754 -27.782  10.0 3.14 MW ML2MW
2021 06 28 2305 117.210 -31.397   0.8 3.24 MW ML2MW
2021 06 30 2354 116.382 -29.600  10.0 3.62 MW ML2MW
2021 07 15 2046 123.934 -28.996  10.0 3.18 MW ML2MW
2021 07 19 0812 117.277 -30.951   5.0 3.63 MW ML2MW
2021 07 24 0905 118.299 -32.139   6.4 3.34 MW ML2MW
2021 08 07 0520 120.118 -22.587  10.0 3.71 MW ML2MW
2021 08 09 2322 117.706 -30.247   0.5 3.64 MW ML2MW
2021 08 09 2325 117.716 -30.259   1.5 3.62 MW ML2MW
2021 08 13 0524 123.650 -27.980  10.0 3.06 MW ML2MW
2021 08 19 2253 120.753 -21.649  10.0 3.32 MW ML2MW
2021 08 26 1758 117.033 -33.640   0.8 3.39 MW ML2MW
2021 09 01 1033 117.247 -30.933   5.0 3.72 MW ML2MW
2021 09 15 0531 120.095 -22.566  10.0 3.54 MW ML2MW
