1940 12 18 2145 117.200 -32.200   0.0 3.88 MW ML2MW
1955 08 30 1352 116.400 -30.700   0.0 5.26 MW ML2MW
1949 05 02 1000 116.400 -30.900   0.0 4.62 MW ML2MW
1946 09 17 1512 116.900 -32.500   0.0 4.12 MW ML2MW
1952 03 11 0609 116.500 -31.300   0.0 4.62 MW ML2MW
1955 04 29 0914 116.400 -30.900   0.0 4.28 MW ML2MW
1954 11 27 0836 116.700 -32.000   0.0 3.64 MW ML2MW
1958 03 20 0303 117.200 -32.300   7.0 4.37 MW ML2MW
1959 11 27 0625 116.200 -25.800  18.0 4.37 MW ML2MW
1961 06 25 1759 117.200 -32.200  18.0 4.24 MW ML2MW
1959 08 03 0753 117.400 -32.200   0.0 2.68 MW ML2MW
1960 02 11 0421 118.300 -33.700   0.0 3.05 MW ML2MW
1960 03 02 0421 116.200 -25.700  18.0 3.38 MW ML2MW
1963 02 26 1410 121.200 -22.200  18.0 4.44 MW ML2MW
1963 04 15 0043 120.300 -21.800  18.0 4.17 MW ML2MW
1960 03 14 1631 116.500 -31.200   0.0 3.41 MW ML2MW
1960 03 31 0413 118.000 -33.500   0.0 3.28 MW ML2MW
1963 11 19 1752 116.300 -31.000  18.0 4.04 MW ML2MW
1964 06 12 1408 118.100 -33.600  18.0 3.96 MW ML2MW
1960 11 14 2246 116.900 -31.300   0.0 3.05 MW ML2MW
1968 04 08 0144 117.250 -30.800   0.0 4.25 MW ML2MW
1961 05 18 0856 117.300 -34.200   0.0 3.11 MW ML2MW
1960 05 02 1807 116.800 -30.100   0.0 2.97 MW ML2MW
1960 07 06 2218 116.900 -31.600   0.0 2.72 MW ML2MW
1968 07 04 0648 117.100 -20.800  18.0 4.39 MW mb2MW
1961 06 12 1841 116.900 -31.600   0.0 3.30 MW ML2MW
1961 07 07 0547 117.000 -33.100   0.0 3.23 MW ML2MW
1969 07 27 0920 117.100 -30.950   7.0 4.08 MW ML2MW
1961 08 28 1029 116.200 -27.500  18.0 3.00 MW ML2MW
1961 06 23 0816 116.600 -31.200   0.0 2.80 MW ML2MW
1961 08 31 2122 117.100 -32.200  18.0 3.56 MW ML2MW
1961 11 20 2044 117.200 -32.300   0.0 3.03 MW ML2MW
1961 07 01 1510 116.900 -32.400   0.0 2.81 MW ML2MW
1963 08 29 0704 116.500 -31.100   0.0 3.19 MW ML2MW
1963 11 17 0755 116.800 -25.000  18.0 3.01 MW ML2MW
1961 12 31 2227 116.900 -31.600   0.0 2.93 MW ML2MW
1964 01 15 0231 117.200 -32.300   0.0 3.04 MW ML2MW
1962 01 30 0729 117.200 -32.300   0.0 2.82 MW ML2MW
1964 03 09 1135 121.500 -30.800  18.0 3.26 MW ML2MW
1962 07 31 0035 118.000 -30.900   0.0 2.71 MW ML2MW
1962 12 17 0029 118.100 -33.600   0.0 2.94 MW ML2MW
1964 03 20 0256 117.200 -32.300   0.0 3.04 MW ML2MW
1963 02 13 0757 118.400 -34.100   0.0 2.97 MW ML2MW
1964 10 23 1252 117.200 -32.200  18.0 3.49 MW ML2MW
1964 11 05 0550 116.700 -32.100  18.0 3.20 MW ML2MW
1965 10 04 0044 123.300 -28.100  18.0 3.56 MW ML2MW
1966 01 25 0706 117.000 -32.800  18.0 3.82 MW ML2MW
1963 04 28 0918 116.400 -31.000   0.0 2.74 MW ML2MW
1966 02 15 0155 117.000 -32.300   0.0 3.19 MW ML2MW
1963 06 11 2200 118.200 -33.300   0.0 2.64 MW ML2MW
1966 05 06 0857 118.800 -32.300  18.0 3.45 MW ML2MW
1966 09 30 1405 116.800 -30.600   0.0 3.10 MW ML2MW
1966 10 03 2139 117.200 -30.600  18.0 3.53 MW ML2MW
1966 10 07 1024 116.700 -30.400   7.0 3.30 MW ML2MW
1966 12 25 2234 116.400 -31.000  18.0 3.71 MW ML2MW
1967 04 03 0801 116.500 -30.700  18.0 3.13 MW ML2MW
1967 08 29 2109 117.300 -31.900  18.0 3.44 MW ML2MW
1964 06 11 2002 116.200 -30.700   0.0 2.97 MW ML2MW
1967 10 22 1038 117.300 -32.000  18.0 3.52 MW ML2MW
1964 10 26 2218 116.200 -30.700   0.0 2.97 MW ML2MW
1968 06 06 1931 123.800 -30.700   0.0 3.05 MW mb2MW
1968 06 21 0754 118.230 -30.800   0.0 3.74 MW ML2MW
1965 07 14 2307 117.300 -26.600  18.0 2.77 MW ML2MW
1968 09 26 1807 116.400 -30.700  18.0 3.27 MW ML2MW
1968 10 06 2236 116.400 -30.910  25.0 3.43 MW ML2MW
1968 10 20 0906 117.310 -32.040  18.0 3.77 MW ML2MW
1966 02 22 0721 118.110 -31.450   0.0 2.68 MW ML2MW
1968 11 23 0009 116.510 -31.100  18.0 3.59 MW ML2MW
1966 04 26 0329 121.600 -31.400   0.0 2.30 MW ML2MW
1968 11 27 1439 117.180 -32.290  18.0 3.19 MW ML2MW
1966 05 01 1602 116.640 -32.040   0.0 2.78 MW ML2MW
1968 12 29 1109 116.460 -30.680  18.0 3.06 MW ML2MW
1966 05 10 1012 118.700 -27.100   0.0 2.33 MW ML2MW
1969 01 20 2330 117.230 -32.130   7.0 3.65 MW ML2MW
1969 03 11 1200 116.570 -30.640   7.0 3.45 MW ML2MW
1966 06 19 1105 117.170 -32.170   0.0 2.73 MW ML2MW
1969 03 21 1950 117.250 -32.150   7.0 3.12 MW ML2MW
1966 09 21 0420 116.420 -31.120   0.0 2.82 MW ML2MW
1969 03 25 1356 116.380 -31.140   7.0 3.47 MW ML2MW
1969 03 26 1933 117.150 -32.350   7.0 3.03 MW ML2MW
1969 03 28 0333 116.200 -25.400   7.0 3.12 MW ML2MW
1969 04 02 2212 117.000 -32.400   7.0 3.21 MW ML2MW
1966 11 21 1808 117.310 -31.980   0.0 2.91 MW ML2MW
1966 11 30 1530 117.000 -32.790   0.0 2.96 MW ML2MW
1969 05 09 1120 117.300 -32.000   7.0 3.51 MW ML2MW
1969 05 16 0422 117.200 -30.900   7.0 3.61 MW ML2MW
1969 06 26 0037 117.290 -30.860   0.0 3.02 MW ML2MW
1969 06 26 0038 117.180 -30.760   7.0 3.41 MW ML2MW
1967 11 21 1037 124.700 -28.600  18.0 2.74 MW ML2MW
1967 12 14 1417 124.100 -29.000  18.0 2.71 MW ML2MW
1969 08 11 0855 115.700 -24.900   7.0 3.72 MW mb2MW
1969 08 17 1755 116.000 -25.100   7.0 3.88 MW mb2MW
1967 12 14 1727 116.450 -30.780   0.0 2.74 MW ML2MW
1968 02 14 0919 117.040 -32.450   0.0 2.81 MW ML2MW
1969 08 21 2357 117.160 -30.750   0.0 3.25 MW ML2MW
1968 02 26 0535 116.250 -30.940   0.0 2.88 MW ML2MW
1969 11 22 1505 116.930 -32.530   0.0 3.54 MW ML2MW
1968 02 29 1210 116.640 -31.870   0.0 2.32 MW ML2MW
1968 03 08 1521 117.170 -32.030   0.0 2.79 MW ML2MW
1970 07 19 1638 116.710 -31.180   7.0 3.74 MW ML2MW
1971 03 05 0359 119.200 -21.800  10.0 3.55 MW mb2MW
1968 08 31 0840 116.210 -31.120   0.0 2.81 MW ML2MW
1971 03 21 0005 119.500 -21.100  10.0 3.06 MW ML2MW
1971 04 15 1748 120.500 -21.800   0.0 3.88 MW mb2MW
1971 05 12 0916 115.200 -22.900   0.0 3.55 MW mb2MW
1971 05 19 0422 115.500 -22.900   0.0 3.80 MW mb2MW
1971 08 04 0027 116.470 -31.190   0.0 3.15 MW ML2MW
1971 08 18 1720 117.850 -31.750   0.0 3.09 MW ML2MW
1969 01 07 0449 116.860 -32.250   0.0 2.43 MW ML2MW
1972 02 18 0758 116.880 -30.840   0.0 3.04 MW ML2MW
1969 03 03 2143 117.260 -32.050   0.0 2.97 MW ML2MW
1972 02 26 1115 117.020 -30.810   0.0 3.29 MW ML2MW
1972 04 20 0929 118.200 -23.330   0.0 3.80 MW mb2MW
1972 04 22 1347 118.370 -30.760   0.0 3.14 MW ML2MW
1972 05 20 0347 124.600 -28.100   0.0 3.72 MW mb2MW
1972 07 25 0243 119.050 -22.730   0.0 3.53 MW ML2MW
1969 03 28 0418 117.150 -31.980   0.0 2.78 MW ML2MW
1972 11 08 2254 117.200 -30.900   0.0 3.07 MW ML2MW
1973 04 02 1423 116.790 -31.210  10.0 3.12 MW ML2MW
1973 06 10 0807 119.700 -21.200  10.0 3.38 MW mb2MW
1969 06 09 1757 117.010 -30.660   0.0 2.82 MW ML2MW
1973 09 27 2002 116.000 -22.200  10.0 3.22 MW ML2MW
1973 12 04 0930 116.300 -21.900  10.0 3.63 MW mb2MW
1969 06 23 2144 116.910 -30.820   0.0 2.98 MW ML2MW
1974 01 23 0243 116.990 -32.840   0.0 3.83 MW ML2MW
1974 02 16 2042 117.620 -27.160   0.0 3.72 MW mb2MW
1974 02 25 1307 117.230 -32.300   0.0 3.67 MW ML2MW
1974 04 16 0942 116.500 -22.000   0.0 3.13 MW mb2MW
1969 08 01 0848 116.410 -31.150   0.0 2.94 MW ML2MW
1974 04 29 1440 116.500 -30.200   0.0 3.27 MW ML2MW
1969 08 14 0613 116.570 -31.200   7.0 2.80 MW ML2MW
1974 11 05 2024 117.160 -30.650   0.0 3.13 MW ML2MW
1975 05 01 1333 117.130 -30.900   0.0 3.13 MW ML2MW
1969 10 03 1224 117.750 -30.050   0.0 2.74 MW ML2MW
1969 10 22 2017 117.110 -30.860   0.0 3.00 MW ML2MW
1975 08 23 1922 116.900 -30.770   0.0 3.44 MW ML2MW
1969 11 01 0553 117.090 -30.840   0.0 2.86 MW ML2MW
1969 11 05 0706 116.500 -31.260  15.0 2.98 MW ML2MW
1975 10 11 1152 116.920 -32.440   0.0 3.66 MW ML2MW
1969 11 08 0846 117.210 -30.900   0.0 2.72 MW ML2MW
1976 05 24 2256 117.859 -33.172  17.0 3.13 MW ML2MW
1977 02 07 0932 117.350 -34.090   0.0 3.00 MW ML2MW
1970 01 12 2356 115.030 -23.030   0.0 2.91 MW ML2MW
1977 03 01 2008 117.690 -33.480   0.0 3.43 MW ML2MW
1970 01 30 1811 116.770 -31.100   0.0 2.80 MW ML2MW
1977 04 09 0947 117.440 -34.440   0.0 3.42 MW ML2MW
1970 02 01 2214 116.900 -32.600   0.0 2.81 MW ML2MW
1977 04 10 1018 122.920 -30.510   0.0 3.84 MW ML2MW
1977 04 18 1233 116.370 -30.930   0.0 3.03 MW ML2MW
1970 02 21 1604 116.650 -31.050   0.0 2.80 MW ML2MW
1970 06 26 1203 116.640 -30.620   0.0 2.80 MW ML2MW
1970 06 28 1914 116.660 -30.890   0.0 2.72 MW ML2MW
1978 01 17 2215 115.520 -22.720  30.0 3.13 MW ML2MW
1978 03 08 1757 120.470 -22.668  23.0 3.53 MW ML2MW
1970 08 24 1653 117.300 -32.000   0.0 2.77 MW ML2MW
1978 07 10 1648 120.140 -21.250  19.0 3.14 MW ML2MW
1970 09 18 0146 116.300 -31.100   0.0 2.82 MW ML2MW
1970 11 30 0035 117.250 -32.210   0.0 2.83 MW ML2MW
1978 07 27 2045 117.730 -33.450   6.0 3.37 MW ML2MW
1978 08 31 1811 118.670 -22.030   0.0 3.00 MW ML2MW
1978 11 10 2046 118.270 -33.630   5.0 3.06 MW ML2MW
1971 02 19 0418 119.200 -21.000  10.0 2.79 MW ML2MW
1978 11 16 2217 118.400 -33.400   0.0 3.66 MW ML2MW
1978 11 24 0104 120.770 -33.320  10.0 3.86 MW ML2MW
1971 04 03 0400 119.600 -22.000   0.0 2.90 MW ML2MW
1971 04 03 0635 119.000 -22.100   0.0 2.89 MW ML2MW
1971 09 18 1352 124.170 -28.260   0.0 2.93 MW ML2MW
1971 09 20 1958 116.460 -31.120   0.0 2.82 MW ML2MW
1971 09 28 0424 116.980 -22.750   0.0 2.98 MW ML2MW
1971 09 28 0510 116.520 -31.120   0.0 2.83 MW ML2MW
1971 10 19 0052 116.600 -31.050   0.0 2.73 MW ML2MW
1971 11 13 2100 116.440 -31.140   0.0 2.74 MW ML2MW
1971 12 12 1921 117.280 -31.980   0.0 2.83 MW ML2MW
1972 01 08 1705 121.530 -30.820   1.0 2.89 MW ML2MW
1972 02 01 0415 117.060 -30.900   0.0 2.91 MW ML2MW
1972 03 19 0711 116.920 -31.140   0.0 2.95 MW ML2MW
1972 09 14 0250 116.630 -31.250   0.0 2.93 MW ML2MW
1972 09 14 0332 116.500 -31.200   0.0 2.79 MW ML2MW
1972 12 26 0658 117.130 -32.320   0.0 2.74 MW ML2MW
1973 02 17 1427 117.220 -30.970  10.0 2.71 MW ML2MW
1973 02 28 2242 117.080 -30.900  10.0 2.91 MW ML2MW
1973 03 15 0201 118.250 -30.900  10.0 2.62 MW ML2MW
1973 03 25 0612 116.790 -29.550  10.0 2.84 MW ML2MW
1973 10 31 1033 116.660 -31.380  10.0 2.89 MW ML2MW
1974 04 15 0237 118.500 -31.100   0.0 2.84 MW ML2MW
1974 05 12 1549 117.010 -30.830   0.0 2.85 MW ML2MW
1974 06 20 1707 118.500 -33.500   0.0 2.77 MW ML2MW
1974 07 25 0543 117.000 -32.750   0.0 2.74 MW ML2MW
1974 11 04 1745 117.060 -31.220   0.0 2.82 MW ML2MW
1975 01 21 0150 117.080 -30.830   0.0 3.00 MW ML2MW
1975 03 04 0415 117.100 -32.300  10.0 2.87 MW ML2MW
1975 03 12 2009 118.200 -31.000   0.0 2.91 MW ML2MW
1975 09 04 2041 116.900 -30.770   0.0 2.71 MW ML2MW
1975 09 07 0621 118.050 -32.950   0.0 2.98 MW ML2MW
1975 09 19 1254 116.920 -30.760   0.0 2.79 MW ML2MW
1975 09 22 0724 116.830 -30.640   0.0 2.95 MW ML2MW
1975 09 25 0426 117.750 -33.330   0.0 2.65 MW ML2MW
1975 11 22 0719 118.200 -33.100   0.0 2.73 MW ML2MW
1976 03 04 2107 116.670 -30.620   0.0 2.73 MW ML2MW
1976 03 17 2251 116.770 -30.500   0.0 2.70 MW ML2MW
1976 05 11 0926 117.090 -30.900   0.0 2.70 MW ML2MW
1976 05 11 1054 116.600 -30.700   0.0 2.77 MW ML2MW
1976 07 01 1403 117.900 -33.700   0.0 2.78 MW ML2MW
1977 03 08 1702 117.480 -31.170   0.0 2.72 MW ML2MW
1977 05 16 2127 122.900 -28.000   0.0 2.80 MW ML2MW
1977 07 04 1914 117.950 -31.000   7.0 2.97 MW ML2MW
1977 11 30 0730 117.310 -33.590   0.0 2.99 MW ML2MW
1978 01 28 0842 120.730 -26.800   0.0 2.98 MW ML2MW
1978 03 13 1457 115.800 -24.320   0.0 2.85 MW ML2MW
1978 11 19 0714 118.400 -34.400   0.0 2.83 MW ML2MW
1979 04 10 1811 117.760 -33.400   5.0 2.70 MW ML2MW
1979 05 25 0810 116.580 -32.750   5.0 2.80 MW ML2MW
1979 07 21 1728 120.940 -26.790  10.0 2.91 MW ML2MW
1979 07 25 1906 121.720 -32.260  10.0 2.96 MW ML2MW
1979 07 26 1227 117.620 -31.290  10.0 2.74 MW ML2MW
1979 10 06 0651 116.260 -29.550   0.0 2.59 MW ML2MW
1980 01 31 1104 117.300 -30.400  25.0 2.78 MW ML2MW
1980 02 03 1502 117.250 -33.720   5.0 2.92 MW ML2MW
1980 04 04 1317 118.200 -33.150   0.0 2.94 MW ML2MW
1980 05 19 2253 118.118 -30.810   9.0 2.99 MW ML2MW
1980 05 22 0650 116.500 -25.520  10.0 2.91 MW ML2MW
1980 06 12 2029 117.750 -33.430   5.0 2.77 MW ML2MW
1980 07 04 1811 122.820 -28.620  10.0 2.63 MW ML2MW
1980 08 11 0020 116.510 -29.850   0.0 2.70 MW ML2MW
1980 10 05 1926 117.760 -33.330   0.0 2.99 MW ML2MW
1981 01 09 2033 120.960 -30.880   0.0 2.38 MW ML2MW
1981 01 21 0325 120.230 -20.690   0.0 2.77 MW ML2MW
1981 03 02 1450 120.330 -21.190   0.0 2.56 MW ML2MW
1981 08 16 0240 116.760 -30.210  10.0 2.70 MW ML2MW
1981 09 20 0919 121.360 -24.640  10.0 2.43 MW ML2MW
1981 12 02 1929 116.740 -31.000  10.0 2.89 MW ML2MW
1982 03 13 1817 120.710 -23.360  10.0 2.95 MW ML2MW
1982 03 28 2104 116.020 -25.570  10.0 2.91 MW ML2MW
1982 04 30 1055 120.720 -22.230  10.0 2.85 MW ML2MW
1982 11 24 1612 117.400 -32.330  10.0 2.73 MW ML2MW
1983 01 20 1353 118.100 -33.820   5.0 2.72 MW ML2MW
1983 02 08 1945 121.360 -30.740   0.0 2.43 MW ML2MW
1983 02 12 2203 117.730 -33.410  10.0 2.77 MW ML2MW
1983 04 03 2247 117.160 -25.190  10.0 2.93 MW ML2MW
1983 04 06 1939 124.080 -29.200  10.0 2.49 MW ML2MW
1983 07 06 1941 122.290 -32.650  10.0 2.99 MW ML2MW
1983 07 25 1503 122.850 -28.540  10.0 2.72 MW ML2MW
1983 10 28 1201 120.700 -20.590  10.0 2.94 MW ML2MW
1983 12 21 1819 124.190 -27.360  10.0 2.70 MW ML2MW
1983 12 25 0306 120.090 -33.480  10.0 2.91 MW ML2MW
1984 01 28 0625 121.020 -28.290  10.0 2.64 MW ML2MW
1984 01 30 0244 116.940 -32.520  10.0 2.72 MW ML2MW
1984 03 24 0735 122.430 -25.420  10.0 2.83 MW ML2MW
1984 05 17 2021 115.840 -27.780  30.0 2.88 MW ML2MW
1984 06 09 0704 121.530 -30.750   0.0 2.45 MW ML2MW
1984 07 16 1807 118.220 -33.580  10.0 2.74 MW ML2MW
1984 08 10 1348 117.300 -33.980   5.0 2.82 MW ML2MW
1984 08 19 2011 117.280 -33.340  10.0 2.82 MW ML2MW
1984 12 22 2259 124.320 -27.700  10.0 2.72 MW ML2MW
1985 03 03 0028 117.730 -33.400   6.0 2.70 MW ML2MW
1985 04 09 1152 119.860 -21.570  10.0 2.69 MW ML2MW
1985 04 24 2304 116.690 -31.990  10.0 2.73 MW ML2MW
1985 08 10 0724 121.456 -30.783   0.0 2.98 MW ML2MW
1985 12 10 1133 117.010 -25.320  10.0 2.65 MW ML2MW
1986 02 09 0224 117.880 -30.880   5.0 2.75 MW ML2MW
1986 03 30 2020 120.850 -24.810   5.0 2.49 MW ML2MW
1986 04 03 0806 116.460 -30.820   5.0 2.72 MW ML2MW
1986 04 05 1528 117.390 -32.220   5.0 2.81 MW ML2MW
1986 04 13 1515 120.220 -21.860   5.0 2.99 MW ML2MW
1986 05 09 0836 121.038 -31.109   5.0 2.57 MW ML2MW
1986 06 17 1625 117.810 -30.750   5.0 2.73 MW ML2MW
1986 07 28 2005 115.180 -23.710   5.0 2.74 MW ML2MW
1986 08 08 1414 121.012 -31.087   5.0 2.50 MW ML2MW
1986 09 23 2041 119.820 -21.500  11.0 2.82 MW ML2MW
1986 10 02 0343 121.426 -30.771   5.0 2.76 MW ML2MW
1986 10 18 1306 119.750 -22.290   5.0 2.85 MW ML2MW
1986 12 06 2054 120.650 -21.360   5.0 2.71 MW ML2MW
1986 12 19 1027 117.410 -32.220   5.0 2.96 MW ML2MW
1986 12 30 1700 116.090 -20.650   5.0 2.98 MW ML2MW
1987 01 19 1003 117.710 -33.410  13.0 2.84 MW ML2MW
1987 01 22 1356 118.890 -30.600   5.0 2.71 MW ML2MW
1987 02 11 0706 119.600 -21.470   3.0 2.66 MW ML2MW
1987 03 09 1350 117.780 -32.440   5.0 2.94 MW ML2MW
1987 05 12 1654 117.370 -32.240   5.0 2.72 MW ML2MW
1987 05 20 1724 116.640 -31.250   5.0 2.74 MW ML2MW
1987 07 05 0528 116.340 -31.780   5.0 2.89 MW ML2MW
1987 07 10 2232 117.470 -31.220   1.0 2.80 MW ML2MW
1987 08 22 1519 117.790 -30.740   5.0 2.96 MW ML2MW
1987 09 10 2350 116.660 -31.420   5.0 2.79 MW ML2MW
1987 09 24 1553 120.240 -21.330   5.0 2.61 MW ML2MW
1987 09 25 0918 117.880 -30.690   5.0 2.96 MW ML2MW
1987 11 02 1018 121.469 -30.764   5.0 2.70 MW ML2MW
1987 12 12 1449 116.680 -31.030   2.0 2.89 MW ML2MW
1987 12 19 0143 117.654 -31.116  21.0 2.78 MW ML2MW
1988 01 18 0302 122.220 -32.510   5.0 2.86 MW ML2MW
1988 02 28 1756 118.270 -33.600   3.0 2.89 MW ML2MW
1988 03 18 2003 117.170 -32.150   5.0 2.81 MW ML2MW
1988 03 25 2105 116.150 -26.110   5.0 2.65 MW ML2MW
1988 05 16 1816 120.190 -21.420   5.0 2.66 MW ML2MW
1988 06 29 1922 117.490 -31.200   5.0 2.94 MW ML2MW
1988 07 06 2240 116.790 -30.530   2.0 2.72 MW ML2MW
1988 08 18 0739 116.540 -33.310   1.0 2.78 MW ML2MW
1988 09 01 1134 116.560 -33.300   2.0 2.71 MW ML2MW
1988 10 09 0315 119.480 -28.360  12.0 2.73 MW ML2MW
1988 10 27 0800 117.740 -30.780   0.0 2.73 MW ML2MW
1988 11 23 2007 122.990 -27.433   5.0 2.94 MW ML2MW
1988 12 18 0409 123.790 -28.940   5.0 2.79 MW ML2MW
1989 02 02 0714 117.240 -31.160   6.0 2.74 MW ML2MW
1989 02 13 1409 116.800 -30.540   2.0 2.71 MW ML2MW
1989 04 04 0311 120.093 -21.490   5.0 2.59 MW ML2MW
1989 04 19 1342 116.927 -34.355   1.0 2.81 MW ML2MW
1989 04 30 1616 117.261 -20.518   5.0 2.57 MW ML2MW
1989 06 09 1833 121.407 -30.755  12.0 2.44 MW ML2MW
1989 06 15 1814 117.286 -33.348  12.0 2.82 MW ML2MW
1989 06 20 2119 116.881 -25.410   5.0 2.66 MW ML2MW
1989 06 28 1711 122.316 -32.552   7.0 2.83 MW ML2MW
1989 07 22 0418 116.435 -21.756   5.0 2.73 MW ML2MW
1989 08 14 1550 119.863 -20.631   5.0 2.34 MW ML2MW
1989 09 12 1007 116.081 -25.617   5.0 2.90 MW ML2MW
1989 12 14 0520 117.220 -33.346   2.0 2.80 MW ML2MW
1990 01 19 0416 116.508 -31.044   4.0 2.76 MW ML2MW
1990 04 15 1317 116.797 -30.549   3.0 2.83 MW ML2MW
1990 05 11 0426 116.812 -30.548   1.0 2.97 MW ML2MW
1990 06 23 0003 116.783 -30.533   4.0 2.90 MW ML2MW
1990 06 24 2055 116.810 -30.535   1.0 2.90 MW ML2MW
1990 08 18 1947 118.529 -26.271  49.0 2.83 MW ML2MW
1990 09 03 1703 123.510 -31.180   9.0 2.90 MW ML2MW
1990 09 12 1050 116.800 -30.570   2.0 2.76 MW ML2MW
1990 10 29 0452 116.823 -20.709  37.0 2.97 MW ML2MW
1990 11 11 1725 120.190 -20.480   3.0 2.83 MW ML2MW
1990 12 21 1557 117.491 -31.195   4.0 2.76 MW ML2MW
1991 02 02 2342 119.397 -30.092   4.0 2.76 MW ML2MW
1991 03 07 1352 117.329 -31.220   1.0 2.83 MW ML2MW
1991 06 19 0101 116.916 -32.527   7.0 2.76 MW ML2MW
1991 06 22 1951 115.576 -24.423   5.0 2.83 MW ML2MW
1991 06 29 2339 117.051 -30.612   1.0 2.76 MW ML2MW
1991 07 20 0207 121.538 -30.998   5.0 2.83 MW ML2MW
1991 07 25 2357 118.075 -33.647   1.0 2.76 MW ML2MW
1991 11 14 1843 118.930 -21.091   5.0 2.90 MW ML2MW
1991 11 19 0553 118.130 -33.300   5.0 2.83 MW ML2MW
1992 03 15 0631 124.663 -28.752   5.0 2.97 MW ML2MW
1992 03 21 2005 124.541 -27.346   5.0 2.76 MW ML2MW
1992 03 31 1722 116.218 -25.524   5.0 2.97 MW ML2MW
1992 04 01 0839 117.699 -30.861   3.0 2.97 MW ML2MW
1992 06 15 0202 116.650 -24.410   5.0 2.90 MW ML2MW
1992 07 01 0608 120.798 -21.203   5.0 2.83 MW ML2MW
1992 09 17 2024 117.835 -33.936   5.0 2.83 MW ML2MW
1992 10 28 2349 119.669 -21.330   5.0 2.83 MW ML2MW
1992 12 12 0709 115.992 -25.378   5.0 2.97 MW ML2MW
1992 12 21 2021 121.520 -31.025   5.0 2.76 MW ML2MW
1993 01 18 1046 117.275 -31.989   1.0 2.90 MW ML2MW
1993 04 24 1606 119.643 -20.466   5.0 2.76 MW ML2MW
1993 04 27 1155 116.497 -24.343   5.0 2.97 MW ML2MW
1993 05 24 0119 118.258 -33.595   1.0 2.76 MW ML2MW
1993 05 26 0327 122.196 -32.533   5.0 2.90 MW ML2MW
1993 06 11 1053 117.196 -32.143   5.0 2.83 MW ML2MW
1993 07 27 1118 116.620 -24.370   5.0 2.83 MW ML2MW
1993 08 12 2050 117.421 -32.249   2.0 2.83 MW ML2MW
1993 08 18 2024 118.184 -30.930   1.0 2.83 MW ML2MW
1994 01 26 1733 122.316 -32.372   5.0 2.90 MW ML2MW
1994 02 12 1715 120.560 -21.647   5.0 2.83 MW ML2MW
1994 03 12 2215 117.412 -32.152   1.0 2.76 MW ML2MW
1994 03 23 0147 117.255 -31.166   5.0 2.76 MW ML2MW
1994 04 01 1826 117.263 -31.171   5.0 2.76 MW ML2MW
1994 04 07 0138 116.207 -29.802   1.0 2.76 MW ML2MW
1994 05 13 0420 117.247 -31.175   5.0 2.97 MW ML2MW
1994 06 11 1202 117.903 -31.537   5.0 2.76 MW ML2MW
1994 06 30 0734 119.132 -27.448   5.0 2.76 MW ML2MW
1994 07 10 0327 118.422 -33.609   5.0 2.97 MW ML2MW
1994 09 12 0326 118.194 -33.679   1.0 2.76 MW ML2MW
1994 09 29 1127 118.389 -20.010   5.0 2.76 MW ML2MW
1994 10 05 1659 117.782 -33.455   1.0 2.97 MW ML2MW
1994 10 10 1904 118.116 -32.699   5.0 2.83 MW ML2MW
1994 10 11 1456 118.056 -33.673   2.0 2.76 MW ML2MW
1994 10 31 0801 117.855 -33.872   1.0 2.83 MW ML2MW
1994 11 14 1326 118.388 -30.725   9.0 2.83 MW ML2MW
1995 01 23 0819 117.218 -34.249   5.0 2.97 MW ML2MW
1995 01 28 0720 121.450 -30.773   0.0 2.97 MW ML2MW
1995 02 01 0955 118.686 -33.743   5.0 2.97 MW ML2MW
1995 04 05 2355 115.762 -25.576   5.0 2.90 MW ML2MW
1995 06 24 1106 117.710 -30.367   3.0 2.97 MW ML2MW
1995 08 18 2336 117.509 -31.222   5.0 2.83 MW ML2MW
1995 09 11 1903 117.100 -25.476   5.0 2.90 MW ML2MW
1995 10 20 0739 116.411 -24.977   5.0 2.97 MW ML2MW
1995 10 27 0913 117.281 -31.219   0.8 2.90 MW ML2MW
1996 03 30 0717 121.454 -30.727   1.0 2.97 MW ML2MW
1996 07 14 0839 118.021 -33.690   1.0 2.90 MW ML2MW
1996 12 17 1102 116.587 -31.004   5.0 2.97 MW ML2MW
1996 12 20 0611 116.568 -31.009   3.0 2.97 MW ML2MW
1996 12 31 0149 117.282 -31.200   5.0 2.83 MW ML2MW
1997 02 21 0826 125.243 -27.411   5.0 2.97 MW ML2MW
1997 06 29 1437 119.650 -22.186   5.0 2.90 MW ML2MW
1997 07 10 0139 119.756 -32.144   1.0 2.76 MW ML2MW
1997 08 17 0514 115.586 -28.617   5.0 2.83 MW ML2MW
1997 08 31 0143 123.684 -29.980   5.0 2.76 MW ML2MW
1997 10 21 0746 123.825 -29.558   5.0 2.83 MW ML2MW
1997 11 02 1824 115.862 -21.891   5.0 2.76 MW ML2MW
1997 12 10 0313 123.166 -30.345   5.0 2.83 MW ML2MW
1998 01 02 0133 115.230 -23.662   5.0 2.90 MW ML2MW
1998 01 07 1734 120.710 -20.920   5.0 2.83 MW ML2MW
1998 03 04 1144 115.146 -23.403   5.0 2.83 MW ML2MW
1998 03 14 0733 119.550 -27.566   5.0 2.97 MW ML2MW
1998 04 06 2056 115.968 -26.007   5.0 2.83 MW ML2MW
1998 04 20 1134 121.872 -30.351   5.0 2.76 MW ML2MW
1998 04 22 1821 119.754 -32.105   5.0 2.76 MW ML2MW
1998 05 27 0723 118.195 -34.031   5.0 2.90 MW ML2MW
1998 06 05 1347 121.319 -31.111   5.0 2.97 MW ML2MW
1998 06 27 1642 120.886 -33.320   5.0 2.83 MW ML2MW
1998 07 16 0158 121.048 -21.252   5.0 2.76 MW ML2MW
1998 07 18 2319 123.793 -30.262   5.0 2.97 MW ML2MW
1998 07 21 2000 121.439 -30.819   5.0 2.76 MW ML2MW
1998 09 20 0135 119.985 -22.457   5.0 2.83 MW ML2MW
1998 10 08 1621 121.448 -30.833   1.0 2.97 MW ML2MW
1998 11 05 2050 123.695 -30.814   5.0 2.90 MW ML2MW
1998 11 23 0954 120.611 -26.420   5.0 2.76 MW ML2MW
1998 12 14 2029 121.257 -30.987   5.0 2.83 MW ML2MW
1998 12 31 1113 121.410 -30.754   5.0 2.90 MW ML2MW
1999 01 05 1734 123.039 -27.792   5.0 2.76 MW ML2MW
1999 01 21 2237 117.860 -30.931   1.0 2.83 MW ML2MW
1999 02 21 1034 117.855 -30.881   3.0 2.76 MW ML2MW
1999 03 18 1451 117.705 -31.476   5.0 2.83 MW ML2MW
1999 03 25 0432 117.700 -31.489   4.0 2.76 MW ML2MW
1999 04 24 1414 117.246 -34.264   1.0 2.76 MW ML2MW
1999 05 20 1405 116.340 -21.730   5.0 2.90 MW ML2MW
1999 07 13 0146 117.480 -31.210   3.0 2.97 MW ML2MW
1999 07 21 2050 118.170 -30.820   2.0 2.76 MW ML2MW
1999 08 26 1922 115.900 -26.450   5.0 2.76 MW ML2MW
1999 09 29 1959 115.660 -22.210   5.0 2.90 MW ML2MW
1999 10 10 1053 117.900 -30.940   6.0 2.76 MW ML2MW
1999 10 18 0714 117.760 -34.050   1.0 2.76 MW ML2MW
1999 11 01 1438 117.490 -24.220   1.0 2.90 MW ML2MW
1999 11 11 1606 115.570 -22.330   5.0 2.97 MW ML2MW
1999 12 15 2236 119.730 -32.140   2.0 2.90 MW ML2MW
2000 02 10 0013 117.790 -30.750   3.0 2.76 MW ML2MW
2000 02 28 1843 120.950 -21.580   5.0 2.90 MW ML2MW
2000 02 29 0327 120.110 -23.530   5.0 2.90 MW ML2MW
2000 06 16 1923 117.529 -27.296   0.0 2.76 MW ML2MW
2000 06 19 0138 121.299 -33.551   0.0 2.76 MW ML2MW
2000 06 26 1947 120.953 -20.694   0.0 2.90 MW ML2MW
2000 10 28 1333 119.345 -26.808  10.0 2.97 MW ML2MW
2000 12 03 1334 117.820 -30.614   0.0 2.89 MW ML2MW
2000 12 26 2011 118.063 -30.844   0.0 2.76 MW ML2MW
2001 01 19 0700 122.425 -28.258  11.0 2.97 MW ML2MW
2001 02 28 2251 117.691 -31.460   5.0 2.82 MW ML2MW
2001 03 09 1821 118.271 -31.904   2.0 2.88 MW ML2MW
2001 03 28 1748 121.163 -33.401   0.0 2.76 MW ML2MW
2001 03 29 1928 115.838 -22.340   0.0 2.97 MW ML2MW
2001 04 23 1328 116.658 -32.976   2.0 2.95 MW ML2MW
2001 04 27 1423 121.779 -32.580  10.0 2.90 MW ML2MW
2001 06 24 1017 119.740 -31.995   0.0 2.97 MW ML2MW
2001 07 03 0513 121.790 -28.760   7.0 2.97 MW ML2MW
2001 08 12 1532 117.778 -32.111   0.0 2.81 MW ML2MW
2001 10 29 0859 117.395 -24.947  15.0 2.90 MW ML2MW
2002 02 02 0034 119.231 -29.317   3.0 2.84 MW ML2MW
2002 02 18 1414 116.480 -33.542   3.0 2.82 MW ML2MW
2002 04 19 2312 123.583 -30.671   5.0 2.94 MW ML2MW
2002 05 04 0137 117.738 -32.070   3.0 2.95 MW ML2MW
2002 06 12 0331 117.097 -32.389   0.0 2.96 MW ML2MW
2002 10 17 2034 118.324 -30.505   0.0 2.81 MW ML2MW
2002 11 08 1951 117.028 -30.188   1.0 2.95 MW ML2MW
2003 03 14 2139 117.779 -33.405   1.1 2.81 MW ML2MW
2003 04 15 1916 118.709 -31.196  10.0 2.95 MW ML2MW
2003 05 01 0249 115.725 -24.596  31.0 2.84 MW ML2MW
2003 08 11 0634 117.157 -31.981   0.0 2.82 MW ML2MW
2004 04 10 1745 117.971 -30.991   0.7 2.83 MW ML2MW
2004 07 28 0951 118.294 -33.593   0.0 2.81 MW ML2MW
2004 08 31 1327 117.005 -30.589   5.0 2.82 MW ML2MW
2005 01 31 1322 121.453 -30.806   0.0 2.80 MW ML2MW
2005 03 06 0537 115.730 -28.097   0.0 2.82 MW ML2MW
2005 03 15 1249 116.844 -32.527   0.0 2.96 MW ML2MW
2005 03 17 1636 116.604 -31.116  10.4 2.96 MW ML2MW
2005 04 15 0812 116.714 -31.968   2.0 2.82 MW ML2MW
2005 05 12 0118 117.203 -31.953   5.0 2.89 MW ML2MW
2005 06 24 0851 116.604 -31.304   5.0 2.83 MW ML2MW
2005 08 15 0956 118.236 -30.750   1.8 2.82 MW ML2MW
2005 10 22 0638 117.878 -30.225   2.9 2.96 MW ML2MW
2006 01 22 2015 118.294 -33.378   0.0 2.82 MW ML2MW
2006 03 17 0455 118.261 -30.760   2.8 2.82 MW ML2MW
2006 05 02 2357 117.725 -30.266   3.0 2.82 MW ML2MW
2006 09 11 1841 118.877 -32.382   2.2 2.81 MW ML2MW
2006 12 10 1634 117.473 -25.085  10.0 2.96 MW ML2MW
2007 03 08 1212 124.327 -27.993  10.0 2.76 MW ML2MW
2007 03 30 1752 116.274 -33.390   0.0 2.82 MW ML2MW
2007 10 17 0441 117.283 -30.602   2.0 2.89 MW ML2MW
2007 10 19 2252 118.177 -33.275   1.0 2.96 MW ML2MW
2008 03 05 0654 117.983 -30.764   6.0 2.83 MW ML2MW
2008 04 05 1204 117.781 -30.349   1.1 2.96 MW ML2MW
2008 04 12 2353 118.023 -30.925   6.0 2.97 MW ML2MW
2008 05 01 1352 124.316 -28.028   8.0 2.90 MW ML2MW
2008 05 17 0905 117.501 -30.664  11.1 2.97 MW ML2MW
2008 07 20 2114 116.759 -32.004   3.0 2.99 MW ML2MW
2008 08 08 1027 117.281 -30.466   3.7 2.92 MW ML2MW
2009 02 11 0802 116.640 -33.390  10.0 2.99 MW ML2MW
2009 03 08 1325 117.143 -30.045   7.0 2.92 MW ML2MW
2009 04 03 1531 120.822 -31.973   0.0 2.99 MW ML2MW
2010 01 14 2135 120.278 -33.147   0.0 2.99 MW ML2MW
2010 03 28 1637 121.558 -30.832  10.0 2.87 MW ML2MW
2010 03 29 2038 117.032 -30.533   0.0 2.70 MW ML2MW
2010 04 03 2050 118.316 -30.683   0.0 2.99 MW ML2MW
2010 04 13 1110 117.284 -31.309   4.0 2.89 MW ML2MW
2010 04 20 1019 122.199 -32.356   0.0 2.78 MW ML2MW
2010 04 22 1122 121.520 -32.838   0.0 2.99 MW ML2MW
2010 05 02 0430 118.002 -30.714  11.0 2.80 MW ML2MW
2010 05 12 1109 118.278 -33.646   4.0 2.52 MW ML2MW
2010 06 06 1829 121.487 -30.844   0.0 2.69 MW ML2MW
2010 07 15 1359 119.454 -33.905  10.0 2.78 MW ML2MW
2010 07 26 1838 121.343 -30.911   0.0 2.83 MW ML2MW
2010 08 26 1108 121.148 -21.221   0.0 2.99 MW ML2MW
2010 10 05 0715 117.768 -30.262   0.0 2.95 MW ML2MW
2010 10 24 1811 116.939 -25.367   5.6 2.74 MW ML2MW
2011 01 16 0626 120.609 -21.872  10.0 2.82 MW ML2MW
2011 01 28 0911 117.962 -33.970   0.0 2.65 MW ML2MW
2011 05 22 0140 119.328 -33.200  10.0 2.90 MW ML2MW
2011 07 07 0001 121.473 -30.832   0.0 2.97 MW ML2MW
2011 07 30 2118 118.050 -31.295   5.0 2.78 MW ML2MW
2011 08 05 0947 118.915 -33.201  10.0 2.88 MW ML2MW
2011 08 18 0942 116.250 -21.177   0.0 2.75 MW ML2MW
2011 09 24 0233 116.885 -25.486  10.0 2.91 MW ML2MW
2011 10 21 0745 115.418 -24.538  10.0 2.87 MW ML2MW
2011 11 24 1757 121.390 -30.846  19.0 2.76 MW ML2MW
2012 01 13 1902 121.554 -30.681   4.0 2.92 MW ML2MW
2012 01 29 1345 118.988 -32.183  10.0 2.96 MW ML2MW
2012 02 23 2216 118.651 -30.500  10.0 2.69 MW ML2MW
2012 04 29 1434 118.004 -33.331  12.0 2.81 MW ML2MW
2012 05 08 0255 116.099 -28.634  10.0 2.76 MW ML2MW
2012 05 08 1518 117.841 -30.217  16.0 2.65 MW ML2MW
2012 06 23 1540 121.557 -30.672  10.0 2.95 MW ML2MW
2012 07 08 0933 116.603 -29.130  10.0 2.67 MW ML2MW
2012 08 14 1659 116.467 -31.877   0.0 2.87 MW ML2MW
2012 09 03 1006 115.990 -28.654   9.0 2.89 MW ML2MW
2012 09 06 1256 118.561 -33.320   0.0 2.70 MW ML2MW
2012 09 21 0853 117.705 -30.425   0.0 2.95 MW ML2MW
2012 10 31 2154 120.807 -33.362   0.0 2.89 MW ML2MW
2012 12 12 0830 119.177 -32.192   0.0 2.92 MW ML2MW
2013 01 06 1702 120.383 -28.075  10.0 2.81 MW ML2MW
2013 01 31 2024 118.829 -32.281  10.0 2.83 MW ML2MW
2013 02 16 1438 118.883 -32.252   6.0 2.96 MW ML2MW
2013 03 03 0926 119.160 -32.322  10.0 2.92 MW ML2MW
2013 03 03 0927 119.045 -32.410  10.0 2.96 MW ML2MW
2013 03 26 1807 120.887 -33.017  15.0 2.95 MW ML2MW
2013 03 27 1410 116.755 -25.001  10.0 2.72 MW ML2MW
2013 04 08 0939 116.770 -29.194   0.0 2.92 MW ML2MW
2013 04 20 0134 119.855 -28.614  18.0 2.74 MW ML2MW
2013 04 25 1213 118.859 -31.198   6.0 2.78 MW ML2MW
2013 04 30 0823 120.609 -27.795   8.0 2.87 MW ML2MW
2013 05 03 1710 120.710 -33.768  12.0 2.94 MW ML2MW
2013 05 05 0631 120.521 -27.864   0.0 2.84 MW ML2MW
2013 05 13 2044 122.826 -31.691   0.0 2.84 MW ML2MW
2013 05 20 0514 116.745 -29.143  15.0 2.88 MW ML2MW
2013 05 22 1047 117.066 -34.396   0.0 2.86 MW ML2MW
2013 06 17 0949 115.964 -28.758   0.0 2.63 MW ML2MW
2013 06 29 1511 119.220 -32.312  10.0 2.94 MW ML2MW
2013 07 14 0339 119.636 -22.577   0.0 2.78 MW ML2MW
2013 07 19 1842 117.454 -32.123   5.0 2.57 MW ML2MW
2013 07 20 1524 117.702 -33.541   5.0 2.82 MW ML2MW
2013 07 22 0509 120.954 -21.490  10.0 2.52 MW ML2MW
2013 07 22 0707 119.500 -22.396   0.0 2.79 MW ML2MW
2013 07 23 0934 117.905 -30.857   9.0 2.97 MW ML2MW
2013 08 02 1746 121.413 -26.146  10.0 2.70 MW ML2MW
2013 08 13 0704 119.586 -22.340  10.0 2.77 MW ML2MW
2013 08 15 0529 118.906 -30.361  10.0 2.93 MW ML2MW
2013 08 17 2144 121.210 -28.123  10.0 2.94 MW ML2MW
2013 09 05 1759 117.936 -30.957   2.0 2.42 MW ML2MW
2013 09 10 2348 118.879 -30.336  13.0 2.93 MW ML2MW
2013 09 28 1702 117.064 -34.257   0.0 2.94 MW ML2MW
2013 10 01 0712 117.566 -33.451   6.0 2.89 MW ML2MW
2013 10 10 2057 117.010 -30.473  10.0 2.73 MW ML2MW
2013 11 05 1648 117.604 -30.651  12.0 2.77 MW ML2MW
2013 11 28 1319 117.228 -34.127   7.0 2.70 MW ML2MW
2013 12 01 1921 118.866 -30.341   1.0 2.57 MW ML2MW
2013 12 02 1154 121.690 -31.400  15.0 2.83 MW ML2MW
2013 12 15 0502 121.982 -29.092   0.0 2.77 MW ML2MW
2013 12 16 1702 117.479 -30.613  10.0 3.00 MW ML2MW
2014 01 12 0505 116.845 -29.190   0.0 2.83 MW ML2MW
2014 01 17 0449 119.495 -22.377   0.0 2.91 MW ML2MW
2014 02 01 1733 117.110 -30.549  14.0 2.76 MW ML2MW
2014 02 04 0450 120.217 -30.256   0.0 2.63 MW ML2MW
2014 02 07 1821 117.097 -30.536  14.0 2.88 MW ML2MW
2014 04 04 1521 121.428 -30.775   0.0 2.92 MW ML2MW
2014 04 14 1254 121.433 -30.743  10.0 2.76 MW ML2MW
2014 05 08 1808 116.590 -20.400  30.0 2.67 MW ML2MW
2014 05 13 1351 122.339 -28.327   9.0 2.87 MW ML2MW
2014 06 10 2019 117.767 -30.436  10.0 2.94 MW ML2MW
2014 06 14 0506 116.771 -29.200   7.0 2.78 MW ML2MW
2014 06 17 0343 120.657 -21.819  10.0 2.95 MW ML2MW
2014 06 20 1233 121.552 -30.660   0.0 2.86 MW ML2MW
2014 07 10 2156 118.617 -30.493  10.0 2.92 MW ML2MW
2014 07 17 1839 117.798 -30.371  13.0 2.84 MW ML2MW
2014 07 18 0747 116.999 -25.288  13.0 2.90 MW ML2MW
2014 07 19 0540 119.432 -22.887  15.0 2.48 MW ML2MW
2014 07 20 1421 120.667 -29.611  10.0 2.86 MW ML2MW
2014 07 23 1805 118.065 -33.442   0.0 2.71 MW ML2MW
2014 07 26 0215 119.790 -28.297   0.0 2.96 MW ML2MW
2014 07 27 1859 116.976 -32.271  12.0 2.60 MW ML2MW
2014 07 29 0650 123.863 -26.105  10.0 2.86 MW ML2MW
2014 08 07 2028 118.921 -32.254  10.0 2.94 MW ML2MW
2014 08 17 0228 119.335 -23.055   0.0 2.97 MW ML2MW
2014 08 19 1410 119.382 -31.403  14.0 2.63 MW ML2MW
2014 08 21 1332 116.071 -28.213  10.0 2.80 MW ML2MW
2014 09 25 2301 117.793 -30.477  10.0 2.83 MW ML2MW
2014 10 16 2341 116.214 -28.741   0.0 2.51 MW ML2MW
2014 11 04 0441 117.870 -30.142  10.0 2.80 MW ML2MW
2014 11 05 0345 117.111 -33.701   6.0 2.84 MW ML2MW
2014 11 05 1213 117.249 -33.699  13.0 2.76 MW ML2MW
2014 11 06 0058 117.629 -30.652   5.7 2.90 MW ML2MW
2014 11 08 2204 117.766 -30.416   0.0 2.57 MW ML2MW
2014 11 16 0324 122.547 -32.490  10.0 2.83 MW ML2MW
2015 01 05 2025 120.848 -29.849  10.0 2.84 MW ML2MW
2015 01 17 1741 119.300 -23.306   0.0 2.76 MW ML2MW
2015 04 22 2049 118.845 -20.199  10.0 2.52 MW ML2MW
2015 04 23 0405 116.328 -25.542  16.0 2.98 MW ML2MW
2015 05 07 1719 116.452 -20.439  10.0 2.86 MW ML2MW
2015 05 23 1211 121.185 -30.904  10.0 2.89 MW ML2MW
2015 06 08 0726 117.669 -30.303  14.0 2.79 MW ML2MW
2015 06 10 1913 121.645 -30.602   8.0 2.71 MW ML2MW
2015 08 28 0354 115.869 -24.360  15.0 2.71 MW ML2MW
2015 09 07 0504 116.656 -29.306   0.0 2.92 MW ML2MW
2015 09 11 0802 117.071 -30.719  17.0 2.84 MW ML2MW
2015 10 13 2219 121.356 -30.771  10.0 2.91 MW ML2MW
2015 12 31 0736 117.552 -30.643  10.0 2.85 MW ML2MW
2016 03 11 0148 121.576 -26.102  10.0 2.93 MW ML2MW
2016 04 27 2043 121.628 -31.180   2.0 2.73 MW ML2MW
2016 05 19 1346 119.029 -22.390   3.0 2.64 MW ML2MW
2016 06 25 1946 117.613 -31.482   0.0 2.98 MW ML2MW
2016 07 01 0840 121.440 -30.732  10.0 2.88 MW ML2MW
2016 07 15 0547 116.570 -25.067  10.0 2.97 MW ML2MW
2016 07 15 1533 117.087 -30.859   1.7 2.92 MW ML2MW
2016 07 22 0036 115.401 -22.536   0.0 2.90 MW ML2MW
2016 09 04 0624 121.409 -30.807   0.0 2.75 MW ML2MW
2016 09 23 1909 120.660 -22.469  10.0 2.28 MW ML2MW
2016 10 10 0429 119.320 -23.042  18.0 2.59 MW ML2MW
2016 11 15 2110 118.404 -30.690  10.0 2.99 MW ML2MW
2016 12 01 0728 119.275 -33.208  10.0 2.93 MW ML2MW
2016 12 29 1656 121.491 -30.654  10.0 2.96 MW ML2MW
2016 12 30 0838 117.799 -30.432  10.0 2.71 MW ML2MW
2017 01 06 0820 118.218 -30.669  10.0 2.70 MW ML2MW
2017 01 13 2336 121.784 -31.430  10.0 2.93 MW ML2MW
2017 01 25 1742 122.406 -32.426  10.0 2.84 MW ML2MW
2017 01 30 1900 118.932 -32.089  10.0 2.93 MW ML2MW
2017 03 05 1914 116.244 -21.677  10.0 2.95 MW ML2MW
2017 03 15 1252 120.120 -33.326  10.0 2.78 MW ML2MW
2017 03 28 1655 120.070 -33.174  10.0 2.82 MW ML2MW
2017 04 08 0347 119.863 -28.684  10.0 2.94 MW ML2MW
2017 04 10 0440 117.796 -30.429  10.0 2.99 MW ML2MW
2017 05 03 1733 117.883 -20.249  10.0 2.91 MW ML2MW
2017 06 03 0733 119.169 -30.808  10.0 2.89 MW ML2MW
2017 07 19 1756 117.658 -32.027  10.0 2.70 MW ML2MW
2017 07 28 1023 117.754 -32.090  10.0 2.62 MW ML2MW
2017 08 02 0341 119.705 -32.337  10.0 2.58 MW ML2MW
2017 08 04 1722 118.845 -32.173  10.0 2.75 MW ML2MW
2017 08 14 2218 118.056 -30.840  10.0 2.57 MW ML2MW
2017 08 20 1958 118.912 -33.212  10.0 2.79 MW ML2MW
2017 08 22 0000 118.337 -30.885  10.0 2.62 MW ML2MW
2017 08 23 1842 117.715 -30.499  10.0 2.52 MW ML2MW
2017 08 24 1517 119.669 -32.314  10.0 2.70 MW ML2MW
2017 08 26 0829 118.292 -31.238  10.0 2.73 MW ML2MW
2017 08 30 1939 116.204 -33.376  21.0 2.43 MW ML2MW
2017 09 02 0123 121.466 -30.640  10.0 2.93 MW ML2MW
2017 09 04 1624 119.212 -31.561  10.0 2.71 MW ML2MW
2017 09 10 0919 120.405 -21.339  10.0 2.80 MW ML2MW
2017 09 11 1903 119.227 -31.273  10.0 2.74 MW ML2MW
2017 09 13 1814 117.313 -34.236  10.0 2.67 MW ML2MW
2017 09 14 1904 117.481 -31.219  10.0 2.35 MW ML2MW
2017 09 15 0838 119.082 -30.136  10.0 2.70 MW ML2MW
2017 09 17 1935 116.998 -32.946  10.0 2.49 MW ML2MW
2017 09 23 1941 117.717 -32.069  10.0 2.39 MW ML2MW
2017 09 26 1443 119.059 -26.940  10.0 2.62 MW ML2MW
2017 09 27 1207 120.391 -21.800  10.0 2.78 MW ML2MW
2017 09 28 0646 117.692 -30.737  10.0 2.30 MW ML2MW
2017 09 29 0151 119.326 -32.272  10.0 2.72 MW ML2MW
2017 09 29 1914 117.919 -30.936  10.0 2.39 MW ML2MW
2017 09 30 0015 117.727 -32.045  10.0 2.82 MW ML2MW
2017 10 01 1459 121.540 -30.586  10.0 2.76 MW ML2MW
2017 10 06 0753 117.191 -30.517  10.0 2.47 MW ML2MW
2017 10 07 1520 117.019 -32.893  10.0 2.17 MW ML2MW
2017 10 12 2025 117.733 -32.101  10.0 2.64 MW ML2MW
2017 10 16 0002 117.747 -30.429  10.0 2.94 MW ML2MW
2017 10 21 0947 119.194 -31.336  10.0 2.96 MW ML2MW
2017 10 21 1141 117.751 -30.665  10.0 2.25 MW ML2MW
2017 10 22 1655 118.194 -33.237  10.0 2.33 MW ML2MW
2017 10 24 1644 117.271 -30.269  10.0 2.53 MW ML2MW
2017 10 25 1046 117.787 -30.454  10.0 2.74 MW ML2MW
2017 10 26 1912 117.787 -30.423  10.0 2.73 MW ML2MW
2017 10 27 0003 117.954 -30.782  10.0 2.36 MW ML2MW
2017 10 28 1347 118.270 -31.232  10.0 2.66 MW ML2MW
2017 10 30 2030 117.781 -30.990  10.0 2.74 MW ML2MW
2017 11 03 1339 118.808 -33.260  10.0 2.50 MW ML2MW
2017 11 03 2009 116.839 -32.823  10.0 2.33 MW ML2MW
2017 11 04 0741 116.650 -30.186  10.0 2.70 MW ML2MW
2017 11 04 1750 119.084 -31.673  10.0 2.47 MW ML2MW
2017 11 06 0137 118.371 -31.247  10.0 2.72 MW ML2MW
2017 11 09 0524 120.200 -22.513  10.0 2.87 MW ML2MW
2017 11 13 0256 117.650 -33.469  10.0 2.58 MW ML2MW
2017 11 13 0900 118.253 -31.665  10.0 2.51 MW ML2MW
2017 11 14 1929 117.891 -33.803  10.0 2.50 MW ML2MW
2017 11 16 0242 117.005 -32.534  10.0 2.42 MW ML2MW
2017 11 17 2037 118.450 -34.068  10.0 2.68 MW ML2MW
2017 11 18 0914 117.911 -30.830  10.0 2.42 MW ML2MW
2017 11 23 1849 116.979 -32.249  10.0 2.66 MW ML2MW
2017 11 23 1902 122.870 -31.635  10.0 2.79 MW ML2MW
2017 11 24 1849 121.203 -30.768  10.0 2.56 MW ML2MW
2017 11 26 0954 117.164 -30.160  10.0 2.50 MW ML2MW
2017 11 27 1039 116.693 -32.565  10.0 2.74 MW ML2MW
2017 11 30 1636 118.405 -33.990  10.0 2.41 MW ML2MW
2017 12 02 1626 116.249 -33.353  10.0 2.92 MW ML2MW
2017 12 03 1013 117.603 -31.119  10.0 2.43 MW ML2MW
2017 12 05 2254 117.154 -33.336  10.0 2.44 MW ML2MW
2017 12 06 1432 118.503 -33.175  10.0 2.62 MW ML2MW
2017 12 08 0258 117.765 -30.430  10.0 2.41 MW ML2MW
2017 12 08 0303 117.701 -30.537  10.0 2.34 MW ML2MW
2017 12 08 1249 117.056 -30.495  10.0 2.31 MW ML2MW
2017 12 15 0604 117.503 -32.751  10.0 2.80 MW ML2MW
2017 12 16 0903 117.323 -32.304  10.0 2.38 MW ML2MW
2017 12 18 2237 120.441 -20.968  10.0 2.66 MW ML2MW
2017 12 21 1547 118.344 -33.997  10.0 2.65 MW ML2MW
2017 12 25 0955 117.609 -31.105  10.0 2.59 MW ML2MW
2017 12 25 1128 117.991 -30.774  10.0 2.22 MW ML2MW
2017 12 26 0118 117.255 -30.441  10.0 2.25 MW ML2MW
2017 12 31 1838 117.577 -31.173  10.0 2.34 MW ML2MW
2018 01 03 1953 117.244 -31.943  10.0 2.34 MW ML2MW
2018 01 06 1516 119.053 -30.842  10.0 2.62 MW ML2MW
2018 01 08 1205 118.312 -31.338  10.0 2.48 MW ML2MW
2018 01 09 1930 117.260 -30.465  10.0 2.52 MW ML2MW
2018 01 13 2107 116.945 -31.026  10.0 2.37 MW ML2MW
2018 01 16 1349 117.539 -31.163  10.0 2.53 MW ML2MW
2018 01 29 0859 117.139 -30.716  10.0 2.15 MW ML2MW
2018 01 31 0343 116.911 -30.259  10.0 2.35 MW ML2MW
2018 02 02 0823 118.289 -33.597  10.0 2.70 MW ML2MW
2018 02 06 2216 121.477 -30.754  10.0 2.78 MW ML2MW
2018 02 11 1105 117.257 -31.996  10.0 2.22 MW ML2MW
2018 02 14 1825 117.551 -32.786  10.0 2.67 MW ML2MW
2018 02 18 1327 117.951 -30.797  10.0 2.21 MW ML2MW
2018 02 19 0944 119.125 -33.231  10.0 2.69 MW ML2MW
2018 02 27 0250 117.175 -32.147  10.0 2.55 MW ML2MW
2018 03 01 1604 117.307 -32.480   9.1 2.42 MW ML2MW
2018 03 09 0139 117.403 -30.088  10.0 2.20 MW ML2MW
2018 03 10 1237 116.746 -30.174  10.0 2.81 MW ML2MW
2018 03 16 0405 116.765 -33.829  10.0 2.88 MW ML2MW
2018 03 24 1244 121.513 -33.569  10.0 2.69 MW ML2MW
2018 03 25 1059 117.985 -32.656  10.0 2.40 MW ML2MW
2018 03 29 1505 116.263 -33.332  10.0 2.46 MW ML2MW
2018 03 29 1827 119.041 -33.188  10.0 2.68 MW ML2MW
2018 03 31 1745 117.735 -29.126  10.0 2.88 MW ML2MW
2018 04 01 1456 117.984 -32.675  10.0 2.52 MW ML2MW
2018 04 05 1255 116.097 -28.676  10.0 2.21 MW ML2MW
2018 04 17 1107 117.121 -32.142  10.0 2.33 MW ML2MW
2018 04 20 0150 118.639 -20.562   3.1 2.78 MW ML2MW
2018 04 20 0537 116.670 -29.282  10.0 2.90 MW ML2MW
2018 04 21 0242 117.402 -30.091  10.0 2.77 MW ML2MW
2018 04 23 0538 116.465 -29.375  10.0 2.82 MW ML2MW
2018 04 23 1622 118.804 -31.043  10.0 2.59 MW ML2MW
2018 04 24 1540 117.971 -34.008  10.0 2.37 MW ML2MW
2018 04 25 0052 116.225 -21.280  10.0 2.68 MW ML2MW
2018 04 26 0821 117.264 -32.008  10.0 2.57 MW ML2MW
2018 04 27 1445 119.618 -33.644  10.0 2.78 MW ML2MW
2018 04 28 2142 118.355 -31.218  10.0 2.55 MW ML2MW
2018 05 05 1327 121.177 -30.807  10.0 2.18 MW ML2MW
2018 05 05 1540 117.764 -30.409  10.0 2.31 MW ML2MW
2018 05 05 2306 117.217 -30.447  10.0 2.48 MW ML2MW
2018 05 06 2117 116.567 -30.684  10.0 2.74 MW ML2MW
2018 05 10 1826 117.841 -32.719  10.0 2.47 MW ML2MW
2018 05 11 0843 117.275 -30.093  10.0 2.48 MW ML2MW
2018 05 12 2243 117.054 -30.863  10.0 2.42 MW ML2MW
2018 05 16 1938 116.631 -30.668  10.0 2.24 MW ML2MW
2018 05 17 0143 121.411 -30.811  10.0 2.90 MW ML2MW
2018 06 04 1724 116.627 -30.186  10.0 2.65 MW ML2MW
2018 06 05 1712 117.350 -32.441  10.0 2.90 MW ML2MW
2018 06 13 1217 117.175 -30.466  10.0 2.68 MW ML2MW
2018 06 21 0838 116.598 -30.195  10.0 2.72 MW ML2MW
2018 07 02 2233 119.821 -28.565  10.0 2.99 MW ML2MW
2018 07 06 0450 117.162 -22.908  10.0 2.76 MW ML2MW
2018 07 16 1845 117.200 -32.167  10.0 2.34 MW ML2MW
2018 07 27 0433 117.165 -30.965  10.0 2.50 MW ML2MW
2018 07 27 1025 116.366 -30.324  10.0 2.43 MW ML2MW
2018 08 08 0535 117.195 -32.191  10.0 2.70 MW ML2MW
2018 08 12 0818 117.309 -32.487  10.0 2.92 MW ML2MW
2018 08 20 2330 117.142 -30.528  10.0 2.86 MW ML2MW
2018 08 24 1745 117.638 -30.394  10.0 2.35 MW ML2MW
2018 08 27 0917 116.920 -27.644  10.0 2.89 MW ML2MW
2018 08 31 1459 117.549 -33.089  10.0 2.92 MW ML2MW
2018 09 07 0758 118.050 -33.036  10.0 2.60 MW ML2MW
2018 09 07 1653 121.037 -21.117  10.0 2.66 MW ML2MW
2018 09 11 0803 117.283 -30.355  10.0 2.75 MW ML2MW
2018 09 16 0523 116.959 -34.385   2.9 2.87 MW ML2MW
2018 10 06 1840 117.322 -32.495   1.2 2.96 MW ML2MW
2018 10 09 1925 116.608 -33.833   0.6 2.42 MW ML2MW
2018 11 02 1307 117.231 -31.217  10.0 2.61 MW ML2MW
2018 11 04 1348 118.544 -33.962  10.0 2.86 MW ML2MW
2018 11 07 0926 117.795 -30.333  32.3 2.75 MW ML2MW
2018 11 14 1905 116.821 -30.663  10.0 2.65 MW ML2MW
2018 11 26 1607 116.967 -32.216   3.4 2.40 MW ML2MW
2018 11 27 1618 117.882 -30.767   0.0 2.48 MW ML2MW
2018 12 03 0236 117.183 -32.132  10.0 2.44 MW ML2MW
2018 12 04 1220 116.345 -31.788  12.9 2.64 MW ML2MW
2018 12 14 1623 117.190 -30.473  10.0 2.52 MW ML2MW
2018 12 16 0504 117.654 -30.636  10.0 2.72 MW ML2MW
2018 12 18 0328 117.417 -30.672  10.0 2.54 MW ML2MW
2019 01 09 1949 118.241 -31.398  10.0 2.37 MW ML2MW
2019 01 10 1809 117.336 -32.482   0.0 2.86 MW ML2MW
2019 01 11 1603 117.685 -30.633  10.0 2.52 MW ML2MW
2019 01 12 0505 121.342 -30.869  10.0 2.72 MW ML2MW
2019 01 15 1909 116.730 -32.979  10.0 2.49 MW ML2MW
2019 01 16 1404 119.216 -33.136  10.0 2.66 MW ML2MW
2019 01 16 2116 117.181 -30.306  10.0 2.62 MW ML2MW
2019 01 24 1203 117.686 -30.636   2.4 2.54 MW ML2MW
2019 01 25 1700 118.273 -30.710   0.0 2.81 MW ML2MW
2019 01 25 1701 118.179 -30.818  10.0 2.52 MW ML2MW
2019 01 28 0647 118.077 -33.893  10.0 2.59 MW ML2MW
2019 02 05 1725 120.677 -22.751  10.0 2.79 MW ML2MW
2019 02 11 1440 117.769 -30.540  10.0 2.66 MW ML2MW
2019 02 12 1551 116.352 -31.237  10.0 2.68 MW ML2MW
2019 02 22 1403 118.230 -33.869  10.0 2.66 MW ML2MW
2019 02 22 1543 118.139 -33.780  10.0 2.68 MW ML2MW
2019 02 27 1347 118.634 -20.378  10.0 2.75 MW ML2MW
2019 03 03 2206 118.109 -33.671  10.0 2.70 MW ML2MW
2019 03 04 1558 122.228 -28.802  10.0 2.81 MW ML2MW
2019 03 06 1900 118.246 -33.424  10.0 2.78 MW ML2MW
2019 03 07 1421 117.838 -30.640  10.0 2.62 MW ML2MW
2019 03 14 0516 116.265 -31.185   0.0 2.30 MW ML2MW
2019 03 26 0914 117.200 -32.144  10.0 2.76 MW ML2MW
2019 04 02 1146 116.938 -24.776   0.0 2.87 MW ML2MW
2019 04 03 0533 116.649 -30.456   4.4 2.68 MW ML2MW
2019 04 07 0329 116.482 -30.246   0.0 2.82 MW ML2MW
2019 04 12 0007 117.772 -30.536   0.0 2.76 MW ML2MW
2019 04 13 1618 118.172 -33.943  10.6 2.59 MW ML2MW
2019 04 20 0437 117.151 -22.931  12.1 2.77 MW ML2MW
2019 04 20 1032 118.122 -33.902   0.0 2.70 MW ML2MW
2019 04 27 1726 117.705 -30.879  10.0 2.08 MW ML2MW
2019 05 01 1356 121.230 -30.846  10.0 2.79 MW ML2MW
2019 05 26 1731 117.276 -32.017  10.0 2.46 MW ML2MW
2019 06 02 0032 117.716 -31.384  10.0 2.70 MW ML2MW
2019 06 02 0156 117.294 -32.508   0.6 2.30 MW ML2MW
2019 06 02 1014 118.644 -33.266  10.0 3.00 MW ML2MW
2019 06 02 1551 117.431 -34.407  10.0 2.38 MW ML2MW
2019 06 08 0904 117.272 -31.181  10.0 2.68 MW ML2MW
2019 06 19 0037 117.296 -31.156  10.0 2.71 MW ML2MW
2019 06 19 1226 117.600 -31.164  10.0 2.23 MW ML2MW
2019 06 20 0916 117.672 -30.460  10.0 2.91 MW ML2MW
2019 06 20 1135 117.677 -30.628  10.0 2.68 MW ML2MW
2019 06 20 1511 119.067 -33.073  10.0 2.54 MW ML2MW
2019 06 20 1547 119.170 -33.197  10.0 3.00 MW ML2MW
2019 06 21 1200 117.884 -33.604  10.0 2.59 MW ML2MW
2019 06 25 0258 116.548 -30.241  10.0 2.76 MW ML2MW
2019 06 26 0039 116.289 -30.907   0.0 2.45 MW ML2MW
2019 06 29 1313 117.620 -30.515  10.0 2.67 MW ML2MW
2019 06 29 1318 117.694 -30.426  10.0 2.74 MW ML2MW
2019 06 29 1842 117.720 -30.422  10.0 2.71 MW ML2MW
2019 06 30 0523 116.833 -32.656  10.0 2.64 MW ML2MW
2019 07 01 1512 117.111 -30.595  10.0 2.60 MW ML2MW
2019 07 07 0022 117.201 -32.137  10.0 2.81 MW ML2MW
2019 07 07 1455 117.415 -30.569  10.0 2.67 MW ML2MW
2019 07 08 2112 116.941 -32.448  10.0 2.37 MW ML2MW
2019 07 11 0254 116.500 -30.257  10.0 2.85 MW ML2MW
2019 07 15 2022 118.941 -32.305  10.0 2.54 MW ML2MW
2019 07 23 1353 117.728 -30.883  10.0 2.71 MW ML2MW
2019 07 26 0821 121.808 -30.713  10.0 2.90 MW ML2MW
2019 08 01 1842 116.884 -25.328  10.0 2.65 MW ML2MW
2019 08 04 0449 116.538 -30.248  10.0 2.78 MW ML2MW
2019 08 06 2244 121.173 -30.786  10.0 2.76 MW ML2MW
2019 08 10 1456 117.501 -30.536  10.5 2.28 MW ML2MW
2019 08 30 0856 116.924 -30.537  10.0 2.63 MW ML2MW
2019 09 03 0721 117.543 -31.142  10.0 2.57 MW ML2MW
2019 09 05 1728 118.294 -33.556  10.0 2.51 MW ML2MW
2019 09 06 0734 117.926 -33.687  10.0 2.76 MW ML2MW
2019 09 15 1505 117.776 -32.752  10.0 2.47 MW ML2MW
2019 09 15 2323 117.459 -30.348  10.0 2.73 MW ML2MW
2019 09 16 1639 117.294 -32.528  10.0 2.53 MW ML2MW
2019 09 18 1921 118.520 -30.563  10.0 2.75 MW ML2MW
2019 09 19 0948 117.777 -31.615   5.2 2.49 MW ML2MW
2019 09 30 1255 122.466 -32.605  10.0 2.84 MW ML2MW
2019 10 01 1955 118.069 -33.318  10.0 2.57 MW ML2MW
2019 10 11 1655 117.691 -33.492  10.0 2.65 MW ML2MW
2019 11 02 0341 120.233 -32.971  10.0 2.88 MW ML2MW
2019 11 02 1147 117.776 -30.250  10.0 2.62 MW ML2MW
2019 11 08 2344 117.089 -30.787  10.0 2.15 MW ML2MW
2019 11 17 1211 123.392 -31.332  10.0 2.83 MW ML2MW
2019 11 19 0249 117.080 -30.786  10.0 2.74 MW ML2MW
2019 11 27 1401 117.260 -30.371  10.0 2.76 MW ML2MW
2019 12 04 1713 118.010 -32.601  10.0 2.28 MW ML2MW
2019 12 10 0726 116.331 -30.688  10.0 2.56 MW ML2MW
2019 12 10 2025 117.087 -33.275  10.0 2.48 MW ML2MW
2019 12 12 0321 116.401 -31.218  10.0 2.30 MW ML2MW
2019 12 15 0447 117.092 -30.587  10.0 2.48 MW ML2MW
2019 12 19 1524 116.933 -33.512  10.0 2.82 MW ML2MW
2019 12 23 0048 118.464 -33.507  10.0 2.63 MW ML2MW
2019 12 23 1227 117.476 -31.240  10.0 2.63 MW ML2MW
2019 12 23 1709 116.301 -32.101  10.0 2.54 MW ML2MW
2019 12 30 1226 117.481 -31.232  10.0 2.90 MW ML2MW
2019 12 30 1552 117.581 -31.116  10.0 2.51 MW ML2MW
2020 01 02 2336 118.506 -33.508  10.0 2.75 MW ML2MW
2020 01 08 1338 117.647 -30.509  10.0 2.72 MW ML2MW
2020 01 13 1239 117.802 -34.102  10.0 2.89 MW ML2MW
2020 01 14 1253 121.210 -30.728   1.7 2.94 MW ML2MW
2020 01 16 1142 117.617 -31.075  10.0 2.32 MW ML2MW
2020 01 19 0702 118.108 -33.063  10.0 2.40 MW ML2MW
2020 01 20 1519 118.460 -33.509   7.1 2.59 MW ML2MW
2020 01 24 0228 117.185 -30.591  10.0 2.95 MW ML2MW
2020 02 07 0607 117.552 -31.194  10.0 2.22 MW ML2MW
2020 02 07 1259 117.000 -30.553  10.0 2.94 MW ML2MW
2020 02 12 1047 116.822 -28.840  10.0 2.77 MW ML2MW
2020 02 12 1423 117.444 -33.615  10.0 2.47 MW ML2MW
2020 02 13 1913 116.980 -30.590  10.0 2.36 MW ML2MW
2020 02 18 1940 117.745 -33.546  10.0 2.66 MW ML2MW
2020 02 22 1543 117.896 -30.870  10.0 2.59 MW ML2MW
2020 02 24 2017 117.820 -33.384  10.0 2.57 MW ML2MW
2020 02 28 1029 117.303 -30.912  10.0 2.62 MW ML2MW
2020 03 02 0822 118.005 -30.793  10.0 2.91 MW ML2MW
2020 03 05 0645 116.439 -29.815  10.0 2.70 MW ML2MW
2020 03 11 1537 116.181 -25.720  10.0 2.80 MW ML2MW
2020 03 12 1310 117.354 -32.535  10.0 2.48 MW ML2MW
2020 03 15 1622 120.501 -21.338  10.0 2.62 MW ML2MW
2020 03 16 1419 116.983 -30.564  10.0 2.68 MW ML2MW
2020 03 20 1315 118.119 -30.789  10.0 2.42 MW ML2MW
2020 03 24 1407 116.980 -30.546  10.0 2.43 MW ML2MW
2020 03 29 2150 117.995 -30.852  10.0 2.51 MW ML2MW
2020 03 31 1006 117.724 -33.370  10.0 2.51 MW ML2MW
2020 04 01 2256 117.009 -30.563  10.0 2.55 MW ML2MW
2020 04 06 2119 117.787 -33.340  10.0 2.48 MW ML2MW
2020 04 11 0503 117.801 -30.930  10.0 2.48 MW ML2MW
2020 04 11 1641 118.188 -33.850  10.0 2.95 MW ML2MW
2020 04 12 1112 117.901 -30.875  10.0 2.46 MW ML2MW
2020 04 23 1104 117.909 -30.837  10.0 2.59 MW ML2MW
2020 04 23 1105 118.081 -30.789  10.0 2.60 MW ML2MW
2020 04 24 1740 116.533 -30.250  10.0 2.10 MW ML2MW
2020 04 25 1703 119.676 -32.280  10.0 2.69 MW ML2MW
2020 04 28 0520 123.660 -28.044  10.0 2.93 MW ML2MW
2020 04 28 0619 117.695 -30.379  10.0 2.70 MW ML2MW
2020 04 28 1843 118.507 -33.178  10.0 2.53 MW ML2MW
2020 05 05 1822 117.784 -30.266  10.0 2.82 MW ML2MW
2020 05 09 1113 117.093 -30.874  10.0 2.50 MW ML2MW
2020 05 21 0319 116.394 -29.870  10.0 2.78 MW ML2MW
2020 05 29 2248 118.031 -30.787  10.0 2.67 MW ML2MW
2020 05 30 1152 117.281 -32.448  10.0 2.46 MW ML2MW
2020 06 03 2051 117.222 -31.986  10.0 2.73 MW ML2MW
2020 06 05 0520 124.384 -29.232  10.0 2.96 MW ML2MW
2020 06 07 0223 120.075 -27.724  10.0 2.82 MW ML2MW
2020 06 13 2024 117.864 -31.820  10.0 2.70 MW ML2MW
2020 06 13 2322 117.883 -31.824  10.0 2.73 MW ML2MW
2020 06 17 0617 116.630 -30.786  10.0 2.89 MW ML2MW
2020 06 29 2136 118.227 -33.819  10.0 2.94 MW ML2MW
2020 07 02 0546 119.171 -29.727  10.0 2.63 MW ML2MW
2020 07 03 0406 116.625 -30.664  10.0 2.51 MW ML2MW
2020 07 11 1232 117.737 -33.441  10.0 2.94 MW ML2MW
2020 07 13 1113 116.615 -30.667  10.0 2.78 MW ML2MW
2020 07 16 0428 121.537 -30.605   1.8 2.92 MW ML2MW
2020 07 17 1701 117.733 -30.409   6.5 2.90 MW ML2MW
2020 07 28 2322 116.217 -24.686  10.0 2.83 MW ML2MW
2020 07 31 2320 117.677 -30.367   1.9 2.96 MW ML2MW
2020 08 01 0517 119.977 -33.433   5.0 2.75 MW ML2MW
2020 08 10 0326 118.582 -34.223   2.3 2.97 MW ML2MW
2020 08 11 1126 119.238 -31.390  10.0 2.81 MW ML2MW
2020 08 14 1553 121.425 -30.785   1.8 2.71 MW ML2MW
2020 08 18 0835 118.306 -33.868   5.0 2.77 MW ML2MW
2020 08 19 1657 115.848 -25.514  10.0 2.70 MW ML2MW
2020 08 20 0153 117.019 -25.447  10.0 2.87 MW ML2MW
2020 08 20 0620 116.211 -21.256  10.0 2.80 MW ML2MW
2020 08 24 2029 118.688 -33.096   8.2 2.57 MW ML2MW
2020 08 30 1449 117.201 -25.389   5.0 2.87 MW ML2MW
2020 09 15 0233 116.636 -20.401  10.0 2.76 MW ML2MW
2020 09 23 0109 116.317 -31.137   5.0 2.51 MW ML2MW
2020 10 04 1804 122.764 -32.168   1.2 2.99 MW ML2MW
2020 10 05 0936 121.455 -30.755   6.8 2.88 MW ML2MW
2020 10 06 1036 118.945 -32.297   5.8 2.82 MW ML2MW
2020 10 08 0400 118.003 -30.602   1.3 2.50 MW ML2MW
2020 10 13 2203 119.137 -33.273   5.0 2.49 MW ML2MW
2020 10 23 0358 121.362 -30.766   0.9 2.79 MW ML2MW
2020 10 24 0959 118.368 -33.628   5.7 2.65 MW ML2MW
2020 10 27 0135 119.116 -33.246   1.1 2.66 MW ML2MW
2020 10 30 1503 119.316 -32.399   0.9 2.70 MW ML2MW
2020 10 31 0302 118.356 -33.620   2.8 2.85 MW ML2MW
2020 11 05 1446 119.280 -32.397   5.0 2.77 MW ML2MW
2020 11 12 0631 117.212 -31.978   5.0 2.42 MW ML2MW
2020 11 14 2043 118.040 -33.793   5.0 2.75 MW ML2MW
2020 11 15 1322 117.710 -27.337  10.0 2.79 MW ML2MW
2020 11 16 2034 117.241 -30.257   3.9 2.72 MW ML2MW
2020 11 18 1820 119.691 -32.374   5.0 2.76 MW ML2MW
2020 11 19 2043 117.391 -32.176   5.0 2.32 MW ML2MW
2020 11 19 2054 117.073 -31.691   6.9 2.31 MW ML2MW
2020 11 21 1545 117.221 -31.971   5.0 2.82 MW ML2MW
2020 11 26 1011 122.793 -32.098  10.0 2.96 MW ML2MW
2020 11 30 0655 117.672 -31.358   1.7 2.75 MW ML2MW
2020 12 09 1325 116.775 -30.506   5.0 2.25 MW ML2MW
2020 12 11 0559 117.323 -31.402   0.6 2.79 MW ML2MW
2020 12 15 0810 117.398 -31.228  10.0 2.73 MW ML2MW
2020 12 17 0849 120.380 -21.152  10.0 2.92 MW ML2MW
2020 12 18 1822 119.018 -31.248  10.0 2.74 MW ML2MW
2020 12 28 1740 117.340 -31.990   8.1 2.90 MW ML2MW
2020 12 30 1221 117.843 -31.859   0.8 2.87 MW ML2MW
2021 01 06 2356 116.883 -28.797  10.0 2.99 MW ML2MW
2021 01 15 0259 117.331 -32.492   5.0 2.66 MW ML2MW
2021 01 15 1028 117.186 -31.976   0.7 2.54 MW ML2MW
2021 01 18 1518 117.242 -30.474   7.3 2.74 MW ML2MW
2021 01 24 2234 116.383 -29.851   5.0 2.73 MW ML2MW
2021 01 27 1335 117.450 -32.308   5.0 2.31 MW ML2MW
2021 01 27 2031 116.906 -28.787  10.0 2.81 MW ML2MW
2021 02 01 0750 117.279 -30.947   8.5 2.63 MW ML2MW
2021 02 05 2237 117.070 -30.928   2.0 2.43 MW ML2MW
2021 02 07 1824 117.020 -32.272   8.7 2.83 MW ML2MW
2021 02 15 0416 117.316 -32.477   2.1 2.54 MW ML2MW
2021 02 19 1011 117.834 -31.602   3.9 2.40 MW ML2MW
2021 02 25 0241 117.156 -32.127   1.8 2.51 MW ML2MW
2021 02 28 1047 122.457 -32.590   5.0 2.91 MW ML2MW
2021 03 13 2229 117.232 -31.978   5.0 2.76 MW ML2MW
2021 03 19 1113 117.239 -31.980   5.0 2.86 MW ML2MW
2021 03 26 0628 117.367 -31.767   2.1 2.83 MW ML2MW
2021 03 26 1100 117.826 -33.578   1.6 2.42 MW ML2MW
2021 04 09 1549 117.038 -30.540   1.7 2.72 MW ML2MW
2021 04 25 0819 121.173 -31.339   5.0 2.62 MW ML2MW
2021 05 13 2245 117.139 -30.756   1.4 2.95 MW ML2MW
2021 05 18 1920 117.502 -31.173  10.0 2.63 MW ML2MW
2021 05 25 2147 121.424 -30.867   5.0 2.97 MW ML2MW
2021 05 27 0032 116.966 -31.645   5.0 2.67 MW ML2MW
2021 05 29 1608 117.193 -31.995   5.1 2.47 MW ML2MW
2021 06 06 1725 117.041 -31.655   5.0 3.00 MW ML2MW
2021 06 07 0905 117.665 -31.246   5.1 2.99 MW ML2MW
2021 06 08 1149 117.743 -30.404   1.3 2.84 MW ML2MW
2021 07 07 1803 117.794 -30.890   2.1 2.98 MW ML2MW
2021 07 08 1018 118.457 -33.113   1.8 2.71 MW ML2MW
2021 07 18 2134 118.244 -33.873   5.0 2.70 MW ML2MW
2021 07 19 1415 117.583 -31.881   1.6 2.95 MW ML2MW
2021 08 02 1151 117.126 -31.681   6.6 2.42 MW ML2MW
2021 08 06 1909 117.239 -32.001   5.6 2.22 MW ML2MW
2021 08 09 0930 117.222 -31.401   1.6 2.91 MW ML2MW
2021 08 14 1634 116.581 -29.876   5.0 2.49 MW ML2MW
2021 08 15 1641 120.326 -20.711  10.0 2.87 MW ML2MW
2021 08 31 1540 117.650 -31.428   0.7 2.51 MW ML2MW
2021 09 05 0505 122.397 -32.383  10.0 2.90 MW ML2MW
2021 09 16 2137 117.233 -31.961   5.0 2.92 MW ML2MW
2021 09 19 0141 116.805 -20.358  10.0 2.63 MW ML2MW
2021 09 20 0503 117.240 -30.945   2.3 2.71 MW ML2MW
2021 09 21 1853 118.602 -20.706   0.6 2.41 MW ML2MW
2021 09 23 1034 119.213 -33.215   5.0 2.86 MW ML2MW
