#File_name	N0	b_value	Area
D_110.00_-33.50_0.25	183.68	0.99	2576
D_110.50_-27.00_0.25	248.51	1.00	2749
D_110.50_-29.00_0.25	66.10	1.00	2699
D_111.00_-19.50_0.25	614.36	1.09	2905
D_111.00_-25.00_0.25	371.04	1.09	2795
D_111.00_-31.50_0.25	56.08	1.00	2633
D_111.00_-35.00_0.25	750.32	0.99	2531
D_111.50_-20.00_0.25	7027.24	1.09	2896
D_111.50_-21.50_0.25	59.25	1.00	2868
D_111.50_-24.50_0.25	153.52	1.09	2806
D_111.50_-25.00_0.25	409.82	1.09	2795
D_111.50_-26.50_0.25	157.75	1.09	2761
D_111.50_-27.00_0.25	122.59	1.09	2749
D_111.50_-31.50_0.25	52.16	1.00	2633
D_111.50_-32.50_0.25	15.77	1.00	2605
D_112.00_-19.00_0.25	800.19	1.09	2913
D_112.00_-23.00_0.25	185.86	1.09	2838
D_112.00_-24.00_0.25	178.99	0.99	2817
D_112.00_-25.00_0.25	484.92	0.99	2795
D_112.00_-26.00_0.25	72.55	0.99	2772
D_112.00_-26.50_0.25	95.27	1.09	2761
D_112.00_-27.00_0.25	83.99	1.09	2749
D_112.00_-31.00_0.25	51.25	1.00	2647
D_112.00_-31.50_0.25	20.75	1.00	2633
D_112.00_-32.00_0.25	29.59	1.00	2619
D_112.00_-34.50_0.25	52.02	0.99	2546
D_112.50_-22.00_0.25	53.94	1.00	2858
D_112.50_-22.50_0.25	158.62	1.09	2848
D_112.50_-23.50_0.25	387.46	0.99	2828
D_112.50_-24.50_0.25	104.74	0.99	2806
D_112.50_-25.00_0.25	100.58	0.99	2795
D_112.50_-26.00_0.25	140.13	0.99	2772
D_112.50_-27.50_0.25	65.28	0.99	2737
D_112.50_-30.00_0.25	20.76	1.00	2673
D_112.50_-31.50_0.25	15.77	1.00	2633
D_113.00_-19.00_0.25	327.10	1.09	2913
D_113.00_-19.50_0.25	322.19	1.09	2905
D_113.00_-20.00_0.25	966.39	1.09	2896
D_113.00_-22.00_0.25	109.48	1.09	2858
D_113.00_-22.50_0.25	118.60	1.09	2848
D_113.00_-23.00_0.25	98.96	1.09	2838
D_113.00_-23.50_0.25	134.88	0.99	2828
D_113.00_-24.00_0.25	74.58	0.99	2817
D_113.00_-24.50_0.25	93.72	0.99	2806
D_113.00_-25.00_0.25	113.37	0.99	2795
D_113.00_-26.00_0.25	55.45	0.99	2772
D_113.00_-26.50_0.25	39.42	0.99	2761
D_113.00_-27.00_0.25	93.50	0.99	2749
D_113.00_-27.50_0.25	57.82	0.99	2737
D_113.00_-28.50_0.25	78.59	1.09	2712
D_113.00_-29.00_0.25	44.11	1.09	2699
D_113.00_-29.50_0.25	27.01	1.09	2687
D_113.00_-30.50_0.25	38.14	1.00	2660
D_113.50_-19.50_0.25	251.62	1.09	2905
D_113.50_-20.00_0.25	670.83	1.09	2896
D_113.50_-20.50_0.25	162.54	1.09	2887
D_113.50_-21.50_0.25	67.41	1.09	2868
D_113.50_-22.00_0.25	88.94	0.99	2858
D_113.50_-22.50_0.25	135.70	1.09	2848
D_113.50_-23.00_0.25	70.36	0.99	2838
D_113.50_-23.50_0.25	42.74	0.99	2828
D_113.50_-24.00_0.25	168.13	0.99	2817
D_113.50_-24.50_0.25	97.17	0.99	2806
D_113.50_-25.00_0.25	68.55	0.99	2795
D_113.50_-26.00_0.25	133.56	0.99	2772
D_113.50_-27.50_0.25	38.73	0.99	2737
D_113.50_-28.00_0.25	22.34	0.99	2725
D_113.50_-28.50_0.25	29.28	0.99	2712
D_113.50_-29.00_0.25	56.03	1.09	2699
D_113.50_-30.00_0.25	74.53	1.09	2673
D_113.50_-30.50_0.25	30.30	1.00	2660
D_113.50_-31.00_0.25	10.15	1.00	2647
D_113.50_-31.50_0.25	10.15	1.00	2633
D_113.50_-33.50_0.25	24.91	1.09	2576
D_114.00_-19.00_0.25	268.28	1.09	2913
D_114.00_-19.50_0.25	424.33	1.09	2905
D_114.00_-20.00_0.25	486.10	1.09	2896
D_114.00_-20.50_0.25	191.62	1.09	2887
D_114.00_-21.00_0.25	321.33	1.09	2877
D_114.00_-21.50_0.25	117.85	1.09	2868
D_114.00_-22.00_0.25	77.09	0.99	2858
D_114.00_-22.50_0.25	111.62	0.99	2848
D_114.00_-23.00_0.25	224.31	0.99	2838
D_114.00_-23.50_0.25	21.44	0.99	2828
D_114.00_-24.00_0.25	30.02	0.99	2817
D_114.00_-24.50_0.25	76.49	0.99	2806
D_114.00_-27.00_0.25	40.93	0.99	2749
D_114.00_-27.50_0.25	34.72	0.99	2737
D_114.00_-28.00_0.25	65.47	0.99	2725
D_114.00_-28.50_0.25	12.55	0.99	2712
D_114.00_-29.00_0.25	35.46	0.99	2699
D_114.00_-29.50_0.25	30.42	0.99	2687
D_114.00_-30.00_0.25	20.60	1.09	2673
D_114.00_-31.50_0.25	15.21	1.00	2633
D_114.00_-32.00_0.25	37.98	1.00	2619
D_114.00_-33.00_0.25	31.59	0.99	2591
D_114.50_-19.00_0.25	268.88	1.09	2913
D_114.50_-19.50_0.25	4244.09	1.09	2905
D_114.50_-20.00_0.25	162.39	1.09	2896
D_114.50_-20.50_0.25	162.39	1.09	2887
D_114.50_-21.00_0.25	19.98	0.99	2877
D_114.50_-21.50_0.25	39.48	0.99	2868
D_114.50_-22.00_0.25	47.85	0.99	2858
D_114.50_-22.50_0.25	60.21	0.99	2848
D_114.50_-23.00_0.25	120.97	0.99	2838
D_114.50_-23.50_0.25	145.88	0.99	2828
D_114.50_-24.00_0.25	42.69	0.99	2817
D_114.50_-24.50_0.25	89.36	0.99	2806
D_114.50_-26.00_0.25	13.77	0.99	2772
D_114.50_-26.50_0.25	25.38	0.99	2761
D_114.50_-27.00_0.25	22.75	0.99	2749
D_114.50_-27.50_0.25	29.16	0.99	2737
D_114.50_-28.00_0.25	25.91	0.99	2725
D_114.50_-28.50_0.25	27.58	0.99	2712
D_114.50_-29.50_0.25	37.31	0.99	2687
D_114.50_-30.00_0.25	8.36	0.99	2673
D_114.50_-33.00_0.25	16.25	0.99	2591
D_114.50_-33.50_0.25	85.70	0.99	2576
D_114.50_-34.00_0.25	18.82	0.99	2561
D_114.50_-34.50_0.25	18.07	0.99	2546
D_114.50_-36.00_0.25	39.17	1.09	2501
D_115.00_-20.50_0.25	27.65	0.99	2887
D_115.00_-21.00_0.25	68.13	0.99	2877
D_115.00_-21.50_0.25	143.94	0.99	2868
D_115.00_-22.00_0.25	156.41	0.95	2858
D_115.00_-23.00_0.25	57.51	0.95	2838
D_115.00_-23.50_0.25	41.36	0.99	2828
D_115.00_-24.00_0.25	71.61	0.99	2817
D_115.00_-24.50_0.25	124.44	0.99	2806
D_115.00_-25.00_0.25	25.16	0.99	2795
D_115.00_-27.00_0.25	56.47	0.99	2749
D_115.00_-27.50_0.25	19.13	0.99	2737
D_115.00_-29.50_0.25	16.98	0.99	2687
D_115.00_-33.50_0.25	8.04	0.99	2576
D_115.00_-34.00_0.25	16.32	0.99	2561
D_115.00_-34.50_0.25	20.87	0.99	2546
D_115.50_-18.50_0.25	126.20	1.09	2922
D_115.50_-19.50_0.25	98.08	1.09	2905
D_115.50_-20.50_0.25	36.73	0.99	2887
D_115.50_-21.50_0.25	64.72	0.95	2868
D_115.50_-22.00_0.25	19.87	0.95	2858
D_115.50_-22.50_0.25	17.86	0.95	2848
D_115.50_-23.00_0.25	24.39	0.95	2838
D_115.50_-23.50_0.25	53.05	0.95	2828
D_115.50_-24.00_0.25	23.33	0.95	2817
D_115.50_-24.50_0.25	27.26	0.95	2806
D_115.50_-25.00_0.25	120.37	0.99	2795
D_115.50_-25.50_0.25	88.64	0.99	2784
D_115.50_-26.00_0.25	37.49	0.95	2772
D_115.50_-27.50_0.25	29.03	1.12	2737
D_115.50_-28.00_0.25	26.26	1.12	2725
D_115.50_-28.50_0.25	26.26	1.12	2712
D_115.50_-29.00_0.25	16.46	0.99	2699
D_115.50_-29.50_0.25	12.97	0.99	2687
D_115.50_-30.00_0.25	15.78	0.99	2673
D_115.50_-30.50_0.25	7.72	0.99	2660
D_115.50_-31.00_0.25	5.53	0.99	2647
D_115.50_-33.50_0.25	7.61	0.99	2576
D_115.50_-36.00_0.25	32.47	1.09	2501
D_116.00_-20.00_0.25	68.21	0.99	2896
D_116.00_-20.50_0.25	58.10	0.99	2887
D_116.00_-21.00_0.25	132.91	1.12	2877
D_116.00_-21.50_0.25	158.49	1.12	2868
D_116.00_-22.00_0.25	188.03	1.12	2858
D_116.00_-22.50_0.25	20.35	0.95	2848
D_116.00_-24.00_0.25	10.48	0.95	2817
D_116.00_-24.50_0.25	24.25	0.95	2806
D_116.00_-25.00_0.25	47.94	0.95	2795
D_116.00_-25.50_0.25	71.64	0.95	2784
D_116.00_-26.00_0.25	227.03	1.12	2772
D_116.00_-26.50_0.25	19.70	1.12	2761
D_116.00_-27.00_0.25	3686.23	1.12	2749
D_116.00_-28.00_0.25	31.70	1.12	2725
D_116.00_-28.50_0.25	107.44	1.12	2712
D_116.00_-29.00_0.25	66.18	1.12	2699
D_116.00_-30.00_0.25	24.97	1.12	2673
D_116.00_-30.50_0.25	34.88	1.12	2660
D_116.00_-31.00_0.25	10.66	0.99	2647
D_116.00_-31.50_0.25	5.53	0.99	2633
D_116.00_-33.00_0.25	19.25	1.12	2591
D_116.00_-33.50_0.25	37.36	1.12	2576
D_116.00_-35.00_0.25	8.09	0.95	2531
D_116.00_-35.50_0.25	94.69	1.09	2516
D_116.00_-36.50_0.25	53.60	1.09	2485
D_116.50_-19.00_0.25	22.33	0.99	2913
D_116.50_-19.50_0.25	39.84	0.99	2905
D_116.50_-20.00_0.25	92.57	0.99	2896
D_116.50_-20.50_0.25	243.75	1.12	2887
D_116.50_-21.00_0.25	87.37	1.12	2877
D_116.50_-21.50_0.25	90.63	1.12	2868
D_116.50_-22.00_0.25	128.95	1.12	2858
D_116.50_-24.00_0.25	11.74	0.95	2817
D_116.50_-24.50_0.25	39.27	0.95	2806
D_116.50_-25.00_0.25	31.75	0.95	2795
D_116.50_-25.50_0.25	72.24	0.95	2784
D_116.50_-26.00_0.25	79.67	1.12	2772
D_116.50_-26.50_0.25	42.78	1.12	2761
D_116.50_-27.50_0.25	36.68	1.12	2737
D_116.50_-29.00_0.25	54.31	1.12	2699
D_116.50_-29.50_0.25	108.23	1.12	2687
D_116.50_-30.00_0.25	82.24	1.12	2673
D_116.50_-30.50_0.25	401.21	1.12	2660
D_116.50_-31.00_0.25	902.71	1.12	2647
D_116.50_-31.50_0.25	130.44	1.12	2633
D_116.50_-32.00_0.25	105.96	1.12	2619
D_116.50_-32.50_0.25	14.46	1.12	2605
D_116.50_-33.00_0.25	16.55	1.12	2591
D_116.50_-33.50_0.25	47.58	1.12	2576
D_116.50_-34.50_0.25	9.04	0.95	2546
D_116.50_-36.00_0.25	33.87	1.09	2501
D_116.50_-37.50_0.25	62.13	1.09	2453
D_117.00_-17.00_0.25	196.34	1.09	2946
D_117.00_-17.50_0.25	99.66	1.09	2938
D_117.00_-19.00_0.25	17.77	0.99	2913
D_117.00_-19.50_0.25	60.20	0.99	2905
D_117.00_-20.00_0.25	49.24	1.12	2896
D_117.00_-20.50_0.25	119.64	1.12	2887
D_117.00_-21.00_0.25	198.86	1.12	2877
D_117.00_-21.50_0.25	166.53	1.12	2868
D_117.00_-22.50_0.25	38.02	1.12	2848
D_117.00_-23.00_0.25	45.84	1.12	2838
D_117.00_-25.00_0.25	68.20	0.95	2795
D_117.00_-25.50_0.25	214.97	1.12	2784
D_117.00_-26.50_0.25	29.03	1.12	2761
D_117.00_-27.00_0.25	29.03	1.12	2749
D_117.00_-27.50_0.25	22.41	1.12	2737
D_117.00_-28.00_0.25	112.79	1.12	2725
D_117.00_-29.00_0.25	99.82	1.12	2699
D_117.00_-29.50_0.25	19.16	1.12	2687
D_117.00_-30.00_0.25	232.17	1.12	2673
D_117.00_-30.50_0.25	787.22	1.12	2660
D_117.00_-31.00_0.25	2217.98	1.12	2647
D_117.00_-31.50_0.25	3683.74	1.12	2633
D_117.00_-32.00_0.25	277.44	1.12	2619
D_117.00_-32.50_0.25	309.63	1.12	2605
D_117.00_-33.00_0.25	113.72	1.12	2591
D_117.00_-33.50_0.25	220.70	1.12	2576
D_117.00_-34.00_0.25	122.46	1.12	2561
D_117.00_-34.50_0.25	67.22	0.95	2546
D_117.00_-36.00_0.25	31.29	1.09	2501
D_117.00_-37.00_0.25	29.98	1.09	2469
D_117.50_-18.50_0.25	38.70	0.99	2922
D_117.50_-19.00_0.25	84.73	0.99	2913
D_117.50_-19.50_0.25	46.82	0.99	2905
D_117.50_-20.00_0.25	119.30	1.12	2896
D_117.50_-20.50_0.25	72.57	1.12	2887
D_117.50_-24.00_0.25	7.67	0.95	2817
D_117.50_-24.50_0.25	9.51	0.95	2806
D_117.50_-25.00_0.25	63.81	0.95	2795
D_117.50_-26.00_0.25	42.99	1.12	2772
D_117.50_-26.50_0.25	37.60	1.12	2761
D_117.50_-27.00_0.25	67.68	1.12	2749
D_117.50_-27.50_0.25	69.92	1.12	2737
D_117.50_-29.00_0.25	20.81	1.12	2699
D_117.50_-29.50_0.25	28.19	1.12	2687
D_117.50_-30.00_0.25	116.64	1.12	2673
D_117.50_-30.50_0.25	785.14	1.12	2660
D_117.50_-31.00_0.25	427.55	1.12	2647
D_117.50_-31.50_0.25	205.38	1.12	2633
D_117.50_-32.00_0.25	389.71	1.12	2619
D_117.50_-32.50_0.25	27.82	1.12	2605
D_117.50_-33.00_0.25	37.96	1.12	2591
D_117.50_-33.50_0.25	175.87	1.12	2576
D_117.50_-34.00_0.25	178.09	1.12	2561
D_117.50_-34.50_0.25	37.71	0.95	2546
D_117.50_-35.00_0.25	16.83	0.95	2531
D_117.50_-36.00_0.25	31.29	1.09	2501
D_118.00_-18.00_0.25	79.11	0.99	2930
D_118.00_-18.50_0.25	35.27	0.99	2922
D_118.00_-19.00_0.25	67.78	0.99	2913
D_118.00_-19.50_0.25	134.10	1.12	2905
D_118.00_-20.00_0.25	56.26	1.12	2896
D_118.00_-21.50_0.25	646.30	1.12	2868
D_118.00_-22.50_0.25	41.96	1.12	2848
D_118.00_-23.50_0.25	120.68	1.12	2828
D_118.00_-24.00_0.25	18.14	0.95	2817
D_118.00_-25.00_0.25	37.74	0.95	2795
D_118.00_-25.50_0.25	49.10	1.12	2784
D_118.00_-30.00_0.25	92.07	1.12	2673
D_118.00_-30.50_0.25	467.66	1.12	2660
D_118.00_-31.00_0.25	282.34	1.12	2647
D_118.00_-31.50_0.25	55.09	1.12	2633
D_118.00_-32.00_0.25	71.69	1.12	2619
D_118.00_-32.50_0.25	50.59	1.12	2605
D_118.00_-33.00_0.25	52.74	1.12	2591
D_118.00_-33.50_0.25	243.48	1.12	2576
D_118.00_-34.00_0.25	135.17	1.12	2561
D_118.00_-35.00_0.25	20.75	0.95	2531
D_118.00_-36.50_0.25	52.12	1.09	2485
D_118.50_-16.50_0.25	643.13	1.09	2953
D_118.50_-18.00_0.25	116.96	0.99	2930
D_118.50_-18.50_0.25	63.41	0.99	2922
D_118.50_-19.00_0.25	32.53	0.99	2913
D_118.50_-19.50_0.25	107.75	1.12	2905
D_118.50_-20.00_0.25	23.41	1.12	2896
D_118.50_-20.50_0.25	562.97	1.12	2887
D_118.50_-22.00_0.25	34.22	1.12	2858
D_118.50_-25.00_0.25	25.94	1.12	2795
D_118.50_-26.00_0.25	29.40	1.12	2772
D_118.50_-26.50_0.25	22.80	1.12	2761
D_118.50_-30.50_0.25	219.13	1.12	2660
D_118.50_-31.00_0.25	67.56	1.12	2647
D_118.50_-31.50_0.25	50.05	1.12	2633
D_118.50_-32.00_0.25	38.64	1.12	2619
D_118.50_-33.00_0.25	32.65	1.12	2591
D_118.50_-33.50_0.25	230.21	1.12	2576
D_118.50_-34.00_0.25	145.16	1.12	2561
D_118.50_-34.50_0.25	12.66	0.95	2546
D_118.50_-35.00_0.25	14.05	0.95	2531
D_119.00_-17.00_0.25	64.96	0.99	2946
D_119.00_-17.50_0.25	23.06	0.99	2938
D_119.00_-18.00_0.25	210.34	0.99	2930
D_119.00_-18.50_0.25	127.40	0.99	2922
D_119.00_-19.00_0.25	45.47	0.99	2913
D_119.00_-20.00_0.25	49.92	1.12	2896
D_119.00_-21.00_0.25	26.64	1.12	2877
D_119.00_-21.50_0.25	196.05	1.12	2868
D_119.00_-22.00_0.25	95.59	1.12	2858
D_119.00_-22.50_0.25	195.22	1.12	2848
D_119.00_-27.00_0.25	33.26	1.12	2749
D_119.00_-27.50_0.25	20.03	1.12	2737
D_119.00_-29.50_0.25	36.85	1.12	2687
D_119.00_-30.50_0.25	43.16	1.12	2660
D_119.00_-31.00_0.25	66.93	1.12	2647
D_119.00_-31.50_0.25	88.19	1.12	2633
D_119.00_-32.00_0.25	80.44	1.12	2619
D_119.00_-32.50_0.25	140.72	1.12	2605
D_119.00_-33.00_0.25	113.55	1.12	2591
D_119.00_-33.50_0.25	71.35	1.12	2576
D_119.00_-34.00_0.25	34.10	1.12	2561
D_119.00_-35.00_0.25	7.91	0.95	2531
D_119.00_-37.00_0.25	26.43	1.09	2469
D_119.50_-17.00_0.25	124.12	0.99	2946
D_119.50_-17.50_0.25	98.17	0.99	2938
D_119.50_-18.00_0.25	97.42	0.99	2930
D_119.50_-18.50_0.25	27.69	0.99	2922
D_119.50_-19.00_0.25	20.48	0.99	2913
D_119.50_-19.50_0.25	34.50	1.12	2905
D_119.50_-20.00_0.25	320.02	1.12	2896
D_119.50_-20.50_0.25	146.73	1.12	2887
D_119.50_-21.00_0.25	116.83	1.12	2877
D_119.50_-21.50_0.25	37.67	1.12	2868
D_119.50_-22.00_0.25	26.64	1.12	2858
D_119.50_-22.50_0.25	112.04	1.12	2848
D_119.50_-23.00_0.25	75.32	1.12	2838
D_119.50_-23.50_0.25	261.71	1.12	2828
D_119.50_-27.00_0.25	25.94	1.12	2749
D_119.50_-27.50_0.25	25.80	1.12	2737
D_119.50_-28.50_0.25	18.41	1.12	2712
D_119.50_-30.00_0.25	18.41	1.12	2673
D_119.50_-31.50_0.25	37.58	1.12	2633
D_119.50_-32.00_0.25	70.95	1.12	2619
D_119.50_-32.50_0.25	106.77	1.12	2605
D_119.50_-33.00_0.25	114.51	1.12	2591
D_119.50_-33.50_0.25	22.50	1.12	2576
D_119.50_-34.00_0.25	26.21	1.12	2561
D_119.50_-34.50_0.25	26.11	0.95	2546
D_119.50_-35.00_0.25	19.35	1.09	2531
D_120.00_-16.50_0.25	947.13	0.99	2953
D_120.00_-17.50_0.25	64.57	0.95	2938
D_120.00_-18.00_0.25	60.19	0.95	2930
D_120.00_-18.50_0.25	40.40	0.95	2922
D_120.00_-19.00_0.25	11.16	0.95	2913
D_120.00_-20.50_0.25	215.19	1.12	2887
D_120.00_-21.00_0.25	1018.12	1.12	2877
D_120.00_-21.50_0.25	291.95	1.12	2868
D_120.00_-22.00_0.25	118.10	1.12	2858
D_120.00_-22.50_0.25	291.46	1.12	2848
D_120.00_-23.50_0.25	26.64	1.12	2828
D_120.00_-26.00_0.25	62.42	1.12	2772
D_120.00_-26.50_0.25	37.70	1.12	2761
D_120.00_-27.50_0.25	25.22	1.12	2737
D_120.00_-28.50_0.25	125.41	1.12	2712
D_120.00_-30.50_0.25	60.56	1.12	2660
D_120.00_-32.00_0.25	96.56	1.12	2619
D_120.00_-33.00_0.25	130.53	1.12	2591
D_120.00_-33.50_0.25	60.23	1.12	2576
D_120.00_-34.00_0.25	12.41	0.95	2561
D_120.00_-37.00_0.25	38.57	1.09	2469
D_120.50_-14.00_0.25	979.47	1.09	2988
D_120.50_-16.50_0.25	109.32	0.99	2953
D_120.50_-17.00_0.25	370.08	0.99	2946
D_120.50_-17.50_0.25	57.09	0.95	2938
D_120.50_-18.00_0.25	10.00	0.95	2930
D_120.50_-18.50_0.25	898.56	0.95	2922
D_120.50_-19.00_0.25	8.03	0.95	2913
D_120.50_-19.50_0.25	36.66	0.95	2905
D_120.50_-20.50_0.25	326.12	1.12	2887
D_120.50_-21.00_0.25	609.87	1.12	2877
D_120.50_-21.50_0.25	593.15	1.12	2868
D_120.50_-22.00_0.25	219.76	1.12	2858
D_120.50_-22.50_0.25	76.84	1.12	2848
D_120.50_-23.00_0.25	125.90	1.12	2838
D_120.50_-23.50_0.25	53.22	1.12	2828
D_120.50_-26.50_0.25	54.95	1.12	2761
D_120.50_-27.00_0.25	25.94	1.12	2749
D_120.50_-27.50_0.25	28.30	1.12	2737
D_120.50_-28.00_0.25	184.26	1.12	2725
D_120.50_-28.50_0.25	27.13	1.12	2712
D_120.50_-29.50_0.25	18.94	1.12	2687
D_120.50_-31.50_0.25	66.41	1.12	2633
D_120.50_-33.00_0.25	23.84	1.12	2591
D_120.50_-33.50_0.25	370.70	1.12	2576
D_120.50_-34.00_0.25	7.88	0.95	2561
D_120.50_-36.50_0.25	49.64	1.09	2485
D_121.00_-16.00_0.25	71.84	0.99	2961
D_121.00_-16.50_0.25	192.36	0.95	2953
D_121.00_-18.50_0.25	55.65	0.95	2922
D_121.00_-19.00_0.25	48.90	0.95	2913
D_121.00_-19.50_0.25	44.48	0.95	2905
D_121.00_-20.00_0.25	10.00	0.95	2896
D_121.00_-20.50_0.25	29.08	0.95	2887
D_121.00_-21.00_0.25	378.90	1.12	2877
D_121.00_-21.50_0.25	591.81	1.12	2868
D_121.00_-22.00_0.25	83.42	1.12	2858
D_121.00_-22.50_0.25	216.76	1.12	2848
D_121.00_-27.00_0.25	25.94	1.12	2749
D_121.00_-28.00_0.25	40.73	1.12	2725
D_121.00_-30.00_0.25	18.94	1.12	2673
D_121.00_-30.50_0.25	272.78	1.12	2660
D_121.00_-31.00_0.25	288.19	1.12	2647
D_121.00_-31.50_0.25	23.84	1.12	2633
D_121.00_-32.00_0.25	23.84	1.12	2619
D_121.00_-33.00_0.25	92.28	1.12	2591
D_121.00_-33.50_0.25	24.70	0.95	2576
D_121.00_-36.00_0.25	53.75	1.09	2501
D_121.50_-15.00_0.25	127.17	0.99	2975
D_121.50_-15.50_0.25	184.80	0.99	2968
D_121.50_-16.00_0.25	120.72	0.99	2961
D_121.50_-16.50_0.25	29.89	0.95	2953
D_121.50_-17.00_0.25	74.61	0.99	2946
D_121.50_-17.50_0.25	73.11	0.99	2938
D_121.50_-18.00_0.25	15.50	0.95	2930
D_121.50_-18.50_0.25	19.41	0.95	2922
D_121.50_-19.00_0.25	60.30	0.95	2913
D_121.50_-20.00_0.25	12.45	0.95	2896
D_121.50_-20.50_0.25	24.01	0.95	2887
D_121.50_-21.00_0.25	8.03	0.95	2877
D_121.50_-21.50_0.25	11.16	0.95	2868
D_121.50_-26.00_0.25	161.90	1.12	2772
D_121.50_-29.00_0.25	66.29	1.12	2699
D_121.50_-30.50_0.25	577.26	1.12	2660
D_121.50_-31.00_0.25	704.71	1.12	2647
D_121.50_-31.50_0.25	39.09	1.12	2633
D_121.50_-32.00_0.25	72.98	1.12	2619
D_121.50_-32.50_0.25	24.07	1.12	2605
D_121.50_-33.00_0.25	47.34	1.12	2591
D_121.50_-33.50_0.25	41.88	0.95	2576
D_121.50_-36.00_0.25	49.64	1.09	2501
D_121.50_-36.50_0.25	127.74	1.09	2485
D_122.00_-12.50_0.25	290.61	0.99	3006
D_122.00_-13.00_0.25	237.65	0.99	3000
D_122.00_-13.50_0.25	134.26	0.99	2994
D_122.00_-14.00_0.25	690.13	0.99	2988
D_122.00_-14.50_0.25	401.97	0.99	2981
D_122.00_-17.00_0.25	95.60	0.95	2946
D_122.00_-17.50_0.25	59.88	0.99	2938
D_122.00_-18.00_0.25	23.06	0.99	2930
D_122.00_-18.50_0.25	17.50	0.95	2922
D_122.00_-19.00_0.25	21.52	0.95	2913
D_122.00_-20.00_0.25	19.29	0.95	2896
D_122.00_-21.50_0.25	12.45	0.95	2868
D_122.00_-22.00_0.25	19.29	0.95	2858
D_122.00_-28.00_0.25	54.78	1.12	2725
D_122.00_-29.00_0.25	44.58	1.12	2699
D_122.00_-30.50_0.25	127.74	1.12	2660
D_122.00_-31.00_0.25	73.02	1.12	2647
D_122.00_-31.50_0.25	152.46	1.12	2633
D_122.00_-32.50_0.25	190.68	1.12	2605
D_122.00_-33.00_0.25	33.29	0.95	2591
D_122.00_-36.00_0.25	84.15	1.09	2501
D_122.00_-36.50_0.25	138.77	1.09	2485
D_122.50_-13.00_0.25	166.43	0.99	3000
D_122.50_-13.50_0.25	106.84	0.99	2994
D_122.50_-17.00_0.25	18.50	0.95	2946
D_122.50_-17.50_0.25	140.26	0.99	2938
D_122.50_-18.00_0.25	89.74	0.99	2930
D_122.50_-18.50_0.25	103.38	0.95	2922
D_122.50_-19.00_0.25	48.21	0.95	2913
D_122.50_-20.00_0.25	15.50	0.95	2896
D_122.50_-21.00_0.25	12.45	0.95	2877
D_122.50_-22.50_0.25	8.96	0.95	2848
D_122.50_-28.50_0.25	55.99	1.12	2712
D_122.50_-32.00_0.25	35.22	0.95	2619
D_122.50_-32.50_0.25	406.63	0.95	2605
D_122.50_-33.50_0.25	10.08	0.95	2576
D_122.50_-37.00_0.25	136.08	1.09	2469
D_123.00_-12.50_0.25	166.43	0.99	3006
D_123.00_-13.00_0.25	134.26	0.99	3000
D_123.00_-14.00_0.25	123.33	0.99	2988
D_123.00_-14.50_0.25	60.36	0.99	2981
D_123.00_-15.50_0.25	28.66	0.95	2968
D_123.00_-17.50_0.25	115.68	0.99	2938
D_123.00_-18.00_0.25	321.59	0.99	2930
D_123.00_-18.50_0.25	144.63	0.95	2922
D_123.00_-19.00_0.25	25.44	0.95	2913
D_123.00_-19.50_0.25	16.44	0.95	2905
D_123.00_-20.00_0.25	19.64	0.95	2896
D_123.00_-20.50_0.25	11.16	0.95	2887
D_123.00_-21.50_0.25	15.37	0.95	2868
D_123.00_-22.50_0.25	11.16	0.95	2848
D_123.00_-26.00_0.25	90.29	1.12	2772
D_123.00_-27.50_0.25	65.09	1.12	2737
D_123.00_-28.00_0.25	39.56	1.12	2725
D_123.00_-28.50_0.25	18.94	1.12	2712
D_123.00_-30.50_0.25	208.18	1.12	2660
D_123.00_-31.50_0.25	32.51	0.95	2633
D_123.00_-32.00_0.25	32.12	0.95	2619
D_123.00_-32.50_0.25	24.47	0.95	2605
D_123.00_-33.50_0.25	15.91	0.95	2576
D_123.00_-35.50_0.25	108.48	1.09	2516
D_123.50_-12.00_0.25	207.39	0.99	3011
D_123.50_-13.00_0.25	95.41	0.99	3000
D_123.50_-15.00_0.25	81.03	0.95	2975
D_123.50_-16.50_0.25	52.11	0.95	2953
D_123.50_-17.00_0.25	44.83	0.95	2946
D_123.50_-17.50_0.25	93.49	0.99	2938
D_123.50_-18.00_0.25	102.14	0.99	2930
D_123.50_-18.50_0.25	24.01	0.95	2922
D_123.50_-19.00_0.25	147.04	0.95	2913
D_123.50_-20.00_0.25	14.01	0.95	2896
D_123.50_-20.50_0.25	17.29	0.95	2887
D_123.50_-22.00_0.25	15.50	0.95	2858
D_123.50_-27.00_0.25	112.47	1.12	2749
D_123.50_-28.00_0.25	89.40	1.12	2725
D_123.50_-29.50_0.25	382.59	1.12	2687
D_123.50_-30.00_0.25	277.76	1.12	2673
D_123.50_-30.50_0.25	253.58	1.12	2660
D_123.50_-31.00_0.25	16.69	0.95	2647
D_123.50_-31.50_0.25	47.11	0.95	2633
D_123.50_-35.00_0.25	169.38	1.09	2531
D_124.00_-12.50_0.25	73.81	0.99	3006
D_124.00_-14.00_0.25	62.86	0.99	2988
D_124.00_-15.50_0.25	131.96	1.12	2968
D_124.00_-16.00_0.25	21.78	0.95	2961
D_124.00_-16.50_0.25	33.76	0.95	2953
D_124.00_-17.00_0.25	36.99	0.95	2946
D_124.00_-17.50_0.25	99.97	0.99	2938
D_124.00_-18.00_0.25	92.75	0.99	2930
D_124.00_-18.50_0.25	52.00	0.99	2922
D_124.00_-19.00_0.25	21.16	0.95	2913
D_124.00_-28.50_0.25	90.30	1.12	2712
D_124.00_-29.00_0.25	115.58	1.12	2699
D_124.00_-29.50_0.25	248.65	1.12	2687
D_124.00_-30.00_0.25	108.29	1.12	2673
D_124.00_-30.50_0.25	40.58	0.95	2660
D_124.00_-31.00_0.25	15.60	0.95	2647
D_124.00_-31.50_0.25	35.01	0.95	2633
D_124.00_-32.00_0.25	7.26	0.95	2619
D_124.50_-15.00_0.25	180.52	1.12	2975
D_124.50_-16.00_0.25	2103.12	1.12	2961
D_124.50_-16.50_0.25	138.46	0.95	2953
D_124.50_-17.50_0.25	23.30	0.95	2938
D_124.50_-18.50_0.25	142.55	0.99	2922
D_124.50_-19.00_0.25	29.36	0.95	2913
D_124.50_-19.50_0.25	20.64	0.95	2905
D_124.50_-23.00_0.25	36.40	0.95	2838
D_124.50_-24.00_0.25	30.77	0.95	2817
D_124.50_-27.00_0.25	86.22	1.12	2749
D_124.50_-27.50_0.25	109.96	1.12	2737
D_124.50_-28.00_0.25	153.10	1.12	2725
D_124.50_-29.00_0.25	58.28	1.12	2699
D_124.50_-29.50_0.25	15.55	0.95	2687
D_124.50_-30.00_0.25	51.73	0.95	2673
D_124.50_-30.50_0.25	66.94	0.95	2660
D_124.50_-31.00_0.25	66.17	0.95	2647
D_124.50_-32.50_0.25	8.90	0.95	2605
D_124.50_-36.50_0.25	374.14	1.09	2485
D_125.00_-12.00_0.25	73.81	0.99	3011
D_125.00_-17.50_0.25	19.89	0.95	2938
D_125.00_-18.50_0.25	57.85	0.99	2922
D_125.00_-19.00_0.25	186.37	0.99	2913
D_125.00_-19.50_0.25	50.24	0.95	2905
D_125.00_-20.00_0.25	14.86	0.95	2896
D_125.00_-22.00_0.25	26.97	0.95	2858
D_125.00_-26.00_0.25	77.74	0.95	2772
D_125.00_-26.50_0.25	25.56	0.95	2761
D_125.00_-27.50_0.25	379.85	1.12	2737
D_125.00_-29.50_0.25	14.97	0.95	2687
D_125.00_-30.00_0.25	11.96	0.95	2673
D_125.00_-32.50_0.25	15.17	0.95	2605
D_125.50_-15.00_0.25	69.33	1.12	2975
D_125.50_-15.50_0.25	36.32	1.12	2968
D_125.50_-17.00_0.25	40.05	1.12	2946
D_125.50_-17.50_0.25	14.32	0.95	2938
D_125.50_-18.50_0.25	33.65	0.99	2922
D_125.50_-19.50_0.25	54.27	0.99	2905
D_125.50_-20.50_0.25	16.58	0.95	2887
D_125.50_-21.00_0.25	32.32	0.95	2877
D_125.50_-21.50_0.25	28.90	0.95	2868
D_125.50_-22.50_0.25	40.10	0.95	2848
D_125.50_-23.00_0.25	31.18	0.95	2838
D_125.50_-26.00_0.25	24.72	0.95	2772
D_125.50_-27.00_0.25	36.42	0.95	2749
D_125.50_-27.50_0.25	58.82	0.95	2737
D_125.50_-29.50_0.25	17.50	0.95	2687
D_125.50_-30.00_0.25	29.07	0.95	2673
D_125.50_-31.50_0.25	20.79	0.95	2633
D_125.50_-32.00_0.25	13.18	0.95	2619
D_125.50_-32.50_0.25	73.19	0.95	2605
D_125.50_-33.00_0.25	13.56	0.95	2591
D_125.50_-36.50_0.25	360.51	1.09	2485
D_126.00_-16.50_0.25	28.05	1.12	2953
D_126.00_-17.00_0.25	42.11	1.12	2946
D_126.00_-22.00_0.25	23.10	0.95	2858
D_126.00_-24.00_0.25	60.44	0.95	2817
D_126.00_-25.50_0.25	22.16	0.95	2784
D_126.00_-27.50_0.25	185.12	0.95	2737
D_126.00_-28.00_0.25	45.85	0.95	2725
D_126.00_-28.50_0.25	28.87	0.95	2712
D_126.00_-31.50_0.25	26.41	0.95	2633
D_126.00_-32.00_0.25	13.56	0.95	2619
D_126.00_-32.50_0.25	32.75	0.95	2605
D_126.00_-37.00_0.25	873.66	1.09	2469
D_126.50_-11.00_0.25	79.88	0.99	3022
D_126.50_-12.00_0.25	187.45	0.99	3011
D_126.50_-12.50_0.25	23.56	0.99	3006
D_126.50_-16.50_0.25	24.64	1.12	2953
D_126.50_-17.00_0.25	373.76	1.12	2946
D_126.50_-17.50_0.25	15.36	0.95	2938
D_126.50_-18.00_0.25	32.49	0.95	2930
D_126.50_-18.50_0.25	27.25	0.95	2922
D_126.50_-19.50_0.25	100.81	0.95	2905
D_126.50_-20.50_0.25	34.44	0.99	2887
D_126.50_-21.50_0.25	28.90	0.95	2868
D_126.50_-22.00_0.25	829.29	0.95	2858
D_126.50_-22.50_0.25	87.16	0.95	2848
D_126.50_-23.00_0.25	99.33	0.95	2838
D_126.50_-23.50_0.25	62.19	0.95	2828
D_126.50_-25.00_0.25	17.80	0.95	2795
D_126.50_-26.00_0.25	61.70	0.95	2772
D_126.50_-27.00_0.25	40.61	0.95	2749
D_126.50_-27.50_0.25	16.71	0.95	2737
D_126.50_-28.00_0.25	125.11	0.95	2725
D_126.50_-29.50_0.25	13.01	0.95	2687
D_126.50_-30.50_0.25	19.04	0.95	2660
D_126.50_-31.00_0.25	15.25	0.95	2647
D_126.50_-31.50_0.25	52.42	0.95	2633
D_127.00_-11.50_0.25	41.02	0.99	3017
D_127.00_-12.00_0.25	26.41	0.99	3011
D_127.00_-15.50_0.25	24.64	1.12	2968
D_127.00_-16.50_0.25	124.89	1.12	2953
D_127.00_-17.00_0.25	320.71	1.12	2946
D_127.00_-18.00_0.25	32.55	0.95	2930
D_127.00_-18.50_0.25	37.05	0.95	2922
D_127.00_-19.00_0.25	52.52	0.95	2913
D_127.00_-19.50_0.25	65.86	0.95	2905
D_127.00_-22.50_0.25	47.76	0.95	2848
D_127.00_-30.00_0.25	21.71	0.95	2673
D_127.00_-31.50_0.25	43.69	0.95	2633
D_127.00_-32.00_0.25	35.58	0.95	2619
D_127.00_-32.50_0.25	99.30	0.95	2605
D_127.00_-36.00_0.25	227.42	1.09	2501
D_127.50_-13.00_0.25	25.63	0.99	3000
D_127.50_-14.00_0.25	47.04	1.12	2988
D_127.50_-14.50_0.25	68.30	1.12	2981
D_127.50_-15.00_0.25	84.98	1.12	2975
D_127.50_-15.50_0.25	94.08	1.12	2968
D_127.50_-16.00_0.25	90.06	1.12	2961
D_127.50_-16.50_0.25	158.71	1.12	2953
D_127.50_-17.00_0.25	22.03	0.95	2946
D_127.50_-17.50_0.25	18.50	0.95	2938
D_127.50_-18.00_0.25	16.64	0.95	2930
D_127.50_-18.50_0.25	16.26	0.95	2922
D_127.50_-20.00_0.25	73.43	1.12	2896
D_127.50_-21.00_0.25	41.32	0.99	2877
D_127.50_-22.00_0.25	94.18	0.95	2858
D_127.50_-23.00_0.25	63.02	0.95	2838
D_127.50_-23.50_0.25	97.98	0.95	2828
D_127.50_-26.00_0.25	49.44	0.95	2772
D_127.50_-26.50_0.25	79.80	0.95	2761
D_128.00_-10.50_0.25	90.98	0.99	3027
D_128.00_-11.50_0.25	21.01	0.99	3017
D_128.00_-12.00_0.25	31.30	0.99	3011
D_128.00_-13.50_0.25	26.62	0.99	2994
D_128.00_-14.50_0.25	31.92	1.12	2981
D_128.00_-15.50_0.25	21.66	1.12	2968
D_128.00_-16.00_0.25	11.29	0.95	2961
D_128.00_-16.50_0.25	48.91	0.95	2953
D_128.00_-17.00_0.25	33.43	0.95	2946
D_128.00_-17.50_0.25	26.90	0.95	2938
D_128.00_-18.00_0.25	20.68	0.95	2930
D_128.00_-19.00_0.25	760.57	1.12	2913
D_128.00_-19.50_0.25	47.04	1.12	2905
D_128.00_-21.00_0.25	33.54	0.95	2877
D_128.00_-21.50_0.25	42.54	0.99	2868
D_128.00_-22.00_0.25	23.21	0.95	2858
D_128.00_-23.00_0.25	24.72	0.95	2838
D_128.00_-26.00_0.25	15.95	0.95	2772
D_128.00_-26.50_0.25	23.95	0.95	2761
D_128.00_-30.00_0.25	15.01	0.95	2673
D_128.50_-10.00_0.25	50.30	0.99	3031
D_128.50_-10.50_0.25	67.88	0.99	3027
D_128.50_-12.50_0.25	14.87	0.99	3006
D_128.50_-14.50_0.25	9.45	0.99	2981
D_128.50_-15.00_0.25	15.97	0.95	2975
D_128.50_-15.50_0.25	36.23	0.95	2968
D_128.50_-16.00_0.25	32.77	0.95	2961
D_128.50_-16.50_0.25	236.30	0.95	2953
D_128.50_-17.00_0.25	472.71	1.12	2946
D_128.50_-18.00_0.25	47.04	1.12	2930
D_128.50_-20.50_0.25	84.28	1.12	2887
D_128.50_-21.50_0.25	77.90	0.95	2868
D_128.50_-23.00_0.25	147.14	0.95	2838
D_128.50_-23.50_0.25	24.72	0.95	2828
D_128.50_-24.50_0.25	27.58	0.95	2806
D_128.50_-26.50_0.25	23.95	0.95	2761
D_129.00_-10.00_0.25	26.66	0.99	3031
D_129.00_-10.50_0.25	26.05	0.99	3027
D_129.00_-11.50_0.25	50.29	0.95	3017
D_129.00_-12.00_0.25	17.27	0.99	3011
D_129.00_-12.50_0.25	48.54	0.99	3006
D_129.00_-13.00_0.25	19.72	0.99	3000
D_129.00_-13.50_0.25	12.88	0.99	2994
D_129.00_-14.00_0.25	50.85	0.99	2988
D_129.00_-14.50_0.25	21.99	0.99	2981
D_129.00_-15.00_0.25	22.01	0.95	2975
D_129.00_-15.50_0.25	29.97	0.95	2968
D_129.00_-16.50_0.25	145.89	1.12	2953
D_129.00_-17.00_0.25	327.97	1.12	2946
D_129.00_-17.50_0.25	21.66	1.12	2938
D_129.00_-18.00_0.25	24.64	1.12	2930
D_129.00_-22.00_0.25	26.70	0.95	2858
D_129.00_-23.00_0.25	29.79	0.95	2838
D_129.00_-24.00_0.25	17.23	0.95	2817
D_129.00_-24.50_0.25	21.45	0.95	2806
D_129.00_-26.00_0.25	45.45	0.95	2772
D_129.00_-26.50_0.25	63.94	0.95	2761
D_129.00_-27.50_0.25	26.08	0.95	2737
D_129.00_-28.00_0.25	31.52	0.95	2725
D_129.00_-30.50_0.25	15.13	0.95	2660
D_129.50_-10.50_0.25	53.84	0.99	3027
D_129.50_-11.00_0.25	11.53	0.95	3022
D_129.50_-11.50_0.25	23.53	0.95	3017
D_129.50_-12.00_0.25	11.95	0.95	3011
D_129.50_-13.50_0.25	38.84	0.99	2994
D_129.50_-14.00_0.25	15.96	0.99	2988
D_129.50_-14.50_0.25	40.95	0.95	2981
D_129.50_-15.00_0.25	21.65	0.95	2975
D_129.50_-15.50_0.25	7.29	0.95	2968
D_129.50_-16.00_0.25	28.05	1.12	2961
D_129.50_-21.00_0.25	89.65	1.12	2877
D_129.50_-22.00_0.25	49.68	0.95	2858
D_129.50_-22.50_0.25	76.75	0.95	2848
D_129.50_-23.50_0.25	55.92	0.95	2828
D_129.50_-24.50_0.25	22.00	0.95	2806
D_129.50_-25.00_0.25	21.07	0.95	2795
D_129.50_-25.50_0.25	53.26	0.95	2784
D_129.50_-28.00_0.25	19.34	0.95	2725
D_129.50_-34.50_0.25	121.08	1.09	2546
D_130.00_-10.50_0.25	14.06	0.99	3027
D_130.00_-11.50_0.25	12.95	0.95	3017
D_130.00_-12.00_0.25	27.87	0.95	3011
D_130.00_-12.50_0.25	9.32	0.95	3006
D_130.00_-13.00_0.25	24.98	0.95	3000
D_130.00_-14.50_0.25	23.15	0.95	2981
D_130.00_-15.00_0.25	20.76	0.95	2975
D_130.00_-16.50_0.25	49.29	1.12	2953
D_130.00_-17.00_0.25	78.85	1.12	2946
D_130.00_-18.00_0.25	279.86	1.12	2930
D_130.00_-21.50_0.25	120.58	1.12	2868
D_130.00_-22.00_0.25	25.92	0.95	2858
D_130.00_-22.50_0.25	91.93	0.95	2848
D_130.00_-23.00_0.25	61.04	0.95	2838
D_130.00_-23.50_0.25	54.78	0.95	2828
D_130.00_-24.00_0.25	56.21	0.95	2817
D_130.00_-25.00_0.25	23.71	0.95	2795
D_130.00_-25.50_0.25	457.31	0.95	2784
D_130.00_-27.00_0.25	23.07	0.95	2749
D_130.00_-31.50_0.25	13.56	0.95	2633
D_130.50_-11.00_0.25	32.47	0.95	3022
D_130.50_-11.50_0.25	8.36	0.95	3017
D_130.50_-12.00_0.25	16.51	0.95	3011
D_130.50_-14.50_0.25	394.17	1.12	2981
D_130.50_-15.50_0.25	57.66	1.12	2968
D_130.50_-20.00_0.25	53.45	1.12	2896
D_130.50_-22.00_0.25	12.41	0.95	2858
D_130.50_-22.50_0.25	27.16	0.95	2848
D_130.50_-23.00_0.25	47.68	0.95	2838
D_130.50_-23.50_0.25	11.12	0.95	2828
D_130.50_-24.00_0.25	11.12	0.95	2817
D_130.50_-25.50_0.25	18.37	0.95	2784
D_130.50_-26.00_0.25	15.44	0.95	2772
D_130.50_-26.50_0.25	23.58	0.95	2761
D_131.00_-12.00_0.25	49.32	1.12	3011
D_131.00_-12.50_0.25	79.37	1.12	3006
D_131.00_-14.00_0.25	30.38	1.12	2988
D_131.00_-14.50_0.25	24.64	1.12	2981
D_131.00_-21.00_0.25	132.14	1.12	2877
D_131.00_-21.50_0.25	10.43	0.95	2868
D_131.00_-22.00_0.25	17.64	0.95	2858
D_131.00_-22.50_0.25	8.01	0.95	2848
D_131.00_-23.00_0.25	77.36	0.95	2838
D_131.00_-23.50_0.25	24.12	0.95	2828
D_131.00_-24.00_0.25	8.93	0.95	2817
D_131.00_-25.00_0.25	75.60	0.95	2795
D_131.00_-26.00_0.25	161.01	0.95	2772
D_131.00_-26.50_0.25	22.86	0.95	2761
D_131.00_-30.00_0.25	10.90	0.95	2673
D_131.00_-34.00_0.25	211.14	1.09	2561
D_131.50_-10.50_0.25	33.27	1.12	3027
D_131.50_-11.00_0.25	30.64	1.12	3022
D_131.50_-11.50_0.25	29.40	1.12	3017
D_131.50_-12.50_0.25	19.95	1.12	3006
D_131.50_-13.50_0.25	30.64	1.12	2994
D_131.50_-14.00_0.25	84.57	1.12	2988
D_131.50_-15.00_0.25	28.05	1.12	2975
D_131.50_-16.50_0.25	21.66	1.12	2953
D_131.50_-18.00_0.25	82.55	1.12	2930
D_131.50_-21.50_0.25	19.66	0.95	2868
D_131.50_-22.50_0.25	25.40	0.95	2848
D_131.50_-23.00_0.25	52.33	0.95	2838
D_131.50_-23.50_0.25	14.09	0.95	2828
D_131.50_-25.00_0.25	23.36	0.95	2795
D_131.50_-25.50_0.25	21.07	0.95	2784
D_131.50_-26.00_0.25	97.91	0.95	2772
D_131.50_-26.50_0.25	84.21	0.95	2761
D_131.50_-27.00_0.25	17.23	0.95	2749
D_131.50_-31.50_0.25	131.13	1.31	2633
D_131.50_-34.00_0.25	92.68	1.09	2561
D_132.00_-13.50_0.25	31.93	1.12	2994
D_132.00_-15.00_0.25	23.04	1.12	2975
D_132.00_-16.50_0.25	53.48	1.12	2953
D_132.00_-20.50_0.25	21.62	1.12	2887
D_132.00_-21.50_0.25	96.63	0.95	2868
D_132.00_-23.00_0.25	33.00	0.95	2838
D_132.00_-23.50_0.25	18.55	0.95	2828
D_132.00_-24.50_0.25	8.93	0.95	2806
D_132.00_-25.00_0.25	8.01	0.95	2795
D_132.00_-25.50_0.25	11.12	0.95	2784
D_132.00_-26.00_0.25	345.90	0.95	2772
D_132.00_-26.50_0.25	19.46	0.95	2761
D_132.00_-30.50_0.25	185.79	1.31	2660
D_132.00_-34.00_0.25	95.37	1.09	2561
D_132.00_-36.50_0.25	136.78	1.09	2485
D_132.50_-13.00_0.25	45.62	1.12	3000
D_132.50_-14.00_0.25	21.53	1.12	2988
D_132.50_-20.00_0.25	24.61	1.12	2896
D_132.50_-20.50_0.25	31.87	1.12	2887
D_132.50_-21.00_0.25	55.55	1.12	2877
D_132.50_-21.50_0.25	21.62	1.12	2868
D_132.50_-22.50_0.25	18.19	0.95	2848
D_132.50_-23.00_0.25	47.28	0.95	2838
D_132.50_-26.50_0.25	251.88	0.95	2761
D_132.50_-31.00_0.25	232.44	1.31	2647
D_133.00_-10.50_0.25	27.89	1.12	3027
D_133.00_-12.00_0.25	30.15	1.12	3011
D_133.00_-14.00_0.25	24.51	1.12	2988
D_133.00_-17.00_0.25	60.83	1.12	2946
D_133.00_-20.00_0.25	19.00	1.12	2896
D_133.00_-20.50_0.25	21.62	1.12	2887
D_133.00_-22.50_0.25	12.58	0.95	2848
D_133.00_-23.00_0.25	41.95	0.95	2838
D_133.00_-26.00_0.25	21.45	0.95	2772
D_133.00_-26.50_0.25	46.26	0.95	2761
D_133.00_-27.00_0.25	21.45	0.95	2749
D_133.00_-29.00_0.25	16.18	0.95	2699
D_133.00_-33.00_0.25	165.63	1.31	2591
D_133.00_-34.50_0.25	654.53	1.31	2546
D_133.00_-35.00_0.25	59.47	1.09	2531
D_133.50_-19.50_0.25	46.97	1.12	2905
D_133.50_-20.00_0.25	41.27	1.12	2896
D_133.50_-22.00_0.25	16.24	0.95	2858
D_133.50_-23.50_0.25	7.18	0.95	2828
D_133.50_-28.50_0.25	14.50	0.95	2712
D_133.50_-29.50_0.25	95.31	1.31	2687
D_133.50_-33.50_0.25	157.49	1.31	2576
D_133.50_-34.00_0.25	216.86	1.31	2561
D_133.50_-34.50_0.25	163.52	1.31	2546
D_134.00_-12.00_0.25	149.19	1.12	3011
D_134.00_-19.00_0.25	101.17	1.12	2913
D_134.00_-19.50_0.25	446.27	1.12	2905
D_134.00_-20.00_0.25	10168.16	1.12	2896
D_134.00_-20.50_0.25	41.27	1.12	2887
D_134.00_-22.00_0.25	28.00	1.12	2858
D_134.00_-29.50_0.25	81.96	1.31	2687
D_134.00_-33.50_0.25	508.44	1.31	2576
D_134.00_-34.00_0.25	129.39	1.31	2561
D_134.00_-34.50_0.25	106.07	1.31	2546
D_134.50_-11.50_0.25	488.20	1.12	3017
D_134.50_-12.50_0.25	36.94	1.12	3006
D_134.50_-19.50_0.25	21.62	1.12	2905
D_134.50_-20.00_0.25	53.45	1.12	2896
D_134.50_-22.50_0.25	7.28	0.95	2848
D_134.50_-23.50_0.25	11.64	0.95	2828
D_134.50_-27.00_0.25	9.97	0.95	2749
D_134.50_-29.00_0.25	17.56	0.95	2699
D_134.50_-30.50_0.25	242.53	1.31	2660
D_134.50_-33.50_0.25	121.49	1.31	2576
D_134.50_-34.00_0.25	474.79	1.31	2561
D_134.50_-34.50_0.25	95.68	1.31	2546
D_134.50_-35.00_0.25	27.01	1.09	2531
D_134.50_-35.50_0.25	86.10	1.09	2516
D_134.50_-37.50_0.25	29.37	1.00	2453
D_135.00_-11.50_0.25	78.46	1.12	3017
D_135.00_-12.00_0.25	123.86	1.12	3011
D_135.00_-12.50_0.25	112.70	1.12	3006
D_135.00_-22.50_0.25	11.28	0.95	2848
D_135.00_-27.00_0.25	13.84	0.95	2749
D_135.00_-27.50_0.25	33.89	0.95	2737
D_135.00_-28.00_0.25	28.29	0.95	2725
D_135.00_-29.00_0.25	16.75	0.95	2699
D_135.00_-33.50_0.25	95.07	1.31	2576
D_135.00_-34.00_0.25	233.30	1.31	2561
D_135.00_-34.50_0.25	341.61	1.31	2546
D_135.00_-35.00_0.25	118.37	1.31	2531
D_135.00_-36.00_0.25	30.99	1.09	2501
D_135.50_-10.00_0.25	126.50	1.12	3031
D_135.50_-10.50_0.25	301.35	1.12	3027
D_135.50_-13.50_0.25	58.23	1.12	2994
D_135.50_-17.50_0.25	19.00	1.12	2938
D_135.50_-21.00_0.25	89.65	1.12	2877
D_135.50_-22.00_0.25	30.58	1.12	2858
D_135.50_-23.50_0.25	11.64	0.95	2828
D_135.50_-26.00_0.25	17.10	0.95	2772
D_135.50_-27.00_0.25	34.20	0.95	2749
D_135.50_-27.50_0.25	72.11	0.95	2737
D_135.50_-28.00_0.25	63.10	0.95	2725
D_135.50_-28.50_0.25	19.03	0.95	2712
D_135.50_-29.00_0.25	46.70	0.95	2699
D_135.50_-33.50_0.25	174.69	1.31	2576
D_135.50_-34.00_0.25	907.52	1.31	2561
D_135.50_-34.50_0.25	298.25	1.31	2546
D_135.50_-35.00_0.25	129.71	1.31	2531
D_135.50_-35.50_0.25	48.39	1.09	2516
D_136.00_-10.50_0.25	111.16	1.12	3027
D_136.00_-12.50_0.25	180.22	1.12	3006
D_136.00_-13.00_0.25	97.67	1.12	3000
D_136.00_-26.00_0.25	11.32	0.95	2772
D_136.00_-27.50_0.25	25.28	0.95	2737
D_136.00_-28.00_0.25	88.55	0.95	2725
D_136.00_-28.50_0.25	64.71	0.95	2712
D_136.00_-29.00_0.25	10.41	0.95	2699
D_136.00_-29.50_0.25	73.26	1.31	2687
D_136.00_-32.00_0.25	165.20	1.31	2619
D_136.00_-33.00_0.25	220.29	1.31	2591
D_136.00_-33.50_0.25	1036.10	1.31	2576
D_136.00_-34.00_0.25	1303.64	1.31	2561
D_136.00_-34.50_0.25	273.04	1.31	2546
D_136.00_-35.00_0.25	157.07	1.31	2531
D_136.00_-35.50_0.25	44.96	1.09	2516
D_136.00_-36.50_0.25	32.55	1.09	2485
D_136.00_-40.00_0.25	115.99	1.00	2370
D_136.50_-13.00_0.25	212.51	1.12	3000
D_136.50_-14.00_0.25	111.16	1.12	2988
D_136.50_-22.50_0.25	79.41	1.12	2848
D_136.50_-23.50_0.25	25.66	0.95	2828
D_136.50_-25.00_0.25	181.30	0.95	2795
D_136.50_-26.00_0.25	9.97	0.95	2772
D_136.50_-28.00_0.25	51.04	0.95	2725
D_136.50_-28.50_0.25	49.23	0.95	2712
D_136.50_-29.00_0.25	1074.13	1.31	2699
D_136.50_-29.50_0.25	151.76	1.31	2687
D_136.50_-30.50_0.25	145.86	1.31	2660
D_136.50_-31.00_0.25	92.44	1.31	2647
D_136.50_-33.00_0.25	57.43	1.31	2591
D_136.50_-33.50_0.25	4408.81	1.31	2576
D_136.50_-34.00_0.25	583.49	1.31	2561
D_136.50_-34.50_0.25	57.43	1.31	2546
D_136.50_-36.00_0.25	216.70	1.09	2501
D_136.50_-36.50_0.25	32.08	1.09	2485
D_137.00_-20.00_0.25	24.61	1.12	2896
D_137.00_-23.00_0.25	20.91	1.12	2838
D_137.00_-24.00_0.25	13.47	0.95	2817
D_137.00_-25.00_0.25	8.93	0.95	2795
D_137.00_-25.50_0.25	32.87	0.95	2784
D_137.00_-26.50_0.25	13.84	0.95	2761
D_137.00_-27.00_0.25	22.52	0.95	2749
D_137.00_-28.50_0.25	25.42	0.95	2712
D_137.00_-29.00_0.25	578.56	1.31	2699
D_137.00_-29.50_0.25	368.03	1.31	2687
D_137.00_-30.00_0.25	146.53	1.31	2673
D_137.00_-30.50_0.25	297.53	1.31	2660
D_137.00_-32.50_0.25	90.32	1.31	2605
D_137.00_-33.00_0.25	66.79	1.31	2591
D_137.00_-33.50_0.25	1101.47	1.31	2576
D_137.00_-34.00_0.25	1025.56	1.31	2561
D_137.00_-34.50_0.25	50.97	1.31	2546
D_137.00_-35.00_0.25	458.29	1.31	2531
D_137.00_-35.50_0.25	300.38	1.31	2516
D_137.00_-36.00_0.25	145.44	1.31	2501
D_137.00_-36.50_0.25	197.19	1.31	2485
D_137.00_-37.00_0.25	66.72	1.09	2469
D_137.00_-37.50_0.25	52.90	1.09	2453
D_137.50_-25.50_0.25	50.71	0.95	2784
D_137.50_-26.00_0.25	679.36	0.95	2772
D_137.50_-28.00_0.25	37.15	0.95	2725
D_137.50_-28.50_0.25	8.36	0.95	2712
D_137.50_-29.00_0.25	146.53	1.31	2699
D_137.50_-29.50_0.25	1252.50	1.31	2687
D_137.50_-30.00_0.25	1168.85	1.31	2673
D_137.50_-31.00_0.25	77.67	1.31	2647
D_137.50_-32.00_0.25	66.79	1.31	2619
D_137.50_-32.50_0.25	66.79	1.31	2605
D_137.50_-33.00_0.25	77.67	1.31	2591
D_137.50_-34.00_0.25	129.65	1.31	2561
D_137.50_-34.50_0.25	35.50	1.31	2546
D_137.50_-35.00_0.25	93.65	1.31	2531
D_137.50_-35.50_0.25	1148.16	1.31	2516
D_137.50_-36.00_0.25	56.23	1.31	2501
D_137.50_-36.50_0.25	139.59	1.31	2485
D_137.50_-38.00_0.25	75.16	1.09	2437
D_137.50_-38.50_0.25	40.42	1.00	2420
D_138.00_-12.00_0.25	355.86	1.12	3011
D_138.00_-23.00_0.25	29.17	1.12	2838
D_138.00_-25.00_0.25	13.84	0.95	2795
D_138.00_-25.50_0.25	17.23	0.95	2784
D_138.00_-28.00_0.25	28.97	0.95	2725
D_138.00_-28.50_0.25	8.36	0.95	2712
D_138.00_-29.50_0.25	379.00	1.31	2687
D_138.00_-30.00_0.25	621.49	1.31	2673
D_138.00_-30.50_0.25	795.82	1.31	2660
D_138.00_-31.00_0.25	468.20	1.31	2647
D_138.00_-31.50_0.25	1203.08	1.31	2633
D_138.00_-32.00_0.25	987.97	1.31	2619
D_138.00_-32.50_0.25	2424.52	1.31	2605
D_138.00_-33.00_0.25	681.32	1.31	2591
D_138.00_-33.50_0.25	616.39	1.31	2576
D_138.00_-34.00_0.25	172.45	1.31	2561
D_138.00_-34.50_0.25	169.94	1.31	2546
D_138.00_-35.00_0.25	3327.31	1.31	2531
D_138.00_-35.50_0.25	366.05	1.31	2516
D_138.00_-36.00_0.25	111.67	1.31	2501
D_138.00_-36.50_0.25	79.65	1.31	2485
D_138.00_-37.00_0.25	203.58	1.31	2469
D_138.00_-38.00_0.25	24.19	1.09	2437
D_138.50_-25.50_0.25	25.55	0.95	2784
D_138.50_-26.00_0.25	123.92	1.19	2772
D_138.50_-27.00_0.25	128.97	1.19	2749
D_138.50_-28.00_0.25	11.26	0.95	2725
D_138.50_-28.50_0.25	6.72	0.95	2712
D_138.50_-29.00_0.25	10.41	0.95	2699
D_138.50_-29.50_0.25	63.00	1.31	2687
D_138.50_-30.00_0.25	585.51	1.31	2673
D_138.50_-30.50_0.25	1716.87	1.31	2660
D_138.50_-31.00_0.25	10877.29	1.31	2647
D_138.50_-31.50_0.25	8772.96	1.31	2633
D_138.50_-32.00_0.25	3966.00	1.31	2619
D_138.50_-32.50_0.25	2047.60	1.31	2605
D_138.50_-33.00_0.25	2427.50	1.31	2591
D_138.50_-33.50_0.25	2427.60	1.31	2576
D_138.50_-34.00_0.25	270.47	1.31	2561
D_138.50_-35.00_0.25	1637.19	1.31	2531
D_138.50_-35.50_0.25	374.31	1.31	2516
D_138.50_-37.00_0.25	239.55	1.31	2469
D_138.50_-37.50_0.25	90.53	1.21	2453
D_138.50_-40.50_0.25	40.86	1.00	2353
D_139.00_-10.50_0.25	726.72	1.12	3027
D_139.00_-12.50_0.25	1565.70	1.12	3006
D_139.00_-20.50_0.25	29.17	1.12	2887
D_139.00_-26.50_0.25	71.50	1.19	2761
D_139.00_-27.00_0.25	41.26	1.19	2749
D_139.00_-28.00_0.25	31.34	1.19	2725
D_139.00_-28.50_0.25	58.99	0.95	2712
D_139.00_-29.00_0.25	12.84	0.95	2699
D_139.00_-29.50_0.25	135.25	1.31	2687
D_139.00_-30.00_0.25	635.15	1.31	2673
D_139.00_-30.50_0.25	609.06	1.31	2660
D_139.00_-31.00_0.25	2254.01	1.31	2647
D_139.00_-31.50_0.25	2885.12	1.31	2633
D_139.00_-32.00_0.25	1686.85	1.31	2619
D_139.00_-32.50_0.25	1788.78	1.31	2605
D_139.00_-33.00_0.25	1807.37	1.31	2591
D_139.00_-33.50_0.25	2650.68	1.31	2576
D_139.00_-34.00_0.25	1695.77	1.31	2561
D_139.00_-34.50_0.25	489.10	1.31	2546
D_139.00_-35.00_0.25	706.24	1.31	2531
D_139.00_-37.50_0.25	174.24	1.21	2453
D_139.00_-38.00_0.25	102.81	1.21	2437
D_139.50_-20.50_0.25	25.64	1.12	2887
D_139.50_-26.00_0.25	123.92	1.19	2772
D_139.50_-27.50_0.25	31.34	1.19	2737
D_139.50_-28.50_0.25	117.88	1.19	2712
D_139.50_-29.00_0.25	444.70	1.31	2699
D_139.50_-29.50_0.25	261.17	1.31	2687
D_139.50_-30.00_0.25	163.85	1.31	2673
D_139.50_-30.50_0.25	156.84	1.31	2660
D_139.50_-31.00_0.25	176.17	1.31	2647
D_139.50_-31.50_0.25	612.98	1.31	2633
D_139.50_-32.00_0.25	1219.22	1.31	2619
D_139.50_-32.50_0.25	169.23	1.31	2605
D_139.50_-33.00_0.25	826.73	1.31	2591
D_139.50_-33.50_0.25	108.97	1.31	2576
D_139.50_-34.00_0.25	402.94	1.31	2561
D_139.50_-34.50_0.25	425.77	1.31	2546
D_139.50_-35.00_0.25	166.85	1.31	2531
D_139.50_-37.50_0.25	436.39	1.21	2453
D_139.50_-38.00_0.25	55.78	1.21	2437
D_139.50_-38.50_0.25	48.55	1.21	2420
D_140.00_-25.00_0.25	126.23	1.19	2795
D_140.00_-25.50_0.25	153.14	1.19	2784
D_140.00_-26.00_0.25	104.64	1.19	2772
D_140.00_-26.50_0.25	94.13	1.19	2761
D_140.00_-28.00_0.25	41.26	1.19	2725
D_140.00_-28.50_0.25	180.44	1.31	2712
D_140.00_-29.00_0.25	132.59	1.31	2699
D_140.00_-29.50_0.25	73.26	1.31	2687
D_140.00_-30.50_0.25	225.49	1.31	2660
D_140.00_-31.50_0.25	218.68	1.31	2633
D_140.00_-32.00_0.25	66.79	1.31	2619
D_140.00_-33.00_0.25	421.72	1.31	2591
D_140.00_-35.00_0.25	29.33	1.19	2531
D_140.00_-36.00_0.25	57.43	1.31	2501
D_140.00_-36.50_0.25	232.22	1.31	2485
D_140.00_-37.00_0.25	169.78	1.21	2469
D_140.00_-37.50_0.25	243.11	1.21	2453
D_140.00_-38.00_0.25	595.63	1.21	2437
D_140.00_-38.50_0.25	70.28	1.21	2420
D_140.50_-20.00_0.25	33.20	1.12	2896
D_140.50_-22.50_0.25	55.69	1.12	2848
D_140.50_-25.50_0.25	101.39	1.19	2784
D_140.50_-27.00_0.25	134.25	1.19	2749
D_140.50_-27.50_0.25	62.39	1.19	2737
D_140.50_-28.00_0.25	406.90	1.19	2725
D_140.50_-28.50_0.25	116.58	1.31	2712
D_140.50_-32.50_0.25	123.29	1.31	2605
D_140.50_-35.50_0.25	26.09	1.19	2516
D_140.50_-36.50_0.25	51.14	1.19	2485
D_140.50_-37.00_0.25	103.75	1.21	2469
D_140.50_-37.50_0.25	177.25	1.21	2453
D_140.50_-38.00_0.25	311.69	1.21	2437
D_140.50_-38.50_0.25	482.15	1.21	2420
D_140.50_-39.00_0.25	74.01	1.21	2404
D_140.50_-43.00_0.25	33.27	1.00	2264
D_141.00_-19.00_0.25	43.00	1.12	2913
D_141.00_-22.00_0.25	33.20	1.12	2858
D_141.00_-25.50_0.25	67.13	1.19	2784
D_141.00_-26.00_0.25	111.21	1.19	2772
D_141.00_-27.00_0.25	90.60	1.19	2749
D_141.00_-27.50_0.25	67.26	1.19	2737
D_141.00_-28.00_0.25	171.85	1.19	2725
D_141.00_-30.00_0.25	85.20	1.31	2673
D_141.00_-32.50_0.25	374.64	1.31	2605
D_141.00_-35.50_0.25	382.46	1.19	2516
D_141.00_-36.00_0.25	37.97	1.19	2501
D_141.00_-36.50_0.25	46.19	1.19	2485
D_141.00_-37.00_0.25	130.20	1.21	2469
D_141.00_-38.00_0.25	178.74	1.21	2437
D_141.00_-38.50_0.25	292.78	1.21	2420
D_141.00_-41.00_0.25	50.87	1.09	2335
D_141.50_-19.50_0.25	73.30	1.12	2905
D_141.50_-20.00_0.25	103.45	1.12	2896
D_141.50_-24.50_0.25	133.04	1.19	2806
D_141.50_-26.50_0.25	80.17	1.19	2761
D_141.50_-29.00_0.25	34.93	1.19	2699
D_141.50_-29.50_0.25	146.53	1.31	2687
D_141.50_-30.00_0.25	260.37	1.31	2673
D_141.50_-30.50_0.25	264.21	1.31	2660
D_141.50_-31.00_0.25	92.44	1.31	2647
D_141.50_-31.50_0.25	593.83	1.31	2633
D_141.50_-32.00_0.25	307.80	1.31	2619
D_141.50_-32.50_0.25	152.65	1.31	2605
D_141.50_-33.00_0.25	57.99	1.19	2591
D_141.50_-35.00_0.25	27.75	1.19	2531
D_141.50_-35.50_0.25	48.27	1.19	2516
D_141.50_-36.00_0.25	254.53	1.19	2501
D_141.50_-36.50_0.25	654.08	1.19	2485
D_141.50_-37.50_0.25	108.04	1.21	2453
D_141.50_-38.50_0.25	48.00	1.21	2420
D_141.50_-44.50_0.25	149.89	1.00	2209
D_142.00_-26.50_0.25	77.02	1.19	2761
D_142.00_-28.50_0.25	142.48	1.19	2712
D_142.00_-29.00_0.25	30.44	1.19	2699
D_142.00_-29.50_0.25	40.07	1.19	2687
D_142.00_-30.00_0.25	474.67	1.19	2673
D_142.00_-30.50_0.25	1118.52	1.31	2660
D_142.00_-31.00_0.25	82.61	1.31	2647
D_142.00_-32.00_0.25	191.19	1.31	2619
D_142.00_-33.50_0.25	168.12	1.19	2576
D_142.00_-34.50_0.25	69.70	1.19	2546
D_142.00_-35.50_0.25	52.59	1.19	2516
D_142.00_-37.00_0.25	83.45	1.19	2469
D_142.00_-37.50_0.25	116.75	1.19	2453
D_142.00_-38.00_0.25	62.08	1.21	2437
D_142.00_-38.50_0.25	44.99	1.21	2420
D_142.00_-39.00_0.25	96.01	1.21	2404
D_142.00_-40.00_0.25	86.76	1.21	2370
D_142.00_-41.00_0.25	62.87	1.21	2335
D_142.50_-28.00_0.25	190.15	1.19	2725
D_142.50_-28.50_0.25	58.70	1.19	2712
D_142.50_-29.00_0.25	34.76	1.19	2699
D_142.50_-30.00_0.25	67.63	1.19	2673
D_142.50_-30.50_0.25	90.47	1.19	2660
D_142.50_-31.00_0.25	73.26	1.31	2647
D_142.50_-31.50_0.25	148.65	1.31	2633
D_142.50_-34.00_0.25	27.75	1.19	2561
D_142.50_-35.50_0.25	57.51	1.19	2516
D_142.50_-36.00_0.25	31.75	1.19	2501
D_142.50_-36.50_0.25	92.84	1.19	2485
D_142.50_-37.00_0.25	146.95	1.19	2469
D_142.50_-37.50_0.25	96.31	1.19	2453
D_142.50_-38.00_0.25	34.04	1.21	2437
D_142.50_-38.50_0.25	568.28	1.21	2420
D_142.50_-39.00_0.25	195.35	1.21	2404
D_142.50_-40.00_0.25	176.72	1.21	2370
D_142.50_-40.50_0.25	33.93	1.21	2353
D_143.00_-18.00_0.25	230.64	1.12	2930
D_143.00_-28.00_0.25	90.35	1.19	2725
D_143.00_-29.00_0.25	76.19	1.19	2699
D_143.00_-35.50_0.25	27.67	1.19	2516
D_143.00_-36.00_0.25	41.80	1.19	2501
D_143.00_-36.50_0.25	41.87	1.19	2485
D_143.00_-37.00_0.25	27.70	1.19	2469
D_143.00_-37.50_0.25	31.11	1.21	2453
D_143.00_-38.50_0.25	49.89	1.21	2420
D_143.00_-39.00_0.25	29.63	1.21	2404
D_143.00_-39.50_0.25	34.04	1.21	2387
D_143.00_-45.00_0.25	17.51	1.00	2190
D_143.50_-12.00_0.25	1293.60	1.12	3011
D_143.50_-12.50_0.25	484.98	1.12	3006
D_143.50_-18.00_0.25	31.38	1.12	2930
D_143.50_-24.00_0.25	88.37	1.19	2817
D_143.50_-28.50_0.25	77.66	1.19	2712
D_143.50_-29.50_0.25	303.66	1.19	2687
D_143.50_-30.00_0.25	487.06	1.19	2673
D_143.50_-34.50_0.25	98.57	1.19	2546
D_143.50_-35.00_0.25	53.74	1.19	2531
D_143.50_-35.50_0.25	166.91	1.19	2516
D_143.50_-36.00_0.25	380.29	1.19	2501
D_143.50_-36.50_0.25	126.15	1.19	2485
D_143.50_-37.00_0.25	155.62	1.19	2469
D_143.50_-38.00_0.25	47.39	1.21	2437
D_143.50_-38.50_0.25	108.53	1.21	2420
D_143.50_-39.00_0.25	691.49	1.21	2404
D_143.50_-39.50_0.25	29.63	1.21	2387
D_143.50_-40.50_0.25	109.20	1.21	2353
D_143.50_-42.50_0.25	304.00	1.21	2282
D_143.50_-45.00_0.25	14.00	1.00	2190
D_144.00_-15.50_0.25	218.20	1.12	2968
D_144.00_-16.50_0.25	88.27	1.12	2953
D_144.00_-17.00_0.25	130.21	1.12	2946
D_144.00_-18.00_0.25	241.89	1.12	2930
D_144.00_-22.50_0.25	38.61	1.19	2848
D_144.00_-28.00_0.25	58.50	1.19	2725
D_144.00_-29.00_0.25	205.45	1.19	2699
D_144.00_-29.50_0.25	357.14	1.19	2687
D_144.00_-33.00_0.25	62.44	1.19	2591
D_144.00_-34.50_0.25	43.02	1.19	2546
D_144.00_-35.00_0.25	173.80	1.19	2531
D_144.00_-36.00_0.25	297.81	1.19	2501
D_144.00_-36.50_0.25	127.07	1.19	2485
D_144.00_-37.00_0.25	491.15	1.19	2469
D_144.00_-37.50_0.25	21.04	1.19	2453
D_144.00_-38.00_0.25	365.49	1.21	2437
D_144.00_-38.50_0.25	128.55	1.21	2420
D_144.00_-39.00_0.25	392.98	1.21	2404
D_144.00_-39.50_0.25	93.42	1.31	2387
D_144.00_-40.00_0.25	118.16	1.31	2370
D_144.00_-40.50_0.25	388.61	1.31	2353
D_144.00_-41.00_0.25	220.38	1.21	2335
D_144.00_-41.50_0.25	156.66	1.21	2318
D_144.50_-16.00_0.25	314.57	1.19	2961
D_144.50_-17.00_0.25	220.59	1.19	2946
D_144.50_-17.50_0.25	40.92	1.12	2938
D_144.50_-27.50_0.25	82.78	1.19	2737
D_144.50_-29.00_0.25	94.81	1.19	2699
D_144.50_-30.00_0.25	139.64	1.19	2673
D_144.50_-31.50_0.25	34.76	1.19	2633
D_144.50_-32.50_0.25	181.29	1.19	2605
D_144.50_-33.50_0.25	52.65	1.19	2576
D_144.50_-35.00_0.25	113.34	1.19	2531
D_144.50_-35.50_0.25	285.62	1.19	2516
D_144.50_-36.00_0.25	265.75	1.19	2501
D_144.50_-36.50_0.25	86.15	1.19	2485
D_144.50_-37.00_0.25	109.07	1.19	2469
D_144.50_-38.00_0.25	113.39	1.21	2437
D_144.50_-38.50_0.25	652.27	1.21	2420
D_144.50_-39.00_0.25	148.17	1.21	2404
D_144.50_-39.50_0.25	662.79	1.21	2387
D_144.50_-40.00_0.25	946.56	1.31	2370
D_144.50_-40.50_0.25	594.67	1.31	2353
D_144.50_-41.00_0.25	725.08	1.31	2335
D_144.50_-41.50_0.25	323.88	1.21	2318
D_144.50_-42.00_0.25	218.87	1.21	2300
D_144.50_-42.50_0.25	46.60	1.21	2282
D_144.50_-43.00_0.25	37.85	1.21	2264
D_144.50_-45.00_0.25	48.72	1.09	2190
D_145.00_-15.00_0.25	105.64	1.19	2975
D_145.00_-17.00_0.25	76.76	1.19	2946
D_145.00_-21.00_0.25	44.29	1.19	2877
D_145.00_-29.00_0.25	48.63	1.19	2699
D_145.00_-31.50_0.25	57.33	1.19	2633
D_145.00_-32.00_0.25	131.25	1.19	2619
D_145.00_-33.00_0.25	70.47	1.19	2591
D_145.00_-35.00_0.25	349.94	1.19	2531
D_145.00_-35.50_0.25	49.76	1.19	2516
D_145.00_-36.00_0.25	285.16	1.19	2501
D_145.00_-36.50_0.25	98.15	1.19	2485
D_145.00_-37.00_0.25	183.00	1.19	2469
D_145.00_-37.50_0.25	102.39	1.19	2453
D_145.00_-38.00_0.25	389.33	1.21	2437
D_145.00_-38.50_0.25	586.84	1.21	2420
D_145.00_-39.00_0.25	756.15	1.21	2404
D_145.00_-39.50_0.25	141.05	1.21	2387
D_145.00_-40.00_0.25	147.35	1.21	2370
D_145.00_-40.50_0.25	478.50	1.31	2353
D_145.00_-41.00_0.25	351.16	1.31	2335
D_145.00_-41.50_0.25	884.60	1.31	2318
D_145.00_-42.00_0.25	599.01	1.31	2300
D_145.00_-42.50_0.25	147.47	1.21	2282
D_145.00_-45.00_0.25	105.35	1.09	2190
D_145.50_-16.50_0.25	65.47	1.19	2953
D_145.50_-17.00_0.25	73.39	1.19	2946
D_145.50_-18.00_0.25	94.62	1.19	2930
D_145.50_-18.50_0.25	233.25	1.19	2922
D_145.50_-28.00_0.25	76.88	1.19	2725
D_145.50_-31.50_0.25	60.23	1.19	2633
D_145.50_-34.50_0.25	144.32	1.19	2546
D_145.50_-35.00_0.25	38.61	1.19	2531
D_145.50_-35.50_0.25	41.47	1.19	2516
D_145.50_-36.00_0.25	50.47	1.19	2501
D_145.50_-36.50_0.25	62.63	1.19	2485
D_145.50_-37.00_0.25	94.09	1.19	2469
D_145.50_-37.50_0.25	72.59	1.19	2453
D_145.50_-38.00_0.25	579.74	1.19	2437
D_145.50_-38.50_0.25	280.66	1.21	2420
D_145.50_-39.00_0.25	106.23	1.21	2404
D_145.50_-39.50_0.25	194.84	1.21	2387
D_145.50_-40.50_0.25	28.68	1.21	2353
D_145.50_-41.00_0.25	313.03	1.31	2335
D_145.50_-41.50_0.25	225.80	1.31	2318
D_145.50_-42.00_0.25	1207.88	1.31	2300
D_145.50_-43.00_0.25	93.84	1.21	2264
D_145.50_-43.50_0.25	107.93	1.21	2246
D_145.50_-44.00_0.25	64.14	1.21	2227
D_146.00_-15.50_0.25	59.56	1.09	2968
D_146.00_-16.50_0.25	113.99	1.19	2953
D_146.00_-17.00_0.25	187.07	1.19	2946
D_146.00_-17.50_0.25	291.15	1.19	2938
D_146.00_-18.00_0.25	44.29	1.19	2930
D_146.00_-18.50_0.25	44.29	1.19	2922
D_146.00_-20.50_0.25	33.65	1.19	2887
D_146.00_-21.00_0.25	25.56	1.19	2877
D_146.00_-31.00_0.25	83.37	1.19	2647
D_146.00_-34.50_0.25	123.18	1.19	2546
D_146.00_-35.00_0.25	80.64	1.19	2531
D_146.00_-35.50_0.25	147.30	1.19	2516
D_146.00_-36.00_0.25	146.67	1.19	2501
D_146.00_-36.50_0.25	273.82	1.19	2485
D_146.00_-37.00_0.25	358.57	1.19	2469
D_146.00_-37.50_0.25	253.52	1.19	2453
D_146.00_-38.00_0.25	365.68	1.19	2437
D_146.00_-38.50_0.25	1229.02	1.21	2420
D_146.00_-39.00_0.25	449.28	1.21	2404
D_146.00_-39.50_0.25	62.61	1.21	2387
D_146.00_-40.00_0.25	28.68	1.21	2370
D_146.00_-41.00_0.25	532.24	1.31	2335
D_146.00_-41.50_0.25	466.21	1.31	2318
D_146.00_-42.00_0.25	816.51	1.31	2300
D_146.00_-42.50_0.25	332.57	1.31	2282
D_146.00_-43.00_0.25	370.25	1.31	2264
D_146.00_-43.50_0.25	621.63	1.31	2246
D_146.00_-44.00_0.25	225.14	1.21	2227
D_146.50_-17.00_0.25	403.79	1.09	2946
D_146.50_-17.50_0.25	452.67	1.19	2938
D_146.50_-18.00_0.25	66.90	1.19	2930
D_146.50_-19.00_0.25	44.29	1.19	2913
D_146.50_-20.00_0.25	25.56	1.19	2896
D_146.50_-20.50_0.25	91.28	1.19	2887
D_146.50_-21.00_0.25	264.52	1.19	2877
D_146.50_-22.00_0.25	33.65	1.19	2858
D_146.50_-22.50_0.25	58.31	1.19	2848
D_146.50_-24.00_0.25	139.87	1.19	2817
D_146.50_-27.00_0.25	76.69	1.19	2749
D_146.50_-27.50_0.25	242.07	1.19	2737
D_146.50_-28.50_0.25	149.15	1.19	2712
D_146.50_-29.00_0.25	116.79	1.19	2699
D_146.50_-32.00_0.25	73.51	1.19	2619
D_146.50_-32.50_0.25	107.24	1.19	2605
D_146.50_-33.00_0.25	31.01	1.19	2591
D_146.50_-34.00_0.25	103.11	1.19	2561
D_146.50_-34.50_0.25	109.92	1.19	2546
D_146.50_-35.00_0.25	77.03	1.19	2531
D_146.50_-35.50_0.25	49.75	1.19	2516
D_146.50_-36.00_0.25	25.56	1.19	2501
D_146.50_-36.50_0.25	155.93	1.19	2485
D_146.50_-37.00_0.25	176.12	1.19	2469
D_146.50_-37.50_0.25	1243.73	1.19	2453
D_146.50_-38.00_0.25	851.87	1.21	2437
D_146.50_-38.50_0.25	2434.17	1.21	2420
D_146.50_-39.00_0.25	190.83	1.21	2404
D_146.50_-40.50_0.25	56.87	1.21	2353
D_146.50_-41.00_0.25	64.47	1.31	2335
D_146.50_-41.50_0.25	412.98	1.31	2318
D_146.50_-42.00_0.25	369.62	1.31	2300
D_146.50_-43.00_0.25	534.62	1.31	2264
D_146.50_-43.50_0.25	267.70	1.31	2246
D_146.50_-44.00_0.25	160.75	1.31	2227
D_146.50_-44.50_0.25	14.48	1.09	2209
D_146.50_-45.00_0.25	19.54	1.00	2190
D_147.00_-18.50_0.25	241.33	1.19	2922
D_147.00_-19.00_0.25	29.33	1.19	2913
D_147.00_-20.00_0.25	29.33	1.19	2896
D_147.00_-20.50_0.25	103.18	1.19	2887
D_147.00_-21.00_0.25	38.61	1.19	2877
D_147.00_-21.50_0.25	29.33	1.19	2868
D_147.00_-23.00_0.25	66.90	1.19	2838
D_147.00_-27.00_0.25	235.81	1.19	2749
D_147.00_-27.50_0.25	66.84	1.19	2737
D_147.00_-28.00_0.25	92.51	1.19	2725
D_147.00_-30.00_0.25	93.83	1.19	2673
D_147.00_-30.50_0.25	58.24	1.19	2660
D_147.00_-32.50_0.25	39.08	1.19	2605
D_147.00_-33.00_0.25	35.44	1.19	2591
D_147.00_-33.50_0.25	44.73	1.19	2576
D_147.00_-34.00_0.25	543.85	1.19	2561
D_147.00_-34.50_0.25	119.28	1.19	2546
D_147.00_-35.00_0.25	25.56	1.19	2531
D_147.00_-35.50_0.25	88.73	1.19	2516
D_147.00_-36.00_0.25	160.22	1.19	2501
D_147.00_-36.50_0.25	102.22	1.19	2485
D_147.00_-37.00_0.25	2059.27	1.19	2469
D_147.00_-37.50_0.25	131.14	1.19	2453
D_147.00_-38.00_0.25	83.67	1.21	2437
D_147.00_-38.50_0.25	193.03	1.21	2420
D_147.00_-39.00_0.25	31.71	1.21	2404
D_147.00_-40.00_0.25	47.69	1.21	2370
D_147.00_-41.00_0.25	80.36	1.19	2335
D_147.00_-41.50_0.25	126.04	1.31	2318
D_147.00_-42.00_0.25	140.10	1.31	2300
D_147.00_-43.50_0.25	159.32	1.31	2246
D_147.00_-44.00_0.25	99.07	1.31	2227
D_147.00_-44.50_0.25	23.11	1.09	2209
D_147.50_-18.50_0.25	344.58	1.19	2922
D_147.50_-19.50_0.25	50.82	1.19	2905
D_147.50_-20.00_0.25	692.39	1.19	2896
D_147.50_-22.00_0.25	33.65	1.19	2858
D_147.50_-23.00_0.25	54.88	1.19	2838
D_147.50_-29.00_0.25	42.38	1.19	2699
D_147.50_-30.00_0.25	79.30	1.19	2673
D_147.50_-31.00_0.25	150.55	1.19	2647
D_147.50_-32.50_0.25	36.59	1.19	2605
D_147.50_-33.00_0.25	83.47	1.19	2591
D_147.50_-33.50_0.25	93.41	1.19	2576
D_147.50_-34.00_0.25	690.64	1.19	2561
D_147.50_-34.50_0.25	278.48	1.19	2546
D_147.50_-35.00_0.25	139.49	1.19	2531
D_147.50_-35.50_0.25	105.18	1.19	2516
D_147.50_-36.00_0.25	131.16	1.19	2501
D_147.50_-36.50_0.25	118.47	1.19	2485
D_147.50_-37.00_0.25	195.62	1.19	2469
D_147.50_-37.50_0.25	124.93	1.19	2453
D_147.50_-38.00_0.25	173.17	1.21	2437
D_147.50_-38.50_0.25	183.77	1.21	2420
D_147.50_-40.50_0.25	65.90	1.21	2353
D_147.50_-41.00_0.25	30.73	1.19	2335
D_147.50_-41.50_0.25	1300.55	1.19	2318
D_147.50_-42.00_0.25	326.81	1.19	2300
D_147.50_-42.50_0.25	241.07	1.31	2282
D_147.50_-43.50_0.25	112.66	1.31	2246
D_147.50_-44.00_0.25	61.60	1.31	2227
D_148.00_-19.00_0.25	58.31	1.19	2913
D_148.00_-19.50_0.25	359.95	1.19	2905
D_148.00_-20.00_0.25	29.33	1.19	2896
D_148.00_-20.50_0.25	88.08	1.19	2887
D_148.00_-23.50_0.25	53.43	1.19	2828
D_148.00_-27.00_0.25	88.68	1.19	2749
D_148.00_-28.00_0.25	273.27	1.19	2725
D_148.00_-32.00_0.25	47.15	1.19	2619
D_148.00_-32.50_0.25	83.72	1.19	2605
D_148.00_-33.00_0.25	14.76	1.19	2591
D_148.00_-33.50_0.25	75.90	1.19	2576
D_148.00_-34.00_0.25	352.91	1.19	2561
D_148.00_-34.50_0.25	199.89	1.19	2546
D_148.00_-35.00_0.25	167.19	1.19	2531
D_148.00_-35.50_0.25	23.33	1.19	2516
D_148.00_-36.00_0.25	106.85	1.19	2501
D_148.00_-36.50_0.25	376.07	1.19	2485
D_148.00_-37.00_0.25	134.39	1.19	2469
D_148.00_-37.50_0.25	251.26	1.19	2453
D_148.00_-38.00_0.25	92.86	1.21	2437
D_148.00_-39.00_0.25	49.35	1.21	2404
D_148.00_-41.00_0.25	52.06	1.19	2335
D_148.00_-41.50_0.25	1133.52	1.19	2318
D_148.00_-42.00_0.25	574.94	1.19	2300
D_148.00_-42.50_0.25	67.38	1.19	2282
D_148.00_-43.50_0.25	67.23	1.19	2246
D_148.00_-45.00_0.25	14.34	1.00	2190
D_148.50_-19.50_0.25	66.90	1.19	2905
D_148.50_-20.00_0.25	124.52	1.19	2896
D_148.50_-20.50_0.25	29.33	1.19	2887
D_148.50_-27.50_0.25	74.15	1.19	2737
D_148.50_-28.50_0.25	372.46	1.19	2712
D_148.50_-29.00_0.25	170.90	1.19	2699
D_148.50_-30.00_0.25	62.80	1.19	2673
D_148.50_-31.50_0.25	23.58	1.19	2633
D_148.50_-32.00_0.25	121.40	1.19	2619
D_148.50_-32.50_0.25	354.25	1.19	2605
D_148.50_-33.00_0.25	101.01	1.19	2591
D_148.50_-33.50_0.25	318.14	1.19	2576
D_148.50_-34.00_0.25	437.60	1.19	2561
D_148.50_-34.50_0.25	540.61	1.19	2546
D_148.50_-35.00_0.25	108.41	1.19	2531
D_148.50_-35.50_0.25	285.92	1.19	2516
D_148.50_-36.00_0.25	680.99	1.19	2501
D_148.50_-36.50_0.25	549.36	1.19	2485
D_148.50_-37.00_0.25	51.12	1.19	2469
D_148.50_-37.50_0.25	69.10	1.19	2453
D_148.50_-38.00_0.25	239.37	1.21	2437
D_148.50_-38.50_0.25	126.60	1.21	2420
D_148.50_-39.50_0.25	1452.04	1.21	2387
D_148.50_-40.00_0.25	120.44	1.19	2370
D_148.50_-40.50_0.25	189.81	1.19	2353
D_148.50_-41.50_0.25	30.73	1.19	2318
D_148.50_-42.00_0.25	46.50	1.19	2300
D_148.50_-42.50_0.25	29.36	1.19	2282
D_149.00_-19.50_0.25	406.69	1.19	2905
D_149.00_-20.00_0.25	1970.65	1.19	2896
D_149.00_-21.00_0.25	101.05	1.19	2877
D_149.00_-23.50_0.25	86.84	1.19	2828
D_149.00_-28.00_0.25	139.49	1.19	2725
D_149.00_-28.50_0.25	280.39	1.19	2712
D_149.00_-29.00_0.25	62.27	1.19	2699
D_149.00_-29.50_0.25	49.83	1.19	2687
D_149.00_-31.50_0.25	14.76	1.19	2633
D_149.00_-32.00_0.25	16.94	1.19	2619
D_149.00_-32.50_0.25	123.69	1.19	2605
D_149.00_-33.00_0.25	443.42	1.19	2591
D_149.00_-33.50_0.25	658.58	1.19	2576
D_149.00_-34.00_0.25	803.81	1.19	2561
D_149.00_-34.50_0.25	1884.26	1.19	2546
D_149.00_-35.00_0.25	2405.92	1.19	2531
D_149.00_-35.50_0.25	127.50	1.19	2516
D_149.00_-36.00_0.25	440.89	1.19	2501
D_149.00_-36.50_0.25	373.33	1.19	2485
D_149.00_-37.50_0.25	42.32	1.19	2453
D_149.00_-38.00_0.25	196.68	1.21	2437
D_149.00_-38.50_0.25	173.73	1.21	2420
D_149.00_-40.00_0.25	26.79	1.19	2370
D_149.00_-40.50_0.25	30.73	1.19	2353
D_149.00_-41.00_0.25	26.79	1.19	2335
D_149.00_-42.50_0.25	14.48	1.09	2282
D_149.00_-43.00_0.25	20.19	1.09	2264
D_149.00_-43.50_0.25	18.07	1.09	2246
D_149.50_-18.00_0.25	36.24	1.09	2930
D_149.50_-18.50_0.25	46.86	1.09	2922
D_149.50_-19.50_0.25	48.57	1.19	2905
D_149.50_-21.00_0.25	152.63	1.19	2877
D_149.50_-21.50_0.25	39.23	1.19	2868
D_149.50_-22.50_0.25	67.18	1.19	2848
D_149.50_-24.50_0.25	52.07	1.19	2806
D_149.50_-27.50_0.25	28.22	1.19	2737
D_149.50_-28.00_0.25	104.87	1.19	2725
D_149.50_-28.50_0.25	229.62	1.19	2712
D_149.50_-29.00_0.25	88.41	1.19	2699
D_149.50_-30.50_0.25	31.38	1.19	2660
D_149.50_-31.00_0.25	277.63	1.19	2647
D_149.50_-31.50_0.25	70.86	1.19	2633
D_149.50_-32.00_0.25	436.55	1.19	2619
D_149.50_-32.50_0.25	198.63	1.19	2605
D_149.50_-33.00_0.25	86.92	1.19	2591
D_149.50_-33.50_0.25	98.91	1.19	2576
D_149.50_-34.00_0.25	60.66	1.19	2561
D_149.50_-34.50_0.25	346.91	1.19	2546
D_149.50_-35.00_0.25	972.55	1.19	2531
D_149.50_-35.50_0.25	52.18	1.19	2516
D_149.50_-36.00_0.25	107.36	1.19	2501
D_149.50_-36.50_0.25	148.46	1.19	2485
D_149.50_-37.50_0.25	38.62	1.19	2453
D_149.50_-38.00_0.25	160.56	1.21	2437
D_149.50_-38.50_0.25	65.50	1.21	2420
D_149.50_-39.00_0.25	37.81	1.21	2404
D_149.50_-40.50_0.25	23.82	1.09	2353
D_150.00_-20.00_0.25	68.73	1.19	2896
D_150.00_-20.50_0.25	59.25	1.19	2887
D_150.00_-25.50_0.25	37.91	1.19	2784
D_150.00_-28.00_0.25	287.96	1.19	2725
D_150.00_-29.50_0.25	134.27	1.19	2687
D_150.00_-30.00_0.25	66.73	1.19	2673
D_150.00_-30.50_0.25	80.73	1.19	2660
D_150.00_-31.00_0.25	44.33	1.19	2647
D_150.00_-32.00_0.25	78.80	1.19	2619
D_150.00_-32.50_0.25	76.55	1.19	2605
D_150.00_-33.00_0.25	97.16	1.19	2591
D_150.00_-33.50_0.25	605.45	1.19	2576
D_150.00_-34.00_0.25	119.32	1.19	2561
D_150.00_-34.50_0.25	172.63	1.19	2546
D_150.00_-35.00_0.25	135.93	1.19	2531
D_150.00_-35.50_0.25	25.58	1.19	2516
D_150.00_-36.00_0.25	29.33	1.19	2501
D_150.00_-36.50_0.25	218.86	1.19	2485
D_150.00_-37.00_0.25	37.67	1.19	2469
D_150.00_-38.00_0.25	188.27	1.21	2437
D_150.00_-38.50_0.25	59.32	1.21	2420
D_150.00_-39.50_0.25	25.27	1.09	2387
D_150.50_-20.50_0.25	84.80	1.19	2887
D_150.50_-22.00_0.25	175.13	1.19	2858
D_150.50_-23.50_0.25	59.89	1.19	2828
D_150.50_-24.50_0.25	218.20	1.19	2806
D_150.50_-25.00_0.25	93.55	1.19	2795
D_150.50_-25.50_0.25	134.21	1.19	2784
D_150.50_-26.00_0.25	45.78	1.19	2772
D_150.50_-26.50_0.25	74.71	1.19	2761
D_150.50_-28.00_0.25	151.70	1.19	2725
D_150.50_-29.00_0.25	141.25	1.19	2699
D_150.50_-29.50_0.25	57.45	1.19	2687
D_150.50_-30.00_0.25	100.17	1.19	2673
D_150.50_-30.50_0.25	131.10	1.19	2660
D_150.50_-31.00_0.25	32.95	1.19	2647
D_150.50_-31.50_0.25	52.30	1.19	2633
D_150.50_-32.00_0.25	98.11	1.19	2619
D_150.50_-32.50_0.25	121.81	1.19	2605
D_150.50_-33.50_0.25	272.62	1.19	2576
D_150.50_-34.00_0.25	1278.08	1.19	2561
D_150.50_-34.50_0.25	1477.16	1.19	2546
D_150.50_-35.00_0.25	33.75	1.19	2531
D_150.50_-35.50_0.25	56.81	1.19	2516
D_150.50_-36.00_0.25	54.31	1.09	2501
D_150.50_-36.50_0.25	107.68	1.09	2485
D_150.50_-37.00_0.25	51.44	1.09	2469
D_150.50_-37.50_0.25	77.65	1.09	2453
D_150.50_-38.00_0.25	48.20	1.09	2437
D_151.00_-20.00_0.25	76.34	1.09	2896
D_151.00_-20.50_0.25	142.28	1.19	2887
D_151.00_-21.50_0.25	107.38	1.19	2868
D_151.00_-23.00_0.25	319.25	1.19	2838
D_151.00_-24.00_0.25	39.94	1.19	2817
D_151.00_-24.50_0.25	41.30	1.19	2806
D_151.00_-25.00_0.25	56.11	1.19	2795
D_151.00_-25.50_0.25	97.35	1.19	2784
D_151.00_-26.00_0.25	79.14	1.19	2772
D_151.00_-28.50_0.25	28.22	1.19	2712
D_151.00_-29.00_0.25	219.87	1.19	2699
D_151.00_-29.50_0.25	64.75	1.19	2687
D_151.00_-30.00_0.25	167.84	1.19	2673
D_151.00_-30.50_0.25	209.89	1.19	2660
D_151.00_-31.00_0.25	61.00	1.19	2647
D_151.00_-31.50_0.25	16.94	1.19	2633
D_151.00_-32.00_0.25	163.34	1.19	2619
D_151.00_-32.50_0.25	765.98	1.19	2605
D_151.00_-33.00_0.25	108.30	1.19	2591
D_151.00_-33.50_0.25	50.62	1.19	2576
D_151.00_-34.00_0.25	310.74	1.19	2561
D_151.00_-34.50_0.25	187.75	1.19	2546
D_151.00_-35.00_0.25	42.69	1.09	2531
D_151.00_-35.50_0.25	21.61	1.09	2516
D_151.00_-36.00_0.25	19.23	1.00	2501
D_151.00_-36.50_0.25	25.03	1.00	2485
D_151.00_-37.00_0.25	31.60	1.00	2469
D_151.00_-37.50_0.25	21.02	1.00	2453
D_151.50_-20.00_0.25	75.38	1.09	2896
D_151.50_-21.00_0.25	121.65	1.19	2877
D_151.50_-21.50_0.25	111.90	1.19	2868
D_151.50_-23.00_0.25	54.61	1.19	2838
D_151.50_-24.00_0.25	73.86	1.19	2817
D_151.50_-24.50_0.25	129.35	1.19	2806
D_151.50_-25.00_0.25	891.52	1.19	2795
D_151.50_-25.50_0.25	1384.22	1.19	2784
D_151.50_-26.00_0.25	203.85	1.19	2772
D_151.50_-26.50_0.25	263.01	1.19	2761
D_151.50_-27.00_0.25	26.97	1.19	2749
D_151.50_-29.50_0.25	228.33	1.19	2687
D_151.50_-30.00_0.25	247.60	1.19	2673
D_151.50_-30.50_0.25	154.47	1.19	2660
D_151.50_-31.00_0.25	220.76	1.19	2647
D_151.50_-32.00_0.25	44.49	1.19	2619
D_151.50_-32.50_0.25	177.68	1.19	2605
D_151.50_-33.00_0.25	2200.12	1.19	2591
D_151.50_-33.50_0.25	77.42	1.19	2576
D_151.50_-34.00_0.25	196.02	1.19	2561
D_151.50_-34.50_0.25	78.36	1.09	2546
D_151.50_-35.00_0.25	18.67	1.00	2531
D_151.50_-35.50_0.25	15.70	1.00	2516
D_151.50_-37.00_0.25	7.65	1.00	2469
D_151.50_-37.50_0.25	23.44	1.00	2453
D_151.50_-38.00_0.25	13.19	1.00	2437
D_151.50_-41.50_0.25	17.95	1.00	2318
D_152.00_-19.50_0.25	152.36	1.09	2905
D_152.00_-21.00_0.25	584.29	1.19	2877
D_152.00_-22.50_0.25	68.64	1.09	2848
D_152.00_-25.50_0.25	92.48	1.19	2784
D_152.00_-26.50_0.25	208.66	1.19	2761
D_152.00_-27.00_0.25	29.58	1.19	2749
D_152.00_-27.50_0.25	51.55	1.19	2737
D_152.00_-28.00_0.25	49.05	1.19	2725
D_152.00_-29.00_0.25	59.53	1.19	2699
D_152.00_-29.50_0.25	44.59	1.19	2687
D_152.00_-30.50_0.25	31.94	1.19	2660
D_152.00_-31.00_0.25	115.27	1.19	2647
D_152.00_-32.00_0.25	46.59	1.19	2619
D_152.00_-32.50_0.25	256.72	1.19	2605
D_152.00_-33.00_0.25	74.05	1.19	2591
D_152.00_-33.50_0.25	109.76	1.19	2576
D_152.00_-34.00_0.25	47.33	1.09	2561
D_152.00_-34.50_0.25	13.29	1.00	2546
D_152.00_-40.00_0.25	38.70	1.00	2370
D_152.50_-21.00_0.25	189.90	1.19	2877
D_152.50_-21.50_0.25	249.84	1.19	2868
D_152.50_-22.00_0.25	165.64	1.19	2858
D_152.50_-22.50_0.25	60.41	1.09	2848
D_152.50_-23.00_0.25	25.91	1.09	2838
D_152.50_-23.50_0.25	472.45	1.09	2828
D_152.50_-24.00_0.25	153.43	1.09	2817
D_152.50_-24.50_0.25	141.38	1.19	2806
D_152.50_-25.00_0.25	46.80	1.19	2795
D_152.50_-25.50_0.25	117.20	1.19	2784
D_152.50_-26.50_0.25	94.58	1.19	2761
D_152.50_-27.00_0.25	245.03	1.19	2749
D_152.50_-27.50_0.25	105.18	1.19	2737
D_152.50_-28.50_0.25	56.99	1.19	2712
D_152.50_-29.00_0.25	35.50	1.19	2699
D_152.50_-30.50_0.25	39.54	1.19	2660
D_152.50_-32.00_0.25	59.59	1.19	2619
D_152.50_-32.50_0.25	270.70	1.19	2605
D_152.50_-33.00_0.25	31.07	1.09	2591
D_152.50_-33.50_0.25	76.82	1.09	2576
D_152.50_-34.00_0.25	11.35	1.00	2561
D_152.50_-38.50_0.25	16.55	1.00	2420
D_153.00_-22.00_0.25	310.08	1.09	2858
D_153.00_-22.50_0.25	38.55	1.09	2848
D_153.00_-23.50_0.25	147.85	1.09	2828
D_153.00_-24.00_0.25	245.11	1.09	2817
D_153.00_-24.50_0.25	76.55	1.09	2806
D_153.00_-25.00_0.25	32.37	1.19	2795
D_153.00_-25.50_0.25	266.77	1.19	2784
D_153.00_-26.50_0.25	33.93	1.19	2761
D_153.00_-27.50_0.25	120.13	1.19	2737
D_153.00_-29.50_0.25	32.37	1.19	2687
D_153.00_-30.50_0.25	200.34	1.19	2660
D_153.00_-31.00_0.25	70.11	1.19	2647
D_153.00_-31.50_0.25	67.12	1.19	2633
D_153.00_-32.00_0.25	16.99	1.09	2619
D_153.00_-32.50_0.25	14.98	1.09	2605
D_153.00_-37.50_0.25	12.13	1.00	2453
D_153.00_-38.50_0.25	25.97	1.00	2420
D_153.50_-22.00_0.25	97.08	1.09	2858
D_153.50_-23.50_0.25	78.93	1.09	2828
D_153.50_-24.00_0.25	107.52	1.09	2817
D_153.50_-24.50_0.25	54.52	1.09	2806
D_153.50_-25.00_0.25	38.08	1.09	2795
D_153.50_-25.50_0.25	17.30	1.09	2784
D_153.50_-26.00_0.25	69.98	1.19	2772
D_153.50_-29.50_0.25	32.37	1.19	2687
D_153.50_-32.00_0.25	31.85	1.09	2619
D_154.00_-22.00_0.25	81.46	1.09	2858
D_154.00_-24.50_0.25	21.24	1.00	2806
D_154.00_-25.50_0.25	54.54	1.09	2784
D_154.00_-26.00_0.25	15.25	1.09	2772
D_154.00_-26.50_0.25	15.38	1.09	2761
D_154.00_-28.00_0.25	22.54	1.09	2725
D_154.50_-23.00_0.25	69.98	1.09	2838
D_154.50_-25.50_0.25	143.24	1.00	2784
D_154.50_-26.50_0.25	9.41	1.00	2761
D_154.50_-30.00_0.25	19.25	1.00	2673
D_154.50_-32.50_0.25	7.70	1.00	2605
D_154.50_-36.00_0.25	7.86	1.00	2501
D_155.00_-25.00_0.25	14.64	1.00	2795
D_155.00_-26.00_0.25	12.44	1.00	2772
D_155.00_-26.50_0.25	34.81	1.00	2761
D_155.00_-27.50_0.25	22.10	1.00	2737
D_155.00_-31.50_0.25	13.10	1.00	2633
D_155.00_-35.50_0.25	7.00	1.00	2516
