1909 04 27 1242 144.171 -3.315  15.0 7.06 MW 
1918 09 02 1414 146.265 -3.029  15.0 6.27 MW 
1923 11 04 0004 152.852 -4.564  35.0 6.97 MW 
1924 05 24 0215 146.018 -3.360  15.0 6.23 MW 
1928 10 15 0831 150.671 -3.686  15.0 6.25 MW 
1927 05 02 1234 153.124 -4.386  35.0 5.91 MW 
1932 12 24 0630 145.838 -3.361  15.0 6.58 MW 
1927 11 09 0105 146.980 -3.452  35.0 5.91 MW 
1933 12 12 1411 152.992 -4.234  15.0 6.36 MW 
1930 05 20 0743 146.266 -3.393  35.0 6.01 MW 
1933 12 24 1045 148.855 -3.314  15.0 6.26 MW 
1935 10 11 2215 144.603 -3.528  15.0 6.38 MW 
1936 04 02 0616 150.860 -3.340  25.0 6.35 MW 
1936 05 25 0302 146.701 -3.308  15.0 6.28 MW 
1934 06 22 1755 150.301 -3.354  35.0 5.85 MW 
1938 01 07 1526 152.320 -3.718  15.0 6.47 MW 
1940 11 27 1441 151.031 -3.564  25.0 6.35 MW 
1942 08 15 1502 149.371 -3.488  15.0 6.27 MW 
1944 06 09 2034 144.902 -3.418  25.0 6.31 MW 
1945 04 22 0349 146.035 -3.622  25.0 6.27 MW 
1945 09 22 0910 148.554 -3.068  25.0 6.37 MW 
1938 02 06 0707 150.015 -3.566  15.0 5.66 MW 
1948 03 09 1847 146.113 -3.326  25.0 6.73 MW 
1948 09 24 2041 144.049 -3.474  15.0 6.45 MW 
1949 01 27 0718 151.077 -3.585  25.0 6.23 MW 
1953 04 23 1624 152.868 -4.449  35.0 7.38 MW 
1953 10 06 2138 150.764 -3.649  20.0 6.60 MW 
1958 06 25 0936 144.830 -3.320  30.0 6.82 MW 
1958 08 17 1801 145.997 -3.488  20.0 6.34 MW 
1951 06 25 1543 149.951 -3.665  15.0 6.13 MW 
1958 11 01 0338 150.293 -3.338  15.0 6.34 MW 
1953 01 03 1746 146.835 -3.295  15.0 6.00 MW 
1961 10 26 0038 148.190 -3.036  20.0 6.46 MW 
1963 09 09 0245 152.832 -4.365  15.0 6.20 MW 
1954 07 06 0400 148.177 -2.918  15.0 6.13 MW 
1954 12 21 1157 145.689 -3.453  15.0 6.16 MW 
1958 05 17 0702 147.260 -3.304  25.0 6.12 MW 
1958 08 10 1806 151.775 -3.628  15.0 5.79 MW 
1959 05 07 0003 148.475 -3.190  25.0 6.19 MW 
1959 09 12 0701 146.768 -3.222  25.0 5.90 MW 
1961 03 15 1015 150.861 -3.309  30.0 6.09 MW 
1962 02 23 2021 152.161 -3.696  15.0 5.79 MW 
1963 05 15 0252 146.957 -3.271  35.0 5.86 MW 
1964 10 13 1038 150.221 -3.394  10.0 5.57 MW 
1969 07 29 0155 144.902 -3.397  15.0 5.60 MW 
1974 11 19 0458 150.615 -3.148  10.0 6.15 MW 
1976 02 22 0511 145.590 -3.472  25.3 5.49 MW gcmt
1979 02 09 1555 145.170 -3.460  15.0 5.59 MW 
1979 04 17 2045 148.071 -3.035  10.0 5.64 MW 
1981 03 10 0105 144.857 -3.549  15.0 5.51 MW 
1984 08 22 1203 148.072 -3.022  15.0 5.53 MW 
1985 02 17 0252 148.962 -3.469  20.0 5.56 MW gcmt
1985 07 01 0407 146.934 -3.264  18.0 5.55 MW 
1989 02 07 1508 148.881 -3.300  15.0 5.60 MW gcmt
1988 03 05 1240 151.425 -3.766  23.1 5.49 MW gcmt
1990 04 29 0543 151.905 -4.018  15.0 5.56 MW gcmt
1991 01 27 0925 149.095 -3.299  19.0 5.49 MW gcmt
1995 08 12 1400 149.086 -3.483  16.6 5.51 MW gcmt
1996 08 10 0020 151.265 -3.819  30.0 5.68 MW gcmt
1994 10 20 0503 146.728 -3.213  25.6 5.36 MW gcmt
1994 12 30 2255 152.794 -4.154  26.7 5.42 MW gcmt
1997 06 02 1925 148.897 -3.417  15.0 5.57 MW gcmt
1995 11 11 1009 151.709 -3.889  23.3 5.30 MW gcmt
1999 09 13 0443 149.704 -3.486  15.0 5.56 MW gcmt
1996 10 11 1707 145.093 -3.531  15.0 5.22 MW gcmt
2000 12 13 0610 148.475 -3.093  15.0 5.67 MW gcmt
1997 04 12 0411 152.985 -4.519  37.5 5.14 MW gcmt
2001 04 03 1321 149.099 -3.428  15.0 5.58 MW gcmt
1997 11 19 2002 149.789 -3.560  15.0 5.47 MW gcmt
1997 12 28 0325 152.975 -4.454  36.2 5.41 MW gcmt
2002 03 20 1429 145.006 -3.616  15.0 5.54 MW gcmt
1999 07 21 0119 145.080 -3.406  15.0 5.37 MW gcmt
2004 08 10 0537 150.353 -3.155  20.0 5.44 MW gcmt
2004 12 12 1603 145.281 -3.501  15.0 5.43 MW gcmt
2005 03 31 0126 152.519 -3.815  40.2 4.97 MW gcmt
2006 12 29 1631 151.798 -3.713  15.0 5.09 MW gcmt
2007 04 14 2316 144.838 -3.654  15.0 5.30 MW gcmt
2007 06 01 1922 148.749 -3.473  15.0 5.48 MW gcmt
2009 08 25 2139 147.437 -3.000  15.2 5.19 MW gcmt
2009 10 26 0139 151.166 -3.840  15.0 5.16 MW gcmt
2011 07 11 0027 146.574 -3.275  15.0 5.26 MW gcmt
2013 06 19 0652 151.481 -3.758  15.0 5.44 MW gcmt
2014 09 07 0523 151.447 -3.785  16.8 5.05 MW gcmt
2018 01 28 0729 148.846 -3.635  15.0 5.46 MW gcmt
2018 07 04 1143 151.669 -3.856  18.5 5.22 MW gcmt
2018 08 02 0813 144.967 -3.558  17.3 5.25 MW gcmt
2018 08 06 1824 151.231 -3.885  24.0 5.20 MW gcmt
2018 08 11 0104 147.373 -2.985  15.0 5.32 MW gcmt
