1941 04 29 0135 116.197 -26.791  25.0 6.80 MW MS2MW
1961 06 18 1613 119.300 -20.100  13.0 4.99 MW ML2MW
1963 08 27 1915 128.600 -16.600  33.0 4.77 MW mb2MW
1964 03 23 2241 123.042 -17.875  27.3 4.64 MW mb2MW
1965 09 10 1224 122.200 -18.100  18.0 4.67 MW ML2MW
1968 06 19 0555 124.900 -19.100  18.0 4.64 MW mb2MW
1968 08 06 1908 123.200 -18.500  18.0 4.93 MW mb2MW
1969 09 24 2339 118.200 -21.700   7.0 4.64 MW mb2MW
1970 02 01 1840 118.500 -20.300   7.0 4.64 MW mb2MW
1970 03 24 1035 126.673 -22.059  15.0 5.90 MW MS2MW
1971 07 12 2259 115.160 -24.540   0.0 4.64 MW mb2MW
1972 04 12 2213 120.000 -20.620   0.0 4.07 MW ML2MW
1972 10 21 0233 115.550 -24.880   0.0 4.28 MW ML2MW
1973 03 11 1604 127.418 -21.889  10.0 4.55 MW mb2MW
1975 03 06 2351 126.488 -17.212   0.0 4.77 MW mb2MW
1975 07 24 2223 120.470 -21.090   0.0 4.55 MW mb2MW
1975 08 25 1128 123.286 -18.958   0.0 4.30 MW mb2MW
1975 11 28 1755 115.560 -21.530   0.0 4.39 MW mb2MW
1976 03 15 1538 125.470 -32.340  10.0 4.77 MW mb2MW
1976 04 18 1950 126.546 -22.184  51.0 4.22 MW mb2MW
1976 10 21 1112 126.665 -22.347  33.0 4.47 MW mb2MW
1976 11 28 1834 122.417 -18.618  33.0 4.05 MW mb2MW
1977 12 30 1009 117.172 -25.245  33.0 4.40 MW ML2MW
1978 05 01 0342 115.503 -23.464   0.0 4.47 MW mb2MW
1978 05 06 1952 126.560 -19.550  17.0 4.77 MW mb2MW
1979 07 14 0940 122.755 -18.103  15.0 5.04 MW GCMT
1979 07 16 2039 127.049 -17.224  10.0 4.23 MW ML2MW
1982 02 13 0826 126.643 -22.096  10.0 4.39 MW mb2MW
1982 10 03 1700 115.850 -22.090  10.0 4.00 MW ML2MW
1982 11 03 0240 120.480 -20.530  37.0 4.09 MW ML2MW
1982 12 31 2219 124.142 -17.450  33.0 4.14 MW mb2MW
1985 02 10 1559 129.910 -25.310   0.0 3.22 MW ML2MW
1985 03 03 1104 126.590 -18.270  10.0 3.11 MW ML2MW
1985 04 03 0150 132.455 -23.016   9.0 4.30 MW ML2MW
1985 04 09 0718 120.520 -20.490  10.0 3.12 MW ML2MW
1985 04 21 1456 121.897 -19.965  10.0 3.48 MW ML2MW
1985 05 05 1650 116.630 -25.960  10.0 3.73 MW ML2MW
1985 05 20 2258 120.860 -18.410  10.0 3.39 MW ML2MW
1985 05 26 1243 118.580 -20.350  10.0 3.08 MW ML2MW
1985 07 10 0824 132.000 -25.500   0.0 3.10 MW ML2MW
1985 07 23 0947 126.797 -19.310  10.0 4.03 MW ML2MW
1986 01 02 2313 115.150 -20.790   5.0 3.04 MW ML2MW
1986 03 30 0853 132.734 -26.310   5.0 5.71 MW GCMT
1986 04 14 1932 131.345 -24.879  10.0 3.72 MW ML2MW
1986 04 16 0601 123.480 -20.450   5.0 3.21 MW ML2MW
1986 04 24 0823 127.880 -18.090   5.0 3.05 MW ML2MW
1986 05 21 2042 116.220 -25.310   5.0 3.31 MW ML2MW
1986 05 26 0555 128.992 -27.768   5.0 3.90 MW ML2MW
1986 07 20 0125 126.460 -21.980   5.0 3.10 MW ML2MW
1986 08 24 0454 126.705 -21.648  10.0 3.34 MW ML2MW
1986 09 04 1910 133.333 -33.619  21.9 3.08 MW ML2MW
1986 09 06 1041 119.050 -22.730   5.0 3.09 MW ML2MW
1986 10 16 2136 114.590 -22.610   5.0 3.82 MW ML2MW
1986 11 28 1546 129.779 -25.433   5.0 3.74 MW ML2MW
1986 12 14 0932 121.510 -19.180   5.0 3.33 MW ML2MW
1986 12 18 0126 122.808 -17.265   5.0 3.25 MW ML2MW
1987 03 30 0510 131.519 -26.062  33.0 3.56 MW ML2MW
1987 04 10 0643 122.100 -17.250   5.0 3.14 MW ML2MW
1987 05 21 0315 128.348 -16.842   0.0 3.27 MW ML2MW
1987 07 05 1105 120.700 -18.470   5.0 3.04 MW ML2MW
1987 08 30 1423 128.679 -16.739  14.0 3.95 MW ML2MW
1987 11 01 1527 126.600 -22.080   5.0 3.09 MW ML2MW
1987 11 19 1800 120.150 -21.300  25.0 3.41 MW ML2MW
1987 12 04 1315 120.624 -17.655  10.0 4.03 MW ML2MW
1987 12 13 1529 126.270 -29.610   5.0 3.07 MW ML2MW
1987 12 27 0807 114.380 -23.760   5.0 3.40 MW ML2MW
1988 02 06 0524 124.730 -16.601  15.0 5.10 MW EHB
1988 03 12 1359 128.829 -16.640   5.0 3.10 MW ML2MW
1988 04 23 2338 126.628 -21.817   5.0 3.13 MW ML2MW
1988 05 09 1924 126.430 -21.920   5.0 3.11 MW ML2MW
1988 05 18 0903 122.280 -18.960   5.0 3.10 MW ML2MW
1988 06 15 0913 126.500 -31.720   5.0 4.02 MW ML2MW
1988 06 23 1131 128.606 -16.814  10.0 3.92 MW ML2MW
1988 07 14 2236 128.783 -16.862  33.0 3.81 MW ML2MW
1988 07 16 0016 117.050 -25.080   5.0 3.10 MW ML2MW
1988 07 30 0414 123.540 -18.410   5.0 3.07 MW ML2MW
1988 08 25 2133 128.583 -16.694  10.0 3.20 MW ML2MW
1988 09 21 0228 128.130 -17.380   5.0 3.37 MW ML2MW
1988 09 25 0628 132.342 -31.226  15.3 3.30 MW ML2MW
1988 10 19 1549 115.310 -22.840   5.0 3.21 MW ML2MW
1988 11 01 0425 129.540 -25.090   5.0 3.11 MW ML2MW
1988 11 04 0734 128.030 -29.940   5.0 3.09 MW ML2MW
1988 11 24 2344 116.440 -25.350   5.0 3.14 MW ML2MW
1988 12 15 1856 124.583 -19.164   5.0 3.60 MW ML2MW
1988 12 23 0424 126.510 -22.000   5.0 3.04 MW ML2MW
1989 01 07 1141 116.060 -25.390   5.0 3.60 MW ML2MW
1989 03 21 1800 114.580 -23.240  10.0 3.45 MW ML2MW
1989 04 01 0517 127.770 -19.280  10.0 3.17 MW ML2MW
1989 04 10 0737 126.618 -17.124   5.0 3.25 MW ML2MW
1989 05 28 0255 130.755 -25.139  28.6 4.73 MW ML2MW
1989 09 13 2152 129.969 -21.517   5.0 3.02 MW ML2MW
1989 11 04 0057 127.798 -17.236   5.0 3.30 MW ML2MW
1989 12 05 2249 118.942 -21.318  10.0 3.49 MW ML2MW
1990 01 12 0549 131.570 -25.620   5.0 3.44 MW ML2MW
1990 01 12 0950 131.239 -23.053   5.0 4.05 MW ML2MW
1990 02 20 1418 128.532 -16.713  10.0 3.17 MW ML2MW
1990 03 20 2109 124.310 -18.506   5.0 3.38 MW ML2MW
1990 03 21 1337 129.510 -25.430  10.0 4.12 MW ML2MW
1990 06 26 2030 126.799 -18.698   5.0 3.31 MW ML2MW
1990 06 27 1423 123.117 -18.833   5.0 3.17 MW ML2MW
1990 07 16 1421 137.300 -35.333   2.9 3.04 MW ML2MW
1990 08 11 1754 130.270 -23.120  10.0 4.12 MW ML2MW
1990 08 17 1214 122.631 -17.849  10.0 3.92 MW ML2MW
1990 09 12 1205 122.870 -18.630   5.0 3.24 MW ML2MW
1990 10 18 0952 115.804 -25.912   5.0 3.04 MW ML2MW
1990 11 25 2146 126.400 -21.730   5.0 3.11 MW ML2MW
1990 12 01 2054 131.809 -26.527  12.9 3.31 MW ML2MW
1990 12 01 2235 131.325 -26.582  21.6 3.85 MW ML2MW
1991 01 09 1022 123.921 -17.534  10.0 3.58 MW ML2MW
1991 03 09 1522 120.752 -20.570   5.0 3.04 MW ML2MW
1991 03 24 0311 115.962 -21.914   5.0 3.11 MW ML2MW
1991 04 18 0450 132.807 -26.447  10.0 3.00 MW ML2MW
1991 05 16 0202 116.093 -25.457   9.0 3.04 MW ML2MW
1991 06 17 0452 121.678 -19.974   5.0 3.17 MW ML2MW
1991 07 28 0531 122.305 -17.719   5.0 3.17 MW ML2MW
1991 08 18 1156 128.607 -16.770  10.0 3.71 MW ML2MW
1991 08 30 1404 119.671 -20.535   5.0 3.31 MW ML2MW
1991 09 23 2119 120.786 -21.171  10.0 3.78 MW ML2MW
1991 10 06 2259 129.087 -16.877   5.0 3.51 MW ML2MW
1991 10 09 1646 128.663 -16.706   5.0 3.58 MW ML2MW
1991 10 25 0505 119.907 -20.460   5.0 3.11 MW ML2MW
1991 11 18 0449 119.420 -20.398   5.0 3.38 MW ML2MW
1992 01 18 0249 126.708 -19.856   5.0 3.11 MW ML2MW
1992 03 10 0347 130.077 -25.449   5.0 3.24 MW ML2MW
1992 03 31 0214 126.875 -18.820  10.0 3.97 MW mb2MW
1992 04 16 0801 116.674 -24.416   5.3 3.31 MW ML2MW
1992 04 18 2040 123.250 -17.322  10.0 3.44 MW ML2MW
1992 04 28 2134 116.485 -27.539  37.0 3.24 MW ML2MW
1992 06 02 0116 127.954 -22.015   5.0 3.24 MW ML2MW
1992 06 13 1805 130.096 -23.862  16.0 4.12 MW ML2MW
1992 06 14 1528 129.200 -21.450  10.0 3.17 MW ML2MW
1992 07 07 1609 121.052 -21.360  10.0 3.24 MW ML2MW
1992 07 12 1746 123.066 -19.903   5.0 3.11 MW ML2MW
1992 07 14 0519 129.220 -22.160  10.0 3.31 MW ML2MW
1992 07 15 0017 126.433 -22.064   5.0 4.38 MW ML2MW
1992 07 27 0940 129.286 -24.284   5.0 3.11 MW ML2MW
1992 07 27 1159 122.139 -17.616   5.0 3.78 MW ML2MW
1992 08 02 0734 126.730 -19.906   5.0 3.24 MW ML2MW
1992 08 05 2152 114.409 -21.585   5.0 3.04 MW ML2MW
1992 08 22 1054 128.791 -27.452   5.0 3.65 MW ML2MW
1992 11 16 2104 127.206 -17.034   5.0 3.24 MW ML2MW
1992 11 29 1557 116.356 -23.937  10.0 3.11 MW ML2MW
1992 12 03 1737 131.395 -25.931  10.0 3.51 MW ML2MW
1992 12 29 2020 129.870 -25.404   0.0 3.78 MW ML2MW
1993 03 08 1142 120.793 -21.108   5.0 3.38 MW ML2MW
1993 03 11 2216 114.606 -21.552   5.0 3.44 MW ML2MW
1993 03 22 0208 129.903 -25.392   0.0 3.24 MW ML2MW
1993 03 27 0808 122.821 -18.561   5.0 3.17 MW ML2MW
1993 07 06 2359 126.368 -22.569   5.0 3.31 MW ML2MW
1993 07 09 1006 115.713 -24.458   5.0 3.51 MW ML2MW
1993 08 11 1914 126.841 -19.514  10.0 3.44 MW ML2MW
1993 08 28 1926 127.925 -16.133   5.0 3.24 MW ML2MW
1993 11 20 0738 125.726 -20.590   5.0 3.31 MW ML2MW
1993 12 07 2353 134.239 -33.816   4.0 3.05 MW ML2MW
1994 04 19 1125 126.548 -21.917   5.0 3.38 MW ML2MW
1994 06 26 0736 133.815 -33.605  13.3 3.17 MW ML2MW
1994 07 12 2029 137.517 -35.727  14.1 3.04 MW ML2MW
1994 08 22 0331 126.315 -21.986   5.0 3.38 MW ML2MW
1994 09 01 0625 130.459 -22.873   5.0 3.17 MW ML2MW
1994 09 04 2144 137.987 -30.302   7.5 3.11 MW ML2MW
1994 10 09 1501 128.070 -16.652   5.0 3.51 MW ML2MW
1994 12 02 1942 130.133 -23.587   0.0 3.92 MW ML2MW
1994 12 27 1910 130.248 -23.649   5.0 3.11 MW ML2MW
1995 01 09 0533 120.526 -20.936   5.0 3.44 MW ML2MW
1995 01 20 0804 120.780 -20.891   5.0 3.24 MW ML2MW
1995 01 27 1914 123.229 -18.859   5.0 3.38 MW ML2MW
1995 02 21 0126 122.512 -18.886   5.0 3.17 MW ML2MW
1995 02 23 0403 126.226 -21.905   5.0 3.31 MW ML2MW
1995 03 06 1056 129.814 -22.129   6.0 3.31 MW ML2MW
1995 03 16 2301 130.406 -23.347   5.0 3.11 MW ML2MW
1995 03 17 0927 123.529 -18.086   5.0 3.04 MW ML2MW
1995 04 05 2338 126.953 -32.672   5.0 3.78 MW ML2MW
1995 07 01 1843 122.416 -17.483  36.5 3.24 MW ML2MW
1995 07 10 1225 132.316 -22.357   0.0 3.24 MW ML2MW
1995 08 07 0030 120.146 -21.362   5.0 3.17 MW ML2MW
1995 08 10 0650 131.704 -22.357   0.0 3.17 MW ML2MW
1995 08 15 0157 120.813 -18.414   5.0 3.17 MW ML2MW
1995 09 21 0940 127.504 -22.249  10.0 3.88 MW mb2MW
1995 10 19 0355 122.835 -18.546   5.0 3.31 MW ML2MW
1995 10 27 1028 137.017 -35.239  15.5 3.92 MW ML2MW
1995 11 20 1116 131.450 -25.991  10.0 3.44 MW ML2MW
1995 12 12 2211 124.282 -18.527   5.0 3.31 MW ML2MW
1996 01 22 1234 120.813 -21.123   5.0 3.11 MW ML2MW
1996 02 04 1755 120.897 -18.863   5.0 3.38 MW ML2MW
1996 03 11 2324 127.149 -16.578   5.0 3.51 MW ML2MW
1996 04 22 0958 126.595 -22.082   5.0 3.51 MW ML2MW
1996 04 28 2052 128.651 -16.663  18.0 3.11 MW ML2MW
1996 05 10 1248 120.163 -20.856  14.6 3.38 MW ML2MW
1996 05 21 2021 121.966 -18.535  30.0 3.24 MW ML2MW
1996 07 09 0926 129.936 -26.990   5.0 3.24 MW ML2MW
1996 07 15 0519 116.075 -26.239  18.0 3.04 MW ML2MW
1996 08 29 1214 120.132 -21.034   5.0 3.58 MW ML2MW
1996 09 02 0546 128.652 -16.563   1.0 3.11 MW ML2MW
1996 09 04 1211 130.685 -26.444   0.0 3.11 MW ML2MW
1996 09 06 2024 115.047 -27.240   5.0 3.31 MW ML2MW
1996 10 23 1823 128.650 -16.598   5.0 3.51 MW ML2MW
1996 11 12 0502 130.005 -21.963  11.0 3.11 MW ML2MW
1996 11 30 1723 117.480 -25.230  10.0 3.63 MW mb2MW
1996 11 30 1738 116.682 -24.560   5.0 3.17 MW ML2MW
1996 12 01 0450 132.988 -26.695   5.0 3.38 MW ML2MW
1996 12 06 0401 128.704 -23.405   5.0 3.04 MW ML2MW
1996 12 10 0602 128.448 -26.251   5.0 3.38 MW ML2MW
1996 12 31 1504 122.458 -17.708   5.0 3.24 MW ML2MW
1997 02 22 0848 126.327 -21.757  12.0 3.65 MW ML2MW
1997 03 03 0305 127.003 -16.597   5.0 3.31 MW ML2MW
1997 03 18 2324 119.532 -19.209  33.0 3.31 MW ML2MW
1997 06 23 2044 131.870 -23.110  19.0 3.92 MW ML2MW
1997 06 28 0100 114.474 -23.512  12.9 3.11 MW ML2MW
1997 07 01 0606 115.642 -21.419   5.0 3.24 MW ML2MW
1997 07 23 1829 126.541 -22.114   5.0 3.51 MW ML2MW
1997 07 31 1914 123.284 -17.317   5.0 3.11 MW ML2MW
1997 08 10 0920 124.333 -16.159  20.0 6.21 MW GCMT
1997 08 17 1305 121.784 -17.151   5.0 3.17 MW ML2MW
1997 09 01 0948 123.138 -18.116   5.0 4.12 MW ML2MW
1997 09 11 1619 126.262 -30.968   5.0 3.11 MW ML2MW
1997 09 12 1822 114.960 -21.106  37.0 3.58 MW ML2MW
1997 09 26 0810 127.560 -22.792   5.0 3.04 MW ML2MW
1997 10 02 0933 114.927 -23.049   5.0 3.11 MW ML2MW
1997 11 11 1226 128.168 -16.504   5.0 3.44 MW ML2MW
1997 11 23 0420 128.496 -16.798  33.0 3.04 MW ML2MW
1997 12 23 1011 115.064 -21.884   5.0 3.38 MW ML2MW
1998 01 31 1322 120.399 -21.214   5.0 3.58 MW ML2MW
1998 02 08 0446 122.259 -17.831   5.0 3.11 MW ML2MW
1998 02 11 0859 115.263 -23.558   5.0 3.11 MW ML2MW
1998 02 13 0510 124.087 -17.484   5.0 3.31 MW ML2MW
1998 04 08 1641 126.642 -17.925   5.0 3.04 MW ML2MW
1998 04 12 1510 128.551 -16.924   5.0 3.04 MW ML2MW
1998 05 15 2354 130.940 -26.090   5.0 3.38 MW ML2MW
1998 06 22 0946 119.947 -21.886   5.0 3.78 MW ML2MW
1998 06 23 0838 131.860 -26.080  10.0 3.17 MW ML2MW
1998 07 02 1509 135.013 -33.599  21.3 3.08 MW ML2MW
1998 07 23 0149 131.350 -23.030   0.0 3.11 MW ML2MW
1998 08 08 0736 123.997 -15.634   0.0 3.38 MW ML2MW
1998 08 17 0245 123.565 -17.662   5.0 3.11 MW ML2MW
1998 09 11 0207 132.810 -26.410   0.0 3.17 MW ML2MW
1998 11 13 1154 124.887 -19.132   7.0 3.65 MW ML2MW
1999 01 23 2256 115.553 -21.464   5.0 3.38 MW ML2MW
1999 03 22 0122 127.312 -16.692   5.0 3.44 MW ML2MW
1999 04 09 0728 129.812 -25.189   5.0 3.04 MW ML2MW
1999 04 10 2227 124.752 -19.621   5.0 3.24 MW ML2MW
1999 08 14 1245 131.044 -26.170  10.0 3.51 MW ML2MW
1999 11 15 0316 137.328 -35.433  12.4 3.31 MW ML2MW
1999 11 30 1512 119.770 -21.240   5.0 3.24 MW ML2MW
1999 12 09 1928 119.517 -20.470   5.0 3.24 MW ML2MW
1999 12 16 1236 125.880 -16.840   5.0 3.11 MW ML2MW
2000 01 07 0302 121.430 -18.100   5.0 3.11 MW ML2MW
2000 01 13 0224 123.806 -16.478   5.0 3.79 MW ML2MW
2000 02 06 1251 121.705 -17.121   5.0 3.24 MW ML2MW
2000 02 08 0426 128.814 -23.911   5.0 3.17 MW ML2MW
2000 04 03 1109 134.790 -35.087  14.1 3.11 MW ML2MW
2000 04 13 0314 128.635 -16.421  15.0 3.61 MW ML2MW
2000 05 22 1425 116.945 -25.326   5.0 3.11 MW ML2MW
2000 05 25 0425 114.792 -20.722   5.0 3.17 MW ML2MW
2000 06 19 1804 131.404 -22.832   5.0 3.45 MW ML2MW
2000 07 25 2056 126.286 -22.291  10.0 3.04 MW ML2MW
2000 07 30 1850 122.760 -17.720  10.0 3.06 MW ML2MW
2000 08 01 1123 131.749 -26.787   0.0 3.26 MW ML2MW
2000 09 07 0107 131.205 -23.264  10.0 3.17 MW ML2MW
2000 09 24 0907 114.791 -22.090  10.0 3.37 MW ML2MW
2000 11 15 0848 126.540 -22.039  11.0 3.24 MW ML2MW
2001 01 25 1406 126.450 -18.350   0.0 3.38 MW ML2MW
2001 04 21 0856 127.611 -20.013  10.0 3.37 MW ML2MW
2001 05 09 0232 137.330 -35.323  17.4 3.31 MW ML2MW
2001 05 28 0743 131.680 -26.500  10.0 3.11 MW ML2MW
2001 06 26 2256 119.490 -20.170  10.0 3.11 MW ML2MW
2001 07 27 0423 124.366 -18.384   0.0 3.43 MW ML2MW
2001 07 28 1949 126.662 -22.137  10.0 3.51 MW ML2MW
2001 08 14 0803 127.580 -22.940   0.0 3.53 MW ML2MW
2001 08 18 0205 122.555 -33.416  10.0 3.11 MW ML2MW
2001 08 25 0338 120.940 -18.870   5.0 3.37 MW ML2MW
2001 09 04 1656 115.192 -27.288   5.0 3.40 MW ML2MW
2001 09 08 1031 133.529 -34.272   7.2 3.09 MW ML2MW
2001 09 11 0356 114.990 -24.820   2.0 3.32 MW ML2MW
2001 10 13 0507 129.014 -30.501  12.6 3.04 MW ML2MW
2001 10 19 0418 129.547 -23.601   1.0 3.72 MW ML2MW
2002 02 05 1751 122.320 -17.457   0.0 3.41 MW ML2MW
2002 02 06 0448 120.413 -22.785  10.0 3.61 MW ML2MW
2002 03 24 1156 131.680 -26.691   2.0 3.40 MW ML2MW
2002 04 15 2244 130.040 -23.151   3.0 3.34 MW ML2MW
2002 04 16 1601 129.965 -23.024   2.0 3.33 MW ML2MW
2002 06 28 1257 130.090 -23.291   5.0 3.20 MW ML2MW
2002 09 09 0657 126.709 -31.527   6.0 3.76 MW ML2MW
2002 10 06 1457 129.274 -22.186   1.0 3.50 MW ML2MW
2002 10 08 1554 115.498 -25.263   5.0 4.10 MW ML2MW
2002 10 15 0359 118.581 -19.717  10.0 3.81 MW ML2MW
2002 10 25 0425 126.813 -32.415   5.0 3.47 MW ML2MW
2002 10 31 2251 123.752 -16.814   0.0 3.05 MW ML2MW
2002 11 05 1225 123.320 -16.362   0.0 3.92 MW ML2MW
2003 03 06 0357 126.675 -22.162  10.0 3.23 MW ML2MW
2003 03 18 1906 123.629 -17.086   5.0 3.66 MW ML2MW
2003 03 27 1440 133.274 -33.780  24.1 3.44 MW ML2MW
2003 05 02 1441 137.986 -33.878  19.2 3.11 MW ML2MW
2003 05 20 1232 128.431 -16.846   5.0 3.03 MW ML2MW
2003 05 25 2228 118.601 -20.310   0.0 3.02 MW ML2MW
2003 05 31 0316 115.589 -26.122  10.0 3.57 MW ML2MW
2003 06 06 1140 126.524 -22.073   0.0 3.17 MW ML2MW
2003 07 27 2257 125.142 -19.012  10.0 3.24 MW ML2MW
2003 08 07 0510 129.882 -23.343   0.0 3.20 MW ML2MW
2003 09 16 1616 130.389 -22.676   0.0 3.21 MW ML2MW
2003 12 05 2226 126.844 -18.387  10.0 3.88 MW mb2MW
2004 01 17 1608 122.396 -18.783  10.0 3.75 MW ML2MW
2004 01 23 0928 132.786 -22.297  10.0 3.28 MW ML2MW
2004 01 26 2039 131.849 -26.181  10.0 3.23 MW ML2MW
2004 02 11 0930 130.100 -22.498  12.5 4.90 MW GCMT
2004 02 18 1541 131.671 -27.600  27.6 3.05 MW ML2MW
2004 02 23 1723 125.571 -20.832   5.0 3.64 MW ML2MW
2004 03 05 0011 127.084 -32.346  10.0 4.08 MW ML2MW
2004 04 03 0729 128.715 -16.756  10.0 3.24 MW ML2MW
2004 04 10 0555 130.093 -25.064  10.0 3.17 MW ML2MW
2004 05 05 1008 131.071 -26.042  10.0 3.41 MW ML2MW
2004 08 14 1537 130.950 -26.090   0.8 3.40 MW ML2MW
2004 09 25 1510 129.152 -16.776  10.0 3.84 MW ML2MW
2004 10 18 2227 127.437 -16.527   9.0 3.02 MW ML2MW
2004 11 01 1315 124.844 -19.111   8.9 3.77 MW ML2MW
2004 11 23 1050 127.153 -16.937  10.0 3.81 MW ML2MW
2004 11 25 0559 137.477 -35.654  32.5 3.04 MW ML2MW
2004 12 16 0955 125.120 -17.597  11.8 3.45 MW ML2MW
2005 01 09 1711 120.740 -20.613   0.0 3.51 MW ML2MW
2005 01 24 0943 122.587 -17.530  10.0 3.63 MW ML2MW
2005 03 13 0209 131.694 -26.205   5.0 4.17 MW ML2MW
2005 03 19 0729 130.868 -26.091  10.0 3.80 MW ML2MW
2005 03 19 2138 115.764 -20.800  10.0 3.59 MW ML2MW
2005 03 22 1951 119.610 -21.004  10.0 3.93 MW ML2MW
2005 03 29 1615 126.605 -22.144   5.0 3.37 MW ML2MW
2005 04 02 0914 127.241 -16.645   0.0 3.07 MW ML2MW
2005 05 04 1845 117.319 -25.932   9.0 3.29 MW ML2MW
2005 05 18 2339 119.374 -20.108  26.0 4.05 MW ML2MW
2005 06 09 1644 115.068 -23.093  14.5 3.51 MW ML2MW
2005 11 15 1450 128.666 -16.486   2.0 3.18 MW ML2MW
2005 12 26 0750 128.746 -16.133   0.0 3.06 MW ML2MW
2006 02 16 0046 122.536 -17.735  10.0 3.21 MW mb2MW
2006 04 01 0109 130.972 -26.046  10.0 3.97 MW mb2MW
2006 04 02 0839 119.081 -22.368  10.0 3.83 MW ML2MW
2006 05 24 2134 129.984 -23.204  10.0 3.67 MW ML2MW
2006 05 24 2200 127.138 -16.534   2.3 3.07 MW ML2MW
2006 05 26 0738 128.691 -16.664   0.0 3.10 MW ML2MW
2006 06 06 1534 117.838 -25.119  10.0 4.16 MW ML2MW
2006 09 02 1547 116.609 -24.482   2.0 3.50 MW ML2MW
2006 09 13 0547 126.611 -22.141  10.0 3.24 MW ML2MW
2006 09 18 0823 123.289 -17.686   0.0 3.21 MW mb2MW
2006 12 07 1058 117.411 -25.188  14.0 3.36 MW ML2MW
2007 02 05 1717 125.413 -19.294   5.0 3.16 MW ML2MW
2007 02 09 1634 123.613 -17.818  15.0 3.27 MW ML2MW
2007 02 17 1344 126.617 -17.903   0.0 3.37 MW ML2MW
2007 02 28 2022 123.232 -18.723  16.0 3.45 MW ML2MW
2007 04 20 0719 132.900 -26.572   0.0 3.17 MW ML2MW
2007 04 25 2027 127.151 -18.119   0.0 3.15 MW ML2MW
2007 07 01 1356 128.633 -23.003  10.0 3.71 MW ML2MW
2007 08 24 0609 128.672 -16.657   0.0 3.04 MW ML2MW
2007 08 26 0034 115.369 -22.145   6.0 3.30 MW ML2MW
2007 11 05 0641 129.666 -22.390   0.0 3.31 MW ML2MW
2007 11 07 1910 114.933 -23.833   0.0 4.10 MW ML2MW
2007 11 27 0248 115.047 -23.219  10.0 3.65 MW ML2MW
2007 12 01 2058 129.657 -22.291  10.0 3.31 MW ML2MW
2008 01 13 1616 117.069 -26.650   2.5 3.09 MW ML2MW
2008 02 22 0258 123.526 -19.097   2.1 3.19 MW ML2MW
2008 04 17 1822 122.519 -18.709  10.0 3.22 MW ML2MW
2008 05 20 0825 129.609 -23.363   0.0 3.45 MW ML2MW
2008 05 28 0430 122.323 -18.596   0.0 4.24 MW ML2MW
2008 07 04 1525 125.965 -31.700   0.6 3.06 MW ML2MW
2008 07 27 0644 127.744 -18.144   0.0 3.13 MW ML2MW
2008 10 02 0514 135.231 -33.792  28.1 3.22 MW ML2MW
2008 12 05 1530 127.550 -22.203   3.0 3.26 MW ML2MW
2009 01 14 2257 133.172 -29.228  12.5 3.14 MW ML2MW
2009 04 04 1240 133.943 -33.593   8.7 3.87 MW ML2MW
2009 10 16 0224 133.119 -34.419  32.3 4.07 MW ML2MW
2010 01 05 0555 128.600 -17.009  10.0 3.34 MW ML2MW
2010 01 26 1825 115.510 -26.080   3.7 3.72 MW ML2MW
2010 03 11 1257 132.472 -22.413   0.0 3.19 MW ML2MW
2010 03 20 1056 126.785 -18.718   1.0 3.06 MW ML2MW
2010 06 21 0404 129.752 -21.524   5.0 3.54 MW ML2MW
2010 07 27 0635 128.845 -23.113   0.0 3.08 MW ML2MW
2010 07 31 1656 136.822 -30.483   0.0 3.08 MW ML2MW
2010 08 18 2054 117.219 -25.345   1.0 3.02 MW ML2MW
2010 09 18 1253 114.650 -22.045   0.0 3.19 MW ML2MW
2010 11 18 0400 137.379 -35.423  11.9 3.09 MW ML2MW
2010 12 25 1201 129.721 -22.197  15.0 3.41 MW ML2MW
2011 04 02 0607 117.345 -25.055   0.0 3.95 MW ML2MW
2011 04 14 0118 123.730 -18.197  20.0 3.46 MW ML2MW
2011 05 07 0523 123.021 -17.833  10.0 3.63 MW ML2MW
2011 06 27 2218 115.643 -25.283   0.0 3.77 MW ML2MW
2011 07 02 0048 123.958 -18.366   0.0 3.21 MW ML2MW
2011 07 14 0551 120.356 -20.865  12.0 4.27 MW Ghasemi et al (2016)
2011 07 24 1316 114.557 -23.533  10.0 3.29 MW ML2MW
2011 08 17 1109 128.677 -16.919   0.0 3.55 MW mb2MW
2011 09 01 0156 123.300 -18.845  10.0 3.65 MW ML2MW
2011 10 27 0705 126.529 -22.061  10.0 3.11 MW ML2MW
2011 12 05 1910 114.777 -21.809  10.0 5.26 MW GCMT; Ghasemi et al (2016)
2012 03 23 0925 131.971 -26.178  10.0 5.18 MW Ghasemi et al (2016)
2012 03 25 2053 136.850 -30.440   0.0 3.61 MW ML2MW
2012 05 10 2228 115.850 -23.903  10.0 3.05 MW ML2MW
2012 06 03 0920 129.173 -17.083  15.0 3.24 MW ML2MW
2012 09 14 1710 129.475 -20.951   5.0 3.40 MW ML2MW
2012 09 26 0522 132.163 -26.054  13.0 3.43 MW ML2MW
2012 10 12 1927 127.681 -22.881  10.0 3.41 MW ML2MW
2012 11 08 0356 127.209 -29.907  32.5 3.55 MW ML2MW
2012 11 21 0621 128.603 -22.974  10.0 3.38 MW ML2MW
2012 12 01 1719 127.661 -16.195  10.0 3.62 MW ML2MW
2013 01 07 0814 116.004 -25.380  13.0 3.32 MW ML2MW
2013 02 20 0957 137.357 -35.489  18.8 3.48 MW ML2MW
2013 03 15 0440 127.693 -22.755  10.0 3.45 MW ML2MW
2013 04 12 0949 120.471 -21.302  20.0 3.28 MW ML2MW
2013 05 01 1941 136.747 -30.357   0.0 3.37 MW ML2MW
2013 06 05 1317 121.548 -20.263   0.0 3.34 MW ML2MW
2013 06 09 1422 132.230 -25.953  33.4 5.38 MW Ghasemi et al (2016)
2013 06 12 1330 127.743 -22.752   0.0 3.53 MW ML2MW
2013 07 29 0521 131.669 -22.675   0.0 3.30 MW ML2MW
2013 09 13 1158 120.930 -20.993   2.0 3.41 MW ML2MW
2013 11 18 1743 128.660 -16.606   0.0 3.21 MW ML2MW
2013 11 25 1539 124.529 -19.312  10.0 3.17 MW ML2MW
2013 12 07 2024 125.528 -31.506  10.0 3.11 MW ML2MW
2013 12 15 0732 125.637 -31.637  10.0 3.09 MW ML2MW
2013 12 30 0907 128.700 -16.604   0.0 3.37 MW ML2MW
2014 02 15 0458 125.979 -31.640   0.0 3.25 MW ML2MW
2014 03 01 1414 122.304 -17.698  10.0 3.20 MW ML2MW
2014 03 16 0324 124.438 -17.414  10.0 3.53 MW ML2MW
2014 05 01 0817 126.419 -18.205   5.0 3.08 MW ML2MW
2014 05 04 2237 128.589 -23.005  10.0 3.91 MW Ghasemi et al (2016)
2014 06 02 1012 126.236 -32.693  10.0 3.27 MW ML2MW
2014 07 09 1555 127.320 -23.122  10.0 3.23 MW ML2MW
2014 07 16 0035 128.382 -25.718  10.0 3.35 MW ML2MW
2014 08 22 0725 114.610 -23.505  10.0 3.86 MW ML2MW
2014 09 18 0321 126.970 -31.646  15.0 3.12 MW ML2MW
2014 09 26 1538 119.534 -20.100  10.0 4.02 MW Ghasemi et al (2016)
2014 10 09 1545 127.132 -18.137   9.0 3.18 MW ML2MW
2014 10 22 0240 114.583 -22.501  10.0 3.06 MW ML2MW
2014 11 12 0200 125.666 -18.287  18.0 3.53 MW ML2MW
2014 12 05 2316 123.450 -19.017  10.0 3.19 MW ML2MW
2014 12 06 0609 127.388 -17.616  10.0 3.38 MW ML2MW
2015 01 06 1241 133.071 -26.862   4.0 3.51 MW ML2MW
2015 01 14 1212 114.522 -23.460  10.0 3.31 MW ML2MW
2015 04 02 0013 115.070 -26.926  10.0 3.13 MW ML2MW
2015 04 13 0225 122.621 -17.544  10.0 3.06 MW ML2MW
2015 04 28 1816 124.700 -18.383  10.0 3.21 MW ML2MW
2015 05 02 2131 132.111 -25.916  23.0 3.10 MW ML2MW
2015 05 16 1450 127.875 -17.295  10.0 3.08 MW ML2MW
2015 05 23 2107 128.744 -16.873  10.0 3.52 MW ML2MW
2015 10 07 2030 121.874 -17.229  14.0 4.02 MW ML2MW
2015 10 13 0654 120.751 -22.569  13.0 4.08 MW Ghasemi et al (2016)
2015 10 27 0638 115.570 -20.507  10.0 3.53 MW ML2MW
2015 11 28 1952 128.752 -16.593   6.0 3.08 MW ML2MW
2015 12 05 1548 120.862 -21.295  10.0 3.75 MW ML2MW
2015 12 10 0208 117.858 -25.611  10.0 3.13 MW ML2MW
2016 01 20 1006 116.673 -25.500  10.0 3.02 MW ML2MW
2016 03 16 0738 120.836 -21.307  15.0 3.30 MW ML2MW
2016 03 24 0453 120.530 -21.512  20.0 3.25 MW ML2MW
2016 04 30 1945 123.858 -19.061  10.0 3.26 MW ML2MW
2016 05 16 2013 128.602 -22.904  10.0 4.15 MW Ghasemi et al (2016)
2016 05 20 1814 129.832 -25.579   0.0 6.06 MW GCMT; Ghasemi et al (2016)
2016 07 16 0319 123.960 -17.064  10.0 3.06 MW ML2MW
2016 08 25 0405 124.792 -19.502  10.0 3.12 MW ML2MW
2016 09 05 0946 123.566 -16.567   0.0 3.10 MW ML2MW
2016 09 20 0108 132.526 -26.517   9.0 3.31 MW ML2MW
2016 11 11 0621 115.325 -24.784  15.0 3.25 MW ML2MW
2017 01 15 0716 115.145 -23.670  10.0 3.73 MW ML2MW
2017 01 30 0233 137.632 -34.156  10.0 3.30 MW ML2MW
2017 03 22 1449 125.259 -17.323  10.0 3.05 MW ML2MW
2017 04 04 0355 128.939 -25.903  10.0 3.90 MW ML2MW
2017 07 15 2127 131.897 -26.122   0.0 3.57 MW ML2MW
2017 07 15 2127 131.935 -26.094  10.0 3.57 MW ML2MW
2017 07 26 1321 129.459 -25.455  10.0 3.03 MW ML2MW
2017 08 12 0226 115.111 -27.159  10.0 3.36 MW ML2MW
2017 10 21 1215 132.685 -26.494  10.0 3.31 MW ML2MW
2017 10 21 1732 132.575 -26.481  10.0 3.16 MW ML2MW
2017 11 09 0910 127.996 -21.306  10.0 3.11 MW ML2MW
2017 11 12 0812 120.549 -21.791  10.0 3.38 MW ML2MW
2017 11 14 0216 119.894 -21.444  10.0 3.47 MW ML2MW
2017 11 14 0619 119.996 -21.305  10.0 3.41 MW ML2MW
2017 11 25 0718 115.786 -24.465  10.0 3.11 MW ML2MW
2017 12 05 1558 116.190 -22.523  10.0 3.17 MW ML2MW
2018 01 10 2131 123.355 -18.893  10.0 3.47 MW ML2MW
2018 02 17 0020 132.936 -26.467  10.0 3.17 MW ML2MW
2018 03 03 2200 128.818 -16.767  10.0 3.50 MW ML2MW
2018 04 06 0742 114.511 -23.344  10.0 3.55 MW ML2MW
2018 04 17 0239 126.583 -22.006  10.0 3.08 MW ML2MW
2018 05 09 1913 120.910 -21.574  10.0 3.41 MW ML2MW
2018 12 11 1103 128.771 -16.505   7.5 3.32 MW ML2MW
2019 01 03 0045 129.890 -31.397  10.0 3.05 MW ML2MW
2019 01 04 0319 126.475 -18.277  10.0 3.01 MW ML2MW
2019 02 21 0956 125.591 -32.047  10.0 3.14 MW ML2MW
2019 03 19 0054 129.539 -26.405  10.0 3.05 MW ML2MW
2019 03 23 1258 130.347 -25.940   9.6 3.10 MW ML2MW
2019 04 24 0103 121.950 -17.234  10.0 3.31 MW ML2MW
2019 04 24 0342 128.353 -21.396  10.0 3.36 MW ML2MW
2019 06 15 0259 121.125 -21.396  10.0 3.76 MW ML2MW
2019 06 21 1506 129.628 -25.210  10.0 3.27 MW ML2MW
2019 07 14 0539 120.295 -18.262  20.0 6.55 MW AUST
2019 07 15 2143 120.710 -18.477  12.4 3.17 MW ML2MW
2019 07 16 1054 120.580 -18.462  19.1 3.39 MW ML2MW
2019 07 16 1435 120.828 -18.685  10.5 3.19 MW ML2MW
2019 07 16 1456 120.503 -18.520  16.7 3.21 MW ML2MW
2019 07 16 2210 120.648 -18.562  12.2 3.33 MW ML2MW
2019 07 17 1558 120.564 -18.327  15.1 3.06 MW ML2MW
2019 07 19 0054 120.583 -18.634  15.6 3.01 MW ML2MW
2019 08 12 1911 120.579 -21.414  10.0 4.12 MW ML2MW
2019 08 13 1547 131.868 -33.789  10.0 3.61 MW ML2MW
2019 10 12 1205 126.820 -23.101  10.0 3.36 MW ML2MW
2019 10 15 2018 125.221 -19.496  10.0 3.13 MW ML2MW
2019 10 19 0712 133.664 -29.041  10.0 3.10 MW ML2MW
2019 10 31 0739 122.885 -33.740  10.0 3.23 MW ML2MW
2020 01 15 1456 123.112 -19.449  10.0 3.29 MW ML2MW
2020 02 10 0924 115.151 -21.424  10.0 4.35 MW ML2MW
2020 02 13 1052 114.923 -21.511  10.0 3.38 MW ML2MW
2020 02 16 0537 120.054 -22.418  10.0 3.36 MW ML2MW
2020 02 22 1836 115.037 -21.485  10.0 3.55 MW ML2MW
2020 03 30 0947 116.074 -21.485  10.0 3.16 MW ML2MW
2020 04 12 2203 121.807 -17.087  10.0 3.48 MW ML2MW
2020 04 17 0242 121.910 -17.101  10.0 3.39 MW ML2MW
2020 04 24 0459 126.944 -18.064  10.0 3.33 MW ML2MW
2020 05 25 1347 129.152 -21.452  10.0 3.12 MW ML2MW
2020 06 13 1540 128.526 -16.626  10.0 3.32 MW ML2MW
2020 06 18 2121 129.239 -21.458  10.0 3.02 MW ML2MW
2020 07 16 1943 128.512 -16.682  10.0 3.28 MW ML2MW
2020 07 26 2017 123.736 -17.128   7.1 3.06 MW ML2MW
2020 08 18 1234 115.150 -21.129  10.0 3.11 MW ML2MW
2020 09 24 0825 119.121 -21.420  10.0 4.00 MW ML2MW
2020 12 17 0413 124.685 -19.057  10.0 3.24 MW ML2MW
2020 12 21 1714 130.878 -23.170  10.0 3.62 MW ML2MW
2020 12 29 1459 115.368 -24.153   8.8 3.52 MW ML2MW
2021 01 06 1520 114.540 -23.526  10.0 3.12 MW ML2MW
2021 01 22 0523 120.134 -22.569  10.1 3.31 MW ML2MW
2021 03 12 1357 129.447 -22.303  10.0 4.14 MW ML2MW
2021 05 11 0917 128.907 -16.591  10.0 3.17 MW ML2MW
2021 05 14 1651 127.266 -16.791  10.0 3.31 MW ML2MW
2021 06 07 0803 120.108 -22.578  10.0 3.88 MW ML2MW
2021 06 09 1458 124.414 -18.652  10.0 3.07 MW ML2MW
2021 06 17 0552 128.722 -16.624  10.0 3.74 MW ML2MW
2021 06 25 1554 121.070 -21.502  10.0 3.09 MW ML2MW
2021 07 07 0451 127.103 -31.648  10.0 3.04 MW ML2MW
2021 07 07 0903 137.319 -35.652   3.8 3.13 MW ML2MW
2021 07 19 1554 130.142 -26.434  10.0 3.25 MW ML2MW
2021 08 07 0520 120.118 -22.587  10.0 3.62 MW ML2MW
2021 08 19 2253 120.753 -21.649  10.0 3.29 MW ML2MW
2021 08 25 2217 127.774 -16.522  10.0 3.67 MW ML2MW
2021 09 15 0531 120.095 -22.566  10.0 3.48 MW ML2MW
2021 09 27 1422 122.345 -18.379   8.4 3.04 MW ML2MW
