1885 01 05 1220 114.000 -29.000   0.0 5.95 MW ML2MW
1946 04 19 2113 114.500 -33.500   0.0 5.17 MW ML2MW
1961 06 12 1800 114.500 -34.200  18.0 3.76 MW ML2MW
1963 07 20 0421 114.900 -26.300  18.0 3.09 MW ML2MW
1966 11 13 0341 111.900 -24.200  33.0 4.39 MW mb2MW
1967 10 12 1031 123.900 -17.900  18.0 4.14 MW mb2MW
1968 01 08 0543 128.560 -16.620  18.0 4.05 MW mb2MW
1966 06 09 1946 115.000 -33.700   0.0 3.13 MW ML2MW
1969 06 23 1414 123.100 -17.600   7.0 4.47 MW mb2MW
1968 02 02 1009 114.700 -23.300  18.0 3.43 MW ML2MW
1969 09 14 2258 123.100 -17.900   7.0 4.39 MW mb2MW
1969 06 19 2101 114.700 -23.300   7.0 3.88 MW mb2MW
1971 05 28 0416 114.100 -22.100   0.0 3.80 MW mb2MW
1972 04 07 2208 124.900 -18.290   0.0 3.87 MW ML2MW
1972 05 28 1359 128.600 -16.500   0.0 3.12 MW ML2MW
1972 12 07 0744 120.600 -18.100   0.0 3.32 MW ML2MW
1974 08 16 0437 114.100 -21.000   0.0 3.55 MW mb2MW
1974 03 08 1200 128.500 -17.200   0.0 2.89 MW ML2MW
1974 09 26 1638 128.130 -17.240   0.0 3.61 MW ML2MW
1975 01 06 0900 128.900 -16.180   0.0 2.60 MW ML2MW
1975 03 30 0210 129.500 -16.200   0.0 3.01 MW ML2MW
1975 08 05 1127 127.420 -16.450   0.0 3.65 MW ML2MW
1975 04 18 1445 128.640 -16.040   0.0 2.41 MW ML2MW
1976 06 11 0427 125.250 -18.670   0.0 3.23 MW ML2MW
1976 11 07 0347 128.663 -16.115   6.0 3.80 MW ML2MW
1976 03 28 0735 127.600 -17.000   0.0 2.80 MW ML2MW
1976 12 04 2027 128.100 -17.100   0.0 3.04 MW ML2MW
1976 03 29 0126 127.700 -16.900   0.0 2.84 MW ML2MW
1977 01 10 0834 115.100 -29.500   0.0 3.55 MW ML2MW
1976 05 21 0543 128.250 -16.450   0.0 2.74 MW ML2MW
1977 04 23 2043 114.471 -21.710   0.0 3.23 MW ML2MW
1977 05 18 0611 126.700 -17.500   0.0 3.31 MW ML2MW
1977 07 20 1219 120.200 -17.300   0.0 3.45 MW ML2MW
1977 07 27 2109 128.560 -16.987  33.0 3.42 MW ML2MW
1977 11 07 1905 119.250 -18.000   0.0 3.26 MW ML2MW
1977 11 12 1853 113.200 -27.800   0.0 3.21 MW ML2MW
1977 02 26 0549 128.360 -16.500   0.0 2.87 MW ML2MW
1979 01 24 2149 115.690 -31.070  25.0 3.01 MW ML2MW
1979 03 26 0014 126.070 -16.350   0.0 3.02 MW ML2MW
1979 03 31 0445 127.030 -18.040   0.0 3.19 MW ML2MW
1979 05 26 0418 117.340 -18.660  37.0 3.54 MW ML2MW
1977 08 15 1934 112.978 -27.453   0.0 2.94 MW ML2MW
1979 06 10 2014 115.150 -24.720  16.0 3.18 MW ML2MW
1978 02 13 0614 128.660 -16.500   0.0 2.76 MW ML2MW
1978 03 06 0159 127.260 -17.980   9.0 2.73 MW ML2MW
1979 10 26 0256 128.570 -16.460   0.0 3.18 MW ML2MW
1978 04 05 2032 115.120 -28.100   0.0 2.72 MW ML2MW
1979 10 31 1407 114.430 -20.630  37.0 3.71 MW ML2MW
1979 11 05 0942 127.300 -16.450   0.0 3.28 MW ML2MW
1978 05 03 0522 115.380 -27.470   0.0 2.52 MW ML2MW
1980 01 02 1749 122.090 -17.810  37.0 3.16 MW ML2MW
1980 02 09 1850 122.740 -19.780   8.0 3.39 MW ML2MW
1978 06 09 1231 115.200 -33.930   5.0 2.98 MW ML2MW
1978 07 05 2257 119.220 -17.850   0.0 2.92 MW ML2MW
1978 08 24 1236 116.110 -20.380   0.0 2.55 MW ML2MW
1980 04 01 1522 123.790 -17.170   0.0 3.07 MW ML2MW
1980 04 09 0542 118.790 -17.220   0.0 3.32 MW ML2MW
1978 09 02 0849 123.280 -18.450  37.0 2.98 MW ML2MW
1980 06 22 1620 119.250 -18.500   0.0 3.32 MW ML2MW
1978 11 12 0909 128.440 -12.570   0.0 2.87 MW ML2MW
1978 11 27 0422 128.930 -14.320   0.0 2.95 MW ML2MW
1980 08 01 2019 119.360 -17.030  37.0 3.41 MW ML2MW
1978 12 25 1340 128.200 -15.660   0.0 2.35 MW ML2MW
1979 01 17 1731 113.850 -22.950  70.0 2.87 MW ML2MW
1980 11 02 1827 113.320 -23.860  10.0 3.11 MW ML2MW
1980 11 24 1954 123.868 -15.853  33.0 3.34 MW ML2MW
1980 12 23 1425 114.550 -21.200  10.0 3.07 MW ML2MW
1981 03 15 1829 123.412 -18.590  37.0 3.27 MW ML2MW
1979 05 23 1056 129.590 -15.350   0.0 2.89 MW ML2MW
1981 03 17 2138 123.230 -18.660  37.0 3.02 MW ML2MW
1981 04 03 2000 123.150 -18.120   0.0 3.60 MW ML2MW
1981 04 21 1505 114.080 -22.410  10.0 3.06 MW ML2MW
1979 06 27 1545 116.600 -19.940  10.0 2.91 MW ML2MW
1981 05 05 0552 121.840 -18.940  37.0 3.60 MW ML2MW
1979 06 28 0648 114.400 -23.510  10.0 2.85 MW ML2MW
1981 06 02 1213 121.630 -18.590  37.0 3.32 MW ML2MW
1981 06 27 2333 122.654 -17.784  37.0 3.20 MW ML2MW
1981 06 28 0823 126.500 -17.880  17.0 3.01 MW ML2MW
1979 07 17 1727 113.790 -25.600  10.0 2.93 MW ML2MW
1981 07 03 1739 128.760 -16.530  10.0 3.13 MW ML2MW
1979 08 09 0617 114.410 -33.520   0.0 2.64 MW ML2MW
1981 07 29 0452 113.880 -21.670  10.0 3.33 MW ML2MW
1981 08 15 1923 121.057 -15.986  33.0 3.34 MW ML2MW
1981 10 05 2101 114.370 -24.310  10.0 3.11 MW ML2MW
1979 12 14 2213 116.420 -19.970   0.0 3.00 MW ML2MW
1981 12 06 0140 114.169 -22.902   0.0 3.76 MW ML2MW
1981 12 06 1255 128.730 -16.820  10.0 3.11 MW ML2MW
1981 12 14 1159 122.651 -13.902  33.0 3.80 MW mb2MW
1980 03 18 0546 127.550 -17.620  10.0 2.85 MW ML2MW
1981 12 15 0043 125.120 -19.400   0.0 3.08 MW ML2MW
1982 02 19 0111 123.349 -18.902   0.0 3.63 MW ML2MW
1982 02 19 0936 118.430 -18.840  10.0 3.16 MW ML2MW
1980 05 01 1231 118.310 -18.360  37.0 2.75 MW ML2MW
1982 02 19 2026 113.900 -22.290  10.0 3.50 MW ML2MW
1982 02 26 1524 122.490 -17.670  37.0 3.20 MW ML2MW
1982 02 27 1843 121.180 -18.860  37.0 3.08 MW ML2MW
1980 07 04 0404 119.530 -17.770  37.0 3.00 MW ML2MW
1982 03 17 0429 127.600 -14.974  10.0 3.53 MW ML2MW
1980 07 26 0641 128.370 -16.880  19.0 2.94 MW ML2MW
1982 03 27 1543 114.000 -22.470  10.0 3.87 MW ML2MW
1980 08 01 1824 128.710 -16.440  37.0 2.45 MW ML2MW
1982 06 16 1513 118.470 -18.050  37.0 3.94 MW ML2MW
1982 07 11 0222 114.470 -22.930  10.0 3.25 MW ML2MW
1980 08 08 0227 112.830 -27.220  19.0 2.81 MW ML2MW
1982 11 20 0200 127.090 -19.036  19.0 3.57 MW ML2MW
1982 12 16 1431 121.150 -18.320  37.0 3.17 MW ML2MW
1983 01 13 0247 120.100 -16.400  37.0 3.74 MW ML2MW
1980 11 29 1338 125.040 -18.190  37.0 2.85 MW ML2MW
1980 12 05 0841 128.370 -16.650   0.0 2.93 MW ML2MW
1983 03 13 1658 118.760 -18.000  37.0 3.13 MW ML2MW
1983 03 14 0329 128.597 -16.676  10.0 3.13 MW ML2MW
1983 04 09 0519 114.380 -29.290  37.0 3.04 MW ML2MW
1981 02 21 0619 114.550 -29.420   0.0 2.92 MW ML2MW
1983 04 21 2118 118.970 -18.090  37.0 3.73 MW ML2MW
1983 04 24 0820 116.930 -19.110  25.0 3.00 MW ML2MW
1983 06 07 0616 125.581 -15.009  10.0 3.65 MW ML2MW
1983 06 07 1018 114.470 -23.940  10.0 3.02 MW ML2MW
1981 03 26 1857 114.370 -21.150  10.0 2.82 MW ML2MW
1983 06 29 1524 122.621 -18.972  10.0 3.07 MW ML2MW
1983 07 15 1704 111.810 -25.070  10.0 3.34 MW ML2MW
1983 08 06 0227 112.520 -26.270  10.0 3.02 MW ML2MW
1981 05 06 1835 123.320 -19.230  10.0 2.84 MW ML2MW
1983 09 02 1822 113.030 -23.990  10.0 3.40 MW ML2MW
1983 09 14 2051 130.320 -11.290  10.0 3.03 MW ML2MW
1983 10 03 0751 112.940 -25.010  10.0 3.14 MW ML2MW
1981 06 07 1451 112.180 -24.330  10.0 2.88 MW ML2MW
1983 10 24 0053 114.920 -26.940  10.0 3.50 MW ML2MW
1981 06 08 0820 114.080 -22.410  10.0 2.84 MW ML2MW
1983 10 30 0109 123.740 -16.530  37.0 3.52 MW ML2MW
1983 11 11 1821 116.340 -19.560  37.0 3.17 MW ML2MW
1983 12 18 1510 120.309 -17.084  37.0 3.25 MW ML2MW
1981 07 03 2129 112.970 -25.010  10.0 2.92 MW ML2MW
1984 03 02 0501 122.420 -17.660  10.0 3.43 MW ML2MW
1984 06 02 1536 113.380 -22.750  10.0 3.28 MW ML2MW
1984 06 30 1245 116.494 -19.937  10.0 3.98 MW ML2MW
1984 08 07 2051 127.320 -15.550   0.0 3.46 MW ML2MW
1984 10 01 1547 126.830 -18.760  10.0 3.16 MW ML2MW
1981 11 04 2135 120.750 -18.500  37.0 2.97 MW ML2MW
1984 10 27 1846 114.300 -23.560  10.0 3.04 MW ML2MW
1981 11 06 2051 127.360 -17.610  10.0 2.80 MW ML2MW
1984 12 28 2148 125.810 -19.270  10.0 3.01 MW ML2MW
1984 12 28 2153 114.590 -23.780  10.0 3.18 MW ML2MW
1982 02 26 1728 116.340 -20.080  26.0 2.79 MW ML2MW
1982 04 22 1444 120.190 -15.710  37.0 2.98 MW ML2MW
1982 09 03 1500 113.790 -22.220  10.0 2.72 MW ML2MW
1982 12 13 1619 113.020 -27.560  10.0 2.66 MW ML2MW
1983 02 22 1941 113.040 -27.710  10.0 2.33 MW ML2MW
1983 03 21 0033 113.280 -28.670  10.0 2.67 MW ML2MW
1983 05 10 2216 117.970 -18.860  10.0 2.84 MW ML2MW
1983 06 14 1646 119.600 -18.140  37.0 2.66 MW ML2MW
1983 08 29 0733 121.210 -15.850  37.0 2.99 MW ML2MW
1983 09 08 1846 126.220 -16.940  10.0 2.88 MW ML2MW
1983 11 01 1046 118.340 -18.320  37.0 2.96 MW ML2MW
1983 11 16 1300 113.660 -25.550  10.0 2.40 MW ML2MW
1983 12 13 2310 114.110 -28.190  10.0 2.77 MW ML2MW
1983 12 17 0853 113.480 -27.090  10.0 2.53 MW ML2MW
1984 01 04 1618 126.860 -15.670  10.0 2.91 MW ML2MW
1984 04 17 0326 113.940 -29.200  10.0 2.97 MW ML2MW
1984 06 12 1957 112.420 -23.970  10.0 2.75 MW ML2MW
1984 07 08 2314 113.900 -25.840  10.0 2.48 MW ML2MW
1984 09 01 2255 113.320 -27.140  10.0 2.75 MW ML2MW
1984 11 18 2119 122.890 -17.670  37.0 2.94 MW ML2MW
1984 12 06 0117 114.340 -29.430  10.0 2.75 MW ML2MW
1984 12 07 1600 123.250 -18.630  10.0 2.82 MW ML2MW
1985 01 14 1927 114.730 -22.180  10.0 2.72 MW ML2MW
1985 02 25 2040 117.420 -18.870  37.0 2.90 MW ML2MW
1985 03 28 2240 112.960 -24.150  37.0 2.91 MW ML2MW
1985 04 01 0448 113.960 -24.500  10.0 2.90 MW ML2MW
1985 04 28 1551 113.770 -22.050  10.0 2.67 MW ML2MW
1985 07 03 0905 115.310 -25.530  10.0 2.46 MW ML2MW
1985 09 13 2116 127.970 -17.750  10.0 2.91 MW ML2MW
1985 11 29 1932 114.360 -25.930  10.0 2.95 MW ML2MW
1986 01 27 1717 123.000 -18.290   5.0 2.89 MW ML2MW
1986 01 28 1629 113.590 -25.750   5.0 2.89 MW ML2MW
1986 02 02 2256 115.930 -20.290   5.0 2.94 MW ML2MW
1986 03 14 1654 113.710 -29.020   5.0 2.99 MW ML2MW
1986 05 26 1034 123.550 -17.590   5.0 2.79 MW ML2MW
1986 09 13 1323 121.200 -18.440   5.0 2.86 MW ML2MW
1986 09 13 1913 113.250 -22.680   5.0 2.97 MW ML2MW
1986 11 01 1854 116.410 -19.960   5.0 2.74 MW ML2MW
1986 11 07 0109 114.310 -22.230   5.0 2.86 MW ML2MW
1986 11 29 2233 114.000 -27.490   5.0 2.63 MW ML2MW
1987 03 29 1539 118.840 -18.900   5.0 2.90 MW ML2MW
1987 05 17 1542 122.590 -17.470   5.0 2.94 MW ML2MW
1987 09 23 0229 123.380 -17.650   5.0 2.77 MW ML2MW
1987 11 15 1129 115.050 -29.620   5.0 2.77 MW ML2MW
1987 12 12 1206 119.570 -16.940   5.0 2.83 MW ML2MW
1988 01 06 0656 128.460 -17.040   5.0 2.84 MW ML2MW
1988 01 09 1613 126.690 -17.670   5.0 2.89 MW ML2MW
1988 04 05 1838 115.790 -20.730   5.0 2.70 MW ML2MW
1988 12 29 1140 117.890 -18.680   5.0 2.94 MW ML2MW
1989 01 05 0857 123.320 -15.900   5.0 2.75 MW ML2MW
1989 01 19 1508 128.590 -16.870   5.0 2.78 MW ML2MW
1989 03 27 1225 111.730 -25.580   5.0 2.74 MW ML2MW
1989 04 17 1556 121.412 -16.366   5.0 2.59 MW ML2MW
1989 06 06 0507 127.736 -18.368   5.0 2.49 MW ML2MW
1989 08 06 0554 118.300 -18.469   5.0 2.53 MW ML2MW
1989 08 28 2125 113.796 -22.543   0.0 2.78 MW ML2MW
1989 09 04 0952 112.980 -25.018   5.0 2.52 MW ML2MW
1989 10 08 0130 113.253 -27.350   5.0 2.47 MW ML2MW
1989 12 27 1310 113.320 -26.944   5.0 2.44 MW ML2MW
1990 04 14 1213 124.574 -15.809   5.0 2.76 MW ML2MW
1990 05 09 0014 114.679 -21.615   5.0 2.90 MW ML2MW
1990 07 08 1100 121.453 -18.886  28.0 2.97 MW ML2MW
1990 10 17 1432 115.214 -25.059  31.0 2.90 MW ML2MW
1990 11 27 1849 128.440 -16.680   2.0 2.76 MW ML2MW
1991 01 07 1459 121.778 -15.603   5.0 2.76 MW ML2MW
1991 02 08 1657 118.100 -18.748   5.0 2.90 MW ML2MW
1991 02 24 1518 112.590 -26.652   5.0 2.76 MW ML2MW
1991 03 12 1040 114.573 -27.775   5.0 2.90 MW ML2MW
1991 05 02 0556 115.886 -33.738   2.0 2.90 MW ML2MW
1991 06 23 1520 113.147 -27.431   5.0 2.90 MW ML2MW
1991 08 22 0916 123.763 -16.568   5.0 2.97 MW ML2MW
1991 10 04 1746 114.126 -27.916   5.0 2.90 MW ML2MW
1991 10 24 0457 116.137 -20.340   5.0 2.90 MW ML2MW
1991 12 06 2117 113.029 -24.072   5.0 2.76 MW ML2MW
1991 12 22 1601 128.547 -16.383   5.0 2.97 MW ML2MW
1991 12 24 2006 126.197 -17.289   5.0 2.76 MW ML2MW
1992 01 12 0141 112.307 -26.725   5.0 2.83 MW ML2MW
1992 03 16 2044 114.272 -22.435   5.0 2.97 MW ML2MW
1992 07 18 0753 121.169 -15.598   5.0 2.90 MW ML2MW
1992 08 03 0151 112.739 -23.467   5.0 2.83 MW ML2MW
1992 09 09 1347 122.813 -19.527   5.0 2.76 MW ML2MW
1992 09 19 0927 116.318 -19.933  37.0 2.83 MW ML2MW
1992 10 14 1311 118.998 -18.396   5.0 2.76 MW ML2MW
1992 11 18 1042 116.348 -20.270   5.0 2.83 MW ML2MW
1992 11 22 1543 119.374 -18.184   5.0 2.83 MW ML2MW
1992 12 24 1428 118.151 -18.362   5.0 2.83 MW ML2MW
1993 02 21 1823 113.596 -22.337   5.0 2.97 MW ML2MW
1993 03 03 0723 113.955 -22.859   5.0 2.90 MW ML2MW
1993 03 11 2236 119.203 -18.256   5.0 2.76 MW ML2MW
1993 03 17 2358 121.057 -15.961   5.0 2.90 MW ML2MW
1993 06 02 1718 116.334 -20.026  33.0 2.90 MW ML2MW
1993 07 20 1951 120.560 -15.498   5.0 2.97 MW ML2MW
1993 09 19 2002 127.403 -15.764   5.0 2.97 MW ML2MW
1993 09 24 0526 118.827 -18.296   5.0 2.90 MW ML2MW
1993 12 15 1918 115.188 -33.975  19.0 2.83 MW ML2MW
1993 12 31 1040 126.731 -19.881   5.0 2.90 MW ML2MW
1994 01 07 1312 128.547 -16.575   5.0 2.83 MW ML2MW
1994 04 04 0258 116.399 -20.057   5.0 2.83 MW ML2MW
1994 04 18 0509 113.742 -28.977   5.0 2.83 MW ML2MW
1994 04 26 0408 128.632 -16.477   5.0 2.90 MW ML2MW
1994 10 08 1710 114.428 -22.604   5.0 2.97 MW ML2MW
1994 12 23 1906 123.583 -17.742   5.0 2.76 MW ML2MW
1995 02 16 1227 122.109 -16.943   5.0 2.97 MW ML2MW
1995 06 26 1049 128.605 -16.614   5.0 2.76 MW ML2MW
1995 09 12 1718 123.552 -17.724   5.0 2.76 MW ML2MW
1995 10 22 1650 113.650 -27.288   5.0 2.76 MW ML2MW
1995 12 09 1015 128.319 -16.635   5.0 2.90 MW ML2MW
1995 12 26 1259 114.526 -22.756   5.0 2.90 MW ML2MW
1995 12 28 2219 120.804 -15.996  19.0 2.83 MW ML2MW
1996 01 09 0407 112.237 -23.336   5.0 2.97 MW ML2MW
1996 03 26 1400 112.556 -23.092   5.0 2.90 MW ML2MW
1996 07 16 1857 126.628 -18.083   5.0 2.97 MW ML2MW
1996 11 08 0038 114.852 -23.998   5.0 2.97 MW ML2MW
1996 12 29 0745 128.583 -16.892   5.0 2.97 MW ML2MW
1997 01 22 1504 112.051 -23.659  17.0 2.97 MW ML2MW
1997 02 08 1337 129.310 -11.550 281.0 2.96 MW mb2MW
1997 02 21 0932 114.728 -24.035   5.0 2.97 MW ML2MW
1997 02 24 1822 113.869 -27.874   9.0 2.83 MW ML2MW
1997 04 06 0221 114.809 -24.031   5.0 2.83 MW ML2MW
1997 04 25 1328 115.449 -25.336   5.0 2.90 MW ML2MW
1997 08 16 2252 114.483 -22.673   5.0 2.83 MW ML2MW
1997 10 04 1938 116.096 -19.235   5.0 2.90 MW ML2MW
1997 10 19 1859 115.584 -28.849   5.0 2.90 MW ML2MW
1997 11 10 1753 114.283 -23.248   5.0 2.97 MW ML2MW
1998 02 21 0209 113.487 -27.437   5.0 2.90 MW ML2MW
1998 04 17 0716 113.066 -24.875   5.0 2.97 MW ML2MW
1998 05 18 1824 114.633 -23.223   5.0 2.76 MW ML2MW
1998 05 22 1731 113.140 -25.401   5.0 2.76 MW ML2MW
1998 05 29 2150 118.707 -18.554   5.0 2.97 MW ML2MW
1998 09 14 0608 127.300 -17.155   5.0 2.90 MW ML2MW
1998 10 27 2240 128.472 -17.002   5.0 2.90 MW ML2MW
1998 11 23 1542 115.476 -20.684   5.0 2.97 MW ML2MW
1999 02 26 1014 113.774 -21.946   5.0 2.76 MW ML2MW
1999 03 07 1959 128.085 -17.275   5.0 2.97 MW ML2MW
1999 03 29 1512 128.375 -15.126   5.0 2.97 MW ML2MW
1999 04 15 1638 113.823 -21.773  24.0 2.76 MW ML2MW
1999 05 24 1920 127.780 -15.470   5.0 2.90 MW ML2MW
1999 06 19 1442 113.830 -28.320   5.0 2.76 MW ML2MW
1999 06 20 1143 122.680 -16.950   5.0 2.97 MW ML2MW
1999 07 14 1254 122.080 -14.920   5.0 2.97 MW ML2MW
1999 07 31 0353 116.260 -20.180   5.0 2.76 MW ML2MW
1999 08 10 1703 114.070 -23.430   5.0 2.76 MW ML2MW
1999 08 21 0714 112.260 -23.660   5.0 2.97 MW ML2MW
1999 08 21 1258 116.280 -20.290   5.0 2.76 MW ML2MW
1999 10 10 1327 116.420 -20.140   5.0 2.83 MW ML2MW
1999 10 12 0043 118.230 -18.530   5.0 2.90 MW ML2MW
1999 10 14 0018 127.580 -16.710   5.0 2.83 MW ML2MW
1999 12 01 0511 123.220 -17.970   5.0 2.90 MW ML2MW
2000 02 21 1615 126.430 -16.740   5.0 2.97 MW ML2MW
2000 02 29 1124 120.960 -17.500   5.0 2.97 MW ML2MW
2000 03 30 1555 128.560 -16.640   5.0 2.97 MW ML2MW
2000 04 08 2227 116.446 -20.027   5.0 2.76 MW ML2MW
2000 12 13 0549 119.877 -18.175   0.0 2.97 MW ML2MW
2001 01 12 1451 113.621 -28.046  15.0 2.76 MW ML2MW
2001 06 04 1407 114.390 -26.530  14.0 2.83 MW ML2MW
2001 10 15 0616 113.713 -22.479  10.0 2.62 MW ML2MW
2002 03 20 1702 114.678 -23.308  20.0 2.84 MW ML2MW
2002 04 06 1135 114.450 -26.355   5.0 2.95 MW ML2MW
2002 04 14 0444 128.429 -17.010   0.0 2.97 MW ML2MW
2003 05 11 0834 114.144 -29.175  18.0 2.80 MW ML2MW
2003 06 01 0255 114.108 -21.933   1.7 2.77 MW ML2MW
2003 06 04 2004 115.269 -33.552   5.0 2.94 MW ML2MW
2004 09 26 0903 113.761 -22.813  27.0 2.82 MW ML2MW
2005 07 09 1348 124.660 -14.950  37.0 2.73 MW ML2MW
2005 09 11 2140 128.730 -16.518   5.0 2.90 MW ML2MW
2005 12 14 1102 113.701 -21.889  22.0 2.91 MW ML2MW
2006 02 05 2006 114.959 -23.737  15.0 2.89 MW ML2MW
2006 03 04 1703 115.912 -33.618   0.0 2.95 MW ML2MW
2006 04 23 1423 122.075 -17.288   3.0 2.78 MW ML2MW
2006 05 08 0122 127.859 -17.673   0.0 2.92 MW ML2MW
2006 05 14 0927 127.311 -18.327   0.0 2.94 MW ML2MW
2007 06 19 0525 116.482 -20.042  14.0 2.94 MW ML2MW
2007 07 17 1031 113.319 -25.535   0.0 2.81 MW ML2MW
2007 12 11 1605 128.777 -16.430   9.0 2.79 MW ML2MW
2008 02 18 1918 112.770 -26.693  10.0 2.91 MW ML2MW
2008 06 23 1317 127.722 -18.176   0.0 2.99 MW ML2MW
2010 10 21 0830 113.972 -29.424   0.0 2.82 MW ML2MW
2010 11 24 1744 121.321 -17.094  10.0 2.75 MW ML2MW
2010 12 02 1830 128.594 -14.658   2.0 2.86 MW ML2MW
2010 12 09 1653 127.410 -17.223   5.0 2.42 MW ML2MW
2010 12 12 1226 114.607 -26.965  10.0 2.91 MW ML2MW
2011 01 08 1257 128.795 -14.771  10.0 2.83 MW ML2MW
2011 04 04 1203 127.984 -17.452   0.0 2.98 MW ML2MW
2011 04 26 0756 128.469 -16.631   0.0 2.71 MW mb2MW
2011 07 31 1350 115.855 -30.122  16.0 2.96 MW ML2MW
2012 07 20 1702 113.708 -27.303   8.0 2.83 MW ML2MW
2012 09 10 0316 113.395 -24.438   0.0 2.82 MW ML2MW
2012 12 29 1743 113.024 -24.529  10.0 2.95 MW ML2MW
2013 03 20 2314 123.373 -17.630  10.0 2.97 MW ML2MW
2013 06 23 1248 114.766 -25.094   0.0 2.97 MW ML2MW
2013 08 19 1214 114.120 -23.772  10.0 2.77 MW ML2MW
2013 10 04 1335 113.311 -23.878  10.0 2.86 MW ML2MW
2013 10 23 1952 120.234 -17.087  30.0 2.80 MW ML2MW
2014 03 05 1825 114.719 -21.871   0.0 2.75 MW ML2MW
2014 04 21 0942 114.918 -24.753  10.0 2.74 MW ML2MW
2014 07 29 0439 118.765 -18.315  40.0 2.79 MW ML2MW
2014 08 14 1708 114.219 -24.595  10.0 2.83 MW ML2MW
2014 08 23 1151 119.560 -18.297   0.0 2.61 MW ML2MW
2014 09 29 1927 120.989 -18.972  10.0 2.61 MW ML2MW
2014 11 03 1337 112.773 -26.559   0.0 2.82 MW ML2MW
2015 05 11 1331 127.779 -18.152  10.0 2.99 MW ML2MW
2015 05 28 1831 123.598 -18.074  15.0 2.95 MW ML2MW
2015 06 08 1539 129.764 -14.588   3.0 2.97 MW ML2MW
2015 07 06 2254 113.626 -27.700  10.0 2.88 MW ML2MW
2015 07 20 2218 119.875 -18.557  15.0 2.71 MW ML2MW
2015 10 08 2226 114.360 -28.133  20.0 2.60 MW ML2MW
2016 09 11 1622 126.303 -16.798   9.0 2.97 MW ML2MW
2016 09 19 0705 119.611 -18.734  10.0 2.99 MW ML2MW
2017 04 25 1108 114.450 -23.009  10.0 2.75 MW ML2MW
2017 08 23 1404 113.597 -25.261  10.0 2.96 MW ML2MW
2017 09 10 1731 124.175 -17.291  10.0 2.93 MW ML2MW
2017 10 10 1201 114.692 -22.902  10.0 2.88 MW ML2MW
2018 03 10 0126 118.480 -18.748  10.0 2.68 MW ML2MW
2018 03 14 1907 129.668 -13.324  10.0 2.67 MW ML2MW
2018 04 26 2202 122.519 -18.178  10.0 2.90 MW ML2MW
2018 04 30 1649 129.621 -15.045  10.0 2.93 MW ML2MW
2018 05 15 0743 113.294 -25.744  10.0 2.92 MW ML2MW
2018 12 14 1948 119.263 -18.099  10.0 2.64 MW ML2MW
2018 12 20 0757 113.023 -23.708  10.0 2.87 MW ML2MW
2019 01 20 0646 113.085 -23.662  10.0 2.95 MW ML2MW
2019 01 23 1325 125.316 -17.055  10.0 2.99 MW ML2MW
2019 01 23 1720 118.222 -19.222  10.0 2.58 MW ML2MW
2019 02 11 1103 128.813 -16.748   0.0 2.94 MW ML2MW
2019 02 11 1751 128.711 -16.544  10.0 2.73 MW ML2MW
2019 02 11 2004 128.874 -16.675  10.0 2.78 MW ML2MW
2019 02 23 1723 119.606 -17.928  10.0 2.64 MW ML2MW
2019 02 24 1724 119.908 -17.233  10.0 2.77 MW ML2MW
2019 04 04 1740 122.207 -17.326  10.0 2.74 MW ML2MW
2019 05 05 0325 121.827 -17.016  10.0 2.94 MW ML2MW
2019 06 02 1409 129.936 -14.854  10.0 2.87 MW ML2MW
2019 06 16 1408 128.545 -16.972  10.0 2.98 MW ML2MW
2019 07 21 1229 120.311 -17.962  10.4 2.83 MW ML2MW
2019 07 26 0348 120.672 -18.632  10.0 2.42 MW ML2MW
2019 07 26 1024 118.881 -18.926  10.0 2.34 MW ML2MW
2019 07 27 0111 120.025 -17.872  10.0 2.56 MW ML2MW
2019 07 28 0933 120.164 -18.487  10.0 2.67 MW ML2MW
2019 08 01 0652 120.490 -18.511  10.0 2.78 MW ML2MW
2019 08 03 1245 120.470 -18.794  10.0 2.87 MW ML2MW
2019 08 15 1234 120.590 -18.493  10.0 2.64 MW ML2MW
2019 08 18 1011 120.051 -18.434  10.0 2.65 MW ML2MW
2019 08 19 1248 120.246 -18.549  10.0 2.67 MW ML2MW
2019 08 21 0500 120.528 -18.597  10.0 2.97 MW ML2MW
2019 08 23 0942 119.569 -17.960  10.0 2.63 MW ML2MW
2019 08 27 2140 120.480 -18.787  10.0 2.54 MW ML2MW
2019 08 30 1043 120.226 -18.548  10.0 2.53 MW ML2MW
2019 09 10 1008 112.958 -25.381  10.0 2.87 MW ML2MW
2019 09 16 0257 119.508 -17.850  10.0 2.81 MW ML2MW
2019 09 29 1334 120.331 -18.696  10.0 2.71 MW ML2MW
2019 10 01 0108 120.174 -18.653  10.0 2.69 MW ML2MW
2019 10 04 1646 120.175 -18.011  10.0 2.78 MW ML2MW
2019 10 07 1950 121.302 -17.024  10.0 2.96 MW ML2MW
2019 10 10 1233 114.759 -23.422  10.0 2.89 MW ML2MW
2019 10 23 0954 120.190 -17.713  10.0 2.80 MW ML2MW
2019 10 25 1133 120.475 -18.590  10.0 2.63 MW ML2MW
2019 10 29 0219 119.876 -17.401  10.0 2.76 MW ML2MW
2019 11 02 2050 113.632 -25.095  10.0 2.92 MW ML2MW
2019 11 21 1300 115.187 -21.432  10.0 2.65 MW ML2MW
2019 11 22 0355 125.295 -19.540  10.0 2.97 MW ML2MW
2019 12 12 2127 114.627 -32.794  10.0 2.60 MW ML2MW
2019 12 14 0256 120.183 -18.510  10.0 2.55 MW ML2MW
2019 12 17 1253 120.018 -19.133  10.0 2.54 MW ML2MW
2019 12 18 0916 120.324 -17.944  10.0 2.98 MW ML2MW
2019 12 20 1110 113.959 -27.436  10.0 2.66 MW ML2MW
2020 01 11 0324 120.123 -18.674  10.0 2.66 MW ML2MW
2020 01 30 1107 119.748 -17.241  10.0 2.98 MW ML2MW
2020 02 26 0422 120.154 -18.502  10.0 2.63 MW ML2MW
2020 03 05 2038 120.461 -18.668  10.0 2.55 MW ML2MW
2020 03 11 1546 120.475 -17.127  10.0 2.74 MW ML2MW
2020 03 25 2332 119.973 -18.229  10.0 2.87 MW ML2MW
2020 04 02 1552 120.167 -17.029  10.0 2.93 MW ML2MW
2020 05 07 1116 120.055 -18.393  10.0 2.52 MW ML2MW
2020 05 17 0925 121.662 -18.868  10.0 2.77 MW ML2MW
2020 06 14 1533 123.342 -18.781  10.0 2.70 MW ML2MW
2020 06 23 2252 120.656 -18.283  10.0 2.62 MW ML2MW
2020 07 03 2258 120.554 -18.484  10.0 2.78 MW ML2MW
2020 08 02 1203 114.370 -29.880  10.0 2.79 MW ML2MW
2020 10 07 1332 114.472 -26.431  10.0 2.79 MW ML2MW
2020 10 11 0048 114.224 -29.725  10.0 2.75 MW ML2MW
2020 10 20 1131 123.703 -17.850  10.0 2.27 MW ML2MW
2020 10 24 0116 119.665 -17.971  10.0 2.59 MW ML2MW
2021 03 25 1729 124.954 -19.533  10.0 2.53 MW ML2MW
2021 07 04 1015 127.983 -16.320  10.0 2.91 MW ML2MW
