1929 08 16 2128 120.660 -16.990  33.0 6.26 MW MS2MW
1961 08 23 1801 119.000 -18.500  18.0 5.11 MW ML2MW
1963 08 27 1915 128.600 -16.600  33.0 4.89 MW mb2MW
1964 03 23 2241 123.042 -17.875  27.3 4.79 MW mb2MW
1965 05 19 0213 111.953 -25.027   4.7 5.29 MW MS2MW
1965 09 10 1224 122.200 -18.100  18.0 4.91 MW ML2MW
1968 06 19 0555 124.900 -19.100  18.0 4.79 MW mb2MW
1968 08 06 1908 123.200 -18.500  18.0 5.00 MW mb2MW
1969 06 23 1414 123.100 -17.600   7.0 4.58 MW mb2MW
1969 10 09 0129 117.460 -18.820   0.0 4.68 MW mb2MW
1971 01 14 1744 114.600 -24.730   0.0 4.58 MW mb2MW
1971 07 12 2259 115.160 -24.540   0.0 4.79 MW mb2MW
1974 02 08 1243 121.756 -14.151  33.0 4.36 MW mb2MW
1974 11 07 0153 118.650 -18.160   0.0 5.00 MW mb2MW
1975 03 06 2351 126.488 -17.212   0.0 4.89 MW mb2MW
1975 04 18 1634 113.860 -24.400   0.0 4.15 MW mb2MW
1975 08 25 1128 123.286 -18.958   0.0 4.36 MW mb2MW
1976 11 28 1834 122.417 -18.618  33.0 4.04 MW mb2MW
1978 05 06 1952 126.560 -19.550  17.0 4.89 MW mb2MW
1979 04 23 0545 120.163 -16.617  30.8 6.15 MW GCMT
1979 07 14 0940 122.755 -18.103  15.0 5.04 MW GCMT
1979 07 16 2039 127.049 -17.224  10.0 4.48 MW ML2MW
1980 03 15 0709 121.640 -18.770   0.0 4.11 MW ML2MW
1980 07 31 1219 120.960 -19.510   0.0 4.00 MW ML2MW
1981 01 01 0900 122.756 -17.510  33.0 4.14 MW ML2MW
1981 07 14 0614 130.734 -10.997  33.0 4.04 MW mb2MW
1981 07 16 1246 114.240 -21.030  10.0 4.39 MW ML2MW
1982 12 31 2219 124.142 -17.450  33.0 4.15 MW mb2MW
1984 03 16 0345 123.344 -15.003  37.0 4.36 MW mb2MW
1985 03 03 1104 126.590 -18.270  10.0 3.12 MW ML2MW
1985 03 13 2152 121.678 -15.427  33.0 4.35 MW ML2MW
1985 04 12 0318 130.140 -14.750  10.0 3.87 MW ML2MW
1985 04 24 1538 114.060 -21.730  10.0 3.36 MW ML2MW
1985 05 07 1004 118.880 -18.950  10.0 3.90 MW ML2MW
1985 05 20 2258 120.860 -18.410  10.0 3.44 MW ML2MW
1985 06 10 1500 113.435 -22.398  33.0 3.87 MW ML2MW
1985 07 23 0947 126.797 -19.310  10.0 4.23 MW ML2MW
1985 08 13 1234 117.869 -18.892  37.0 3.60 MW ML2MW
1985 08 18 0109 113.960 -22.960  10.0 3.65 MW ML2MW
1985 11 05 2205 113.700 -21.780  37.0 3.14 MW ML2MW
1985 11 13 1748 120.515 -16.552  33.0 3.33 MW ML2MW
1985 11 15 0835 113.530 -23.740  10.0 3.68 MW ML2MW
1985 11 24 0926 124.640 -15.910  33.0 4.04 MW mb2MW
1985 12 16 1014 113.230 -27.320  10.0 3.02 MW ML2MW
1986 01 02 2313 115.150 -20.790   5.0 3.04 MW ML2MW
1986 01 14 0038 113.440 -23.870   5.0 3.88 MW ML2MW
1986 02 06 1144 119.201 -18.654   5.0 3.45 MW ML2MW
1986 04 24 0823 127.880 -18.090   5.0 3.05 MW ML2MW
1986 05 08 1747 116.540 -19.620   5.0 3.16 MW ML2MW
1986 05 31 2038 117.949 -18.846  10.0 3.68 MW ML2MW
1986 09 13 0237 120.950 -15.810   5.0 3.59 MW ML2MW
1986 10 16 2136 114.590 -22.610   5.0 3.96 MW ML2MW
1986 11 05 0757 118.850 -18.470   5.0 3.58 MW ML2MW
1986 12 04 1347 115.830 -20.250   5.0 3.71 MW ML2MW
1986 12 14 0932 121.510 -19.180   5.0 3.36 MW ML2MW
1986 12 18 0126 122.808 -17.265   5.0 3.27 MW ML2MW
1987 01 07 0526 117.750 -19.310   5.0 3.17 MW ML2MW
1987 03 14 1925 114.100 -22.750   5.0 3.05 MW ML2MW
1987 04 10 0643 122.100 -17.250   5.0 3.15 MW ML2MW
1987 05 21 0315 128.348 -16.842   0.0 3.30 MW ML2MW
1987 06 21 1615 118.990 -18.170   5.0 3.55 MW ML2MW
1987 07 05 1105 120.700 -18.470   5.0 3.04 MW ML2MW
1987 07 19 0303 113.060 -27.220   5.0 4.36 MW ML2MW
1987 08 30 1423 128.679 -16.739  14.0 4.13 MW ML2MW
1987 09 18 0041 119.220 -16.760   5.0 3.37 MW ML2MW
1987 09 24 2046 115.650 -19.670   5.0 3.59 MW ML2MW
1987 10 16 1119 112.560 -25.760   5.0 3.99 MW ML2MW
1987 10 21 0233 112.840 -26.360   5.0 3.24 MW ML2MW
1987 10 25 2242 119.220 -18.170   5.0 3.31 MW ML2MW
1987 11 06 1336 122.966 -13.388  10.0 3.60 MW ML2MW
1987 11 15 1237 114.000 -23.310   5.0 3.14 MW ML2MW
1987 12 04 1315 120.624 -17.655  10.0 4.24 MW ML2MW
1987 12 25 1936 120.652 -16.326  10.0 3.85 MW ML2MW
1987 12 27 0807 114.380 -23.760   5.0 3.44 MW ML2MW
1988 02 06 0524 124.730 -16.601  15.0 5.10 MW EHB
1988 03 12 1359 128.829 -16.640   5.0 3.11 MW ML2MW
1988 03 20 1915 114.000 -29.110   5.0 3.03 MW ML2MW
1988 05 18 0903 122.280 -18.960   5.0 3.11 MW ML2MW
1988 05 29 0606 122.435 -13.864  10.0 3.24 MW ML2MW
1988 06 23 1131 128.606 -16.814  10.0 4.08 MW ML2MW
1988 07 14 2236 128.783 -16.862  33.0 3.94 MW ML2MW
1988 07 30 0414 123.540 -18.410   5.0 3.08 MW ML2MW
1988 08 22 1313 121.660 -16.420   5.0 3.30 MW ML2MW
1988 08 25 2133 128.583 -16.694  10.0 3.22 MW ML2MW
1988 09 21 0228 128.130 -17.380   5.0 3.41 MW ML2MW
1988 10 24 1759 115.830 -20.260   5.0 3.24 MW ML2MW
1988 12 15 1856 124.583 -19.164   5.0 3.68 MW ML2MW
1989 02 17 1151 117.550 -19.340   5.0 3.04 MW ML2MW
1989 02 17 1416 121.148 -14.933   5.0 3.16 MW ML2MW
1989 03 21 1800 114.580 -23.240  10.0 3.51 MW ML2MW
1989 04 10 0737 126.618 -17.124   5.0 3.28 MW ML2MW
1989 07 20 0929 114.888 -33.967   5.0 3.14 MW ML2MW
1989 09 12 0943 128.396 -15.559  33.0 4.47 MW mb2MW
1989 11 04 0057 127.798 -17.236   5.0 3.33 MW ML2MW
1989 12 21 1729 114.086 -21.867   5.0 3.03 MW ML2MW
1990 02 18 2247 117.982 -18.183   5.0 4.35 MW ML2MW
1990 02 20 1418 128.532 -16.713  10.0 3.19 MW ML2MW
1990 03 20 2109 124.310 -18.506   5.0 3.42 MW ML2MW
1990 03 30 1131 113.385 -24.022   5.0 3.50 MW ML2MW
1990 04 01 1035 122.589 -13.359  33.0 3.51 MW mb2MW
1990 04 15 0620 114.057 -22.327   5.0 3.26 MW ML2MW
1990 05 28 0823 113.839 -27.549   5.0 3.04 MW ML2MW
1990 06 26 2030 126.799 -18.698   5.0 3.34 MW ML2MW
1990 06 27 1423 123.117 -18.833   5.0 3.19 MW ML2MW
1990 07 13 1818 116.318 -18.853   5.0 3.11 MW ML2MW
1990 08 17 1214 122.631 -17.849  10.0 4.08 MW ML2MW
1990 08 28 1004 112.751 -22.864   5.2 3.58 MW ML2MW
1990 09 12 1205 122.870 -18.630   5.0 3.26 MW ML2MW
1990 10 09 1816 128.895 -14.286   5.0 3.34 MW ML2MW
1990 10 15 1949 113.924 -22.505   5.0 3.26 MW ML2MW
1991 01 09 1022 123.921 -17.534  10.0 3.66 MW ML2MW
1991 02 08 0015 114.246 -24.638   5.0 3.04 MW ML2MW
1991 03 17 0938 114.010 -28.092   5.0 3.34 MW ML2MW
1991 04 20 1508 112.506 -27.384   5.0 3.19 MW ML2MW
1991 05 07 0528 118.407 -18.799   5.0 3.11 MW ML2MW
1991 05 15 0906 113.042 -22.325  35.0 3.11 MW ML2MW
1991 05 21 0212 125.486 -15.455   5.0 3.11 MW ML2MW
1991 07 28 0531 122.305 -17.719   5.0 3.19 MW ML2MW
1991 08 17 0008 115.699 -29.127   5.0 3.04 MW ML2MW
1991 08 18 1156 128.607 -16.770  10.0 3.82 MW ML2MW
1991 09 05 0611 112.678 -25.093   5.0 3.11 MW ML2MW
1991 09 11 0212 114.042 -22.536   5.0 3.04 MW ML2MW
1991 10 06 2259 129.087 -16.877   5.0 3.58 MW ML2MW
1991 10 09 1646 128.663 -16.706   5.0 3.66 MW ML2MW
1991 11 24 1438 117.001 -19.375   5.0 3.19 MW ML2MW
1992 01 18 0249 126.708 -19.856   5.0 3.11 MW ML2MW
1992 03 31 0214 126.875 -18.820  10.0 3.94 MW mb2MW
1992 04 18 2040 123.250 -17.322  10.0 3.50 MW ML2MW
1992 06 25 1959 113.135 -23.552   5.0 3.26 MW ML2MW
1992 07 12 1746 123.066 -19.903   5.0 3.11 MW ML2MW
1992 07 27 1159 122.139 -17.616   5.0 3.91 MW ML2MW
1992 08 02 0734 126.730 -19.906   5.0 3.26 MW ML2MW
1992 08 05 2152 114.409 -21.585   5.0 3.04 MW ML2MW
1992 08 30 1740 119.064 -18.214   5.0 3.19 MW ML2MW
1992 10 21 2142 121.912 -15.252   5.0 3.26 MW ML2MW
1992 10 27 1715 119.110 -18.193  33.0 3.74 MW ML2MW
1992 11 09 0536 119.275 -18.202   5.0 3.42 MW ML2MW
1992 11 16 2104 127.206 -17.034   5.0 3.26 MW ML2MW
1993 03 11 2216 114.606 -21.552   5.0 3.50 MW ML2MW
1993 03 12 1704 115.556 -30.075   9.0 3.19 MW ML2MW
1993 03 26 0020 113.925 -22.043  37.5 3.11 MW ML2MW
1993 03 27 0808 122.821 -18.561   5.0 3.19 MW ML2MW
1993 04 15 0005 121.138 -15.724  10.0 3.34 MW ML2MW
1993 04 28 1450 119.434 -17.822   5.0 3.04 MW ML2MW
1993 05 14 2014 113.472 -22.978   5.0 3.91 MW ML2MW
1993 06 07 1508 119.174 -18.093   5.0 3.11 MW ML2MW
1993 08 11 1914 126.841 -19.514  10.0 3.50 MW ML2MW
1993 08 28 1926 127.925 -16.133   5.0 3.26 MW ML2MW
1993 10 03 0231 113.722 -22.019   5.0 3.11 MW ML2MW
1993 11 20 0120 113.978 -23.051   5.0 3.04 MW ML2MW
1994 02 28 0758 127.270 -15.172   5.0 3.26 MW ML2MW
1994 04 20 2040 116.288 -20.224   5.0 3.04 MW ML2MW
1994 10 09 1501 128.070 -16.652   5.0 3.58 MW ML2MW
1995 01 27 1914 123.229 -18.859   5.0 3.42 MW ML2MW
1995 02 11 0812 113.904 -27.206   5.0 3.04 MW ML2MW
1995 02 21 0126 122.512 -18.886   5.0 3.19 MW ML2MW
1995 03 17 0927 123.529 -18.086   5.0 3.04 MW ML2MW
1995 06 25 2023 121.439 -16.066   5.0 3.34 MW ML2MW
1995 07 01 1843 122.416 -17.483  36.5 3.26 MW ML2MW
1995 07 15 0222 115.546 -30.058   5.0 3.04 MW ML2MW
1995 08 15 0157 120.813 -18.414   5.0 3.19 MW ML2MW
1995 08 17 1336 113.199 -25.618   5.0 3.19 MW ML2MW
1995 08 25 1150 112.183 -23.754   5.0 4.26 MW mb2MW
1995 09 15 0440 118.049 -19.354  22.0 3.11 MW ML2MW
1995 10 19 0355 122.835 -18.546   5.0 3.34 MW ML2MW
1995 10 29 0655 113.531 -24.063   5.0 3.42 MW ML2MW
1995 12 10 1251 123.248 -14.281   5.0 3.34 MW ML2MW
1995 12 12 2211 124.282 -18.527   5.0 3.34 MW ML2MW
1996 01 26 1041 117.205 -19.438   5.0 3.04 MW ML2MW
1996 02 04 1755 120.897 -18.863   5.0 3.42 MW ML2MW
1996 03 11 0039 113.860 -29.209   5.0 3.11 MW ML2MW
1996 03 11 2324 127.149 -16.578   5.0 3.58 MW ML2MW
1996 03 17 2239 114.302 -21.820   5.0 3.42 MW ML2MW
1996 04 06 0846 119.397 -17.902   5.0 3.26 MW ML2MW
1996 04 28 2052 128.651 -16.663  18.0 3.11 MW ML2MW
1996 04 30 1358 128.803 -11.753  33.0 3.08 MW mb2MW
1996 05 21 2021 121.966 -18.535  30.0 3.26 MW ML2MW
1996 09 02 0546 128.652 -16.563   1.0 3.11 MW ML2MW
1996 09 06 2024 115.047 -27.240   5.0 3.34 MW ML2MW
1996 10 18 0528 114.588 -32.761   5.0 3.99 MW ML2MW
1996 10 23 1823 128.650 -16.598   5.0 3.58 MW ML2MW
1996 11 20 0555 113.280 -21.970   0.0 3.34 MW ML2MW
1996 12 08 2129 124.630 -15.197  33.0 3.58 MW ML2MW
1996 12 31 1504 122.458 -17.708   5.0 3.26 MW ML2MW
1997 02 02 1936 124.073 -13.884  33.0 3.40 MW mb2MW
1997 02 20 1445 120.863 -15.951   5.0 3.50 MW ML2MW
1997 03 03 0305 127.003 -16.597   5.0 3.34 MW ML2MW
1997 03 14 2358 130.547 -10.848  12.0 3.19 MW ML2MW
1997 03 18 2324 119.532 -19.209  33.0 3.34 MW ML2MW
1997 04 21 1337 113.898 -22.729   5.0 3.19 MW ML2MW
1997 05 18 0835 112.975 -23.740   5.0 3.11 MW ML2MW
1997 05 21 1158 122.072 -14.902   5.0 3.26 MW ML2MW
1997 06 28 0100 114.474 -23.512  12.9 3.11 MW ML2MW
1997 07 08 2134 114.330 -28.465   5.0 4.08 MW ML2MW
1997 07 29 0542 130.154 -12.789   0.0 4.08 MW ML2MW
1997 07 31 1914 123.284 -17.317   5.0 3.11 MW ML2MW
1997 08 10 0920 124.333 -16.159  20.0 6.21 MW GCMT
1997 08 17 1305 121.784 -17.151   5.0 3.19 MW ML2MW
1997 08 30 1855 118.691 -18.295   5.0 3.34 MW ML2MW
1997 09 01 0948 123.138 -18.116   5.0 4.35 MW ML2MW
1997 09 12 1822 114.960 -21.106  37.0 3.66 MW ML2MW
1997 09 13 1158 113.653 -24.219   5.0 3.04 MW ML2MW
1997 10 10 1717 116.786 -19.381   5.0 3.26 MW ML2MW
1997 10 22 1255 113.499 -21.919   5.0 3.04 MW ML2MW
1997 11 11 1226 128.168 -16.504   5.0 3.50 MW ML2MW
1997 11 20 0144 118.855 -18.385   5.0 3.34 MW ML2MW
1997 11 23 0420 128.496 -16.798  33.0 3.04 MW ML2MW
1997 12 14 1836 112.980 -23.943  84.0 3.34 MW ML2MW
1998 02 08 0446 122.259 -17.831   5.0 3.11 MW ML2MW
1998 02 13 0510 124.087 -17.484   5.0 3.34 MW ML2MW
1998 03 12 1240 113.308 -23.750   5.0 3.26 MW ML2MW
1998 03 29 2006 129.278 -14.280  10.0 4.08 MW ML2MW
1998 04 08 1641 126.642 -17.925   5.0 3.04 MW ML2MW
1998 04 12 1510 128.551 -16.924   5.0 3.04 MW ML2MW
1998 05 25 0503 123.827 -13.827   0.0 3.34 MW ML2MW
1998 06 13 2013 117.531 -18.955   5.0 3.19 MW ML2MW
1998 07 13 0531 120.981 -15.904   5.0 3.19 MW ML2MW
1998 07 21 1223 113.504 -28.226   5.0 3.11 MW ML2MW
1998 08 08 0736 123.997 -15.634   0.0 3.42 MW ML2MW
1998 08 17 0245 123.565 -17.662   5.0 3.11 MW ML2MW
1998 11 10 0158 128.966 -13.794   0.0 3.34 MW ML2MW
1998 11 13 1154 124.887 -19.132   7.0 3.74 MW ML2MW
1998 11 13 2352 129.120 -13.740   0.0 3.19 MW ML2MW
1999 03 22 0122 127.312 -16.692   5.0 3.50 MW ML2MW
1999 04 01 2239 120.917 -15.984   5.0 3.19 MW ML2MW
1999 04 10 2227 124.752 -19.621   5.0 3.26 MW ML2MW
1999 04 18 2143 122.766 -13.679   5.0 3.26 MW ML2MW
1999 05 19 2331 127.880 -13.730   5.0 3.11 MW ML2MW
1999 06 25 0036 113.910 -22.850   5.0 3.91 MW ML2MW
1999 07 27 0548 127.860 -13.710   5.0 3.11 MW ML2MW
1999 08 25 1223 112.570 -24.340   5.0 3.11 MW ML2MW
1999 10 29 0615 113.780 -22.170  18.0 3.26 MW ML2MW
1999 11 04 1836 127.480 -15.970   5.0 3.11 MW ML2MW
1999 12 16 1236 125.880 -16.840   5.0 3.11 MW ML2MW
2000 01 07 0302 121.430 -18.100   5.0 3.11 MW ML2MW
2000 01 13 0224 123.806 -16.478   5.0 3.92 MW ML2MW
2000 01 20 1501 114.050 -24.130   5.0 3.47 MW ML2MW
2000 02 06 1251 121.705 -17.121   5.0 3.26 MW ML2MW
2000 02 08 1337 122.277 -13.529  33.0 3.40 MW mb2MW
2000 02 15 1744 127.654 -14.118   0.0 3.45 MW ML2MW
2000 03 01 2211 119.290 -18.100   5.0 3.11 MW ML2MW
2000 03 19 2307 113.190 -24.100  11.0 3.11 MW ML2MW
2000 04 01 1329 111.629 -25.186   0.0 4.11 MW ML2MW
2000 04 13 0314 128.635 -16.421  15.0 3.70 MW ML2MW
2000 05 14 1239 112.960 -23.282  10.0 3.72 MW mb2MW
2000 05 25 0425 114.792 -20.722   5.0 3.19 MW ML2MW
2000 07 25 0333 113.630 -24.190   5.0 3.79 MW ML2MW
2000 07 30 1850 122.760 -17.720  10.0 3.07 MW ML2MW
2000 09 16 0429 113.055 -22.612  27.0 3.11 MW ML2MW
2000 09 24 0907 114.791 -22.090  10.0 3.41 MW ML2MW
2000 10 02 1133 113.143 -22.696  13.0 3.66 MW ML2MW
2000 10 15 0827 128.902 -12.370  28.0 4.21 MW ML2MW
2000 10 21 1052 129.288 -13.802  19.0 3.37 MW ML2MW
2000 12 28 0528 130.763 -12.544   0.0 3.62 MW ML2MW
2001 01 25 1406 126.450 -18.350   0.0 3.42 MW ML2MW
2001 02 17 1300 129.194 -13.077   0.0 3.58 MW ML2MW
2001 02 19 1805 129.240 -14.010   0.0 3.08 MW ML2MW
2001 03 11 2123 129.571 -11.349   0.0 3.74 MW ML2MW
2001 04 29 1954 114.042 -27.651   9.0 3.51 MW mb2MW
2001 04 30 2338 113.070 -24.500  18.0 3.44 MW ML2MW
2001 05 11 0811 127.460 -14.490   0.0 3.74 MW ML2MW
2001 07 19 1107 129.475 -11.984   0.0 3.34 MW ML2MW
2001 07 27 0423 124.366 -18.384   0.0 3.48 MW ML2MW
2001 08 25 0338 120.940 -18.870   5.0 3.42 MW ML2MW
2001 09 04 1656 115.192 -27.288   5.0 3.45 MW ML2MW
2001 09 11 0356 114.990 -24.820   2.0 3.35 MW ML2MW
2001 10 06 1631 120.046 -17.656   0.0 3.45 MW ML2MW
2001 12 01 2209 122.592 -12.967  23.0 3.24 MW ML2MW
2002 02 05 1751 122.320 -17.457   0.0 3.46 MW ML2MW
2002 04 05 1910 112.388 -25.181  10.0 3.97 MW ML2MW
2002 05 02 0405 119.599 -17.742   2.0 3.37 MW ML2MW
2002 05 11 1350 113.192 -25.023   6.0 3.04 MW ML2MW
2002 08 16 2225 114.461 -22.814  10.0 3.68 MW ML2MW
2002 10 08 1554 115.498 -25.263   5.0 4.33 MW ML2MW
2002 10 25 0646 123.114 -15.743   8.0 3.30 MW ML2MW
2002 10 31 2251 123.752 -16.814   0.0 3.06 MW ML2MW
2002 11 01 0855 129.904 -11.931  10.0 4.16 MW ML2MW
2002 11 05 1225 123.320 -16.362   0.0 4.08 MW ML2MW
2003 03 18 1906 123.629 -17.086   5.0 3.76 MW ML2MW
2003 04 08 0313 121.917 -14.642  33.0 3.45 MW ML2MW
2003 04 10 0041 114.333 -29.330  10.0 3.39 MW ML2MW
2003 05 20 1232 128.431 -16.846   5.0 3.03 MW ML2MW
2003 06 19 0726 113.192 -25.481   1.0 3.09 MW ML2MW
2003 07 27 2257 125.142 -19.012  10.0 3.26 MW ML2MW
2003 10 04 0145 122.465 -13.731   5.0 3.05 MW ML2MW
2003 10 19 0842 112.143 -24.983 116.0 3.43 MW ML2MW
2003 11 12 2057 122.797 -13.237 105.0 3.19 MW mb2MW
2003 12 05 2226 126.844 -18.387  10.0 3.83 MW mb2MW
2004 01 17 1608 122.396 -18.783  10.0 3.87 MW ML2MW
2004 04 02 2222 128.185 -11.851   0.0 3.66 MW ML2MW
2004 04 03 0729 128.715 -16.756  10.0 3.26 MW ML2MW
2004 05 10 1839 113.004 -24.516  20.0 3.44 MW ML2MW
2004 05 12 1125 116.924 -19.780  36.0 3.32 MW ML2MW
2004 09 25 1510 129.152 -16.776  10.0 3.99 MW ML2MW
2004 10 18 2227 127.437 -16.527   9.0 3.02 MW ML2MW
2004 11 01 1315 124.844 -19.111   8.9 3.89 MW ML2MW
2004 11 23 1050 127.153 -16.937  10.0 3.95 MW ML2MW
2004 12 02 2128 117.635 -18.650  20.0 3.08 MW ML2MW
2004 12 13 2334 113.895 -21.936   0.0 3.05 MW ML2MW
2004 12 16 0955 125.120 -17.597  11.8 3.50 MW ML2MW
2004 12 23 0427 124.414 -15.048   0.0 3.82 MW ML2MW
2005 01 24 0943 122.587 -17.530  10.0 3.72 MW ML2MW
2005 02 23 1935 122.095 -14.636  10.0 4.26 MW mb2MW
2005 03 07 1452 112.565 -24.309  10.0 3.35 MW ML2MW
2005 03 08 0454 122.014 -14.738  10.0 3.83 MW mb2MW
2005 04 02 0914 127.241 -16.645   0.0 3.08 MW ML2MW
2005 05 06 0659 115.963 -31.635   2.0 3.02 MW ML2MW
2005 11 15 1450 128.666 -16.486   2.0 3.20 MW ML2MW
2005 12 20 1949 114.102 -29.400  10.0 3.78 MW ML2MW
2005 12 26 0750 128.746 -16.133   0.0 3.06 MW ML2MW
2005 12 26 2040 122.762 -13.834  10.0 4.26 MW mb2MW
2005 12 27 0932 112.757 -24.860   0.0 3.53 MW ML2MW
2006 05 24 2200 127.138 -16.534   2.3 3.08 MW ML2MW
2006 05 26 0738 128.691 -16.664   0.0 3.11 MW ML2MW
2006 06 03 1626 121.808 -16.813  10.0 3.20 MW ML2MW
2006 10 06 1206 113.904 -22.269  26.0 3.17 MW ML2MW
2007 02 05 1717 125.413 -19.294   5.0 3.18 MW ML2MW
2007 02 09 1634 123.613 -17.818  15.0 3.29 MW ML2MW
2007 02 15 1538 113.383 -25.918  10.0 5.05 MW Leask (2010); Young (2011)
2007 02 17 1344 126.617 -17.903   0.0 3.42 MW ML2MW
2007 02 28 2022 123.232 -18.723  16.0 3.51 MW ML2MW
2007 04 25 2027 127.151 -18.119   0.0 3.17 MW ML2MW
2007 08 24 0609 128.672 -16.657   0.0 3.04 MW ML2MW
2007 11 07 1910 114.933 -23.833   0.0 4.32 MW ML2MW
2008 01 28 1537 113.872 -22.683   7.2 3.03 MW ML2MW
2008 02 06 0646 129.644 -13.402   6.7 4.14 MW ML2MW
2008 02 22 0258 123.526 -19.097   2.1 3.20 MW ML2MW
2008 04 17 1822 122.519 -18.709  10.0 3.24 MW ML2MW
2008 05 28 0430 122.323 -18.596   0.0 4.49 MW ML2MW
2008 05 28 0935 118.920 -18.430   5.0 3.56 MW ML2MW
2008 06 01 1214 113.506 -24.208  10.0 3.23 MW ML2MW
2008 07 27 0644 127.744 -18.144   0.0 3.14 MW ML2MW
2008 07 29 1109 122.110 -14.550   0.0 4.55 MW ML2MW
2008 11 14 2115 129.800 -12.600   0.0 3.14 MW ML2MW
2009 03 06 0135 121.240 -16.271  10.0 5.13 MW ML2MW
2009 04 05 2210 119.480 -16.940  10.0 4.36 MW mb2MW
2009 06 06 1826 113.267 -28.278   0.0 3.60 MW ML2MW
2009 12 05 1540 114.013 -22.036  21.0 3.29 MW ML2MW
2010 01 05 0555 128.600 -17.009  10.0 3.36 MW ML2MW
2010 03 23 0340 128.712 -15.797   3.0 3.21 MW ML2MW
2010 06 08 2007 113.534 -21.935  34.0 3.89 MW ML2MW
2010 07 04 0348 113.667 -22.370  13.0 3.29 MW ML2MW
2010 07 16 1635 119.068 -18.000   0.0 3.78 MW ML2MW
2010 09 02 0725 129.351 -14.310   0.0 3.23 MW ML2MW
2010 09 18 1253 114.650 -22.045   0.0 3.21 MW ML2MW
2010 10 15 1306 117.435 -19.603  10.0 3.63 MW ML2MW
2010 11 24 1744 121.321 -17.094  10.0 3.29 MW ML2MW
2010 12 02 1224 130.429 -11.930   0.0 3.07 MW ML2MW
2010 12 05 1325 128.900 -14.885  30.0 3.56 MW ML2MW
2010 12 21 1500 127.327 -13.115  10.0 3.71 MW ML2MW
2011 04 14 0118 123.730 -18.197  20.0 3.64 MW ML2MW
2011 05 07 0523 123.021 -17.833  10.0 3.99 MW ML2MW
2011 05 09 0818 112.972 -27.250  10.0 3.66 MW ML2MW
2011 07 02 0048 123.958 -18.366   0.0 4.02 MW ML2MW
2011 07 11 1939 116.135 -20.051  33.0 3.59 MW ML2MW
2011 07 14 0235 114.173 -33.165   0.0 3.76 MW ML2MW
2011 07 24 1316 114.557 -23.533  10.0 3.25 MW ML2MW
2011 07 31 1350 115.855 -30.122  16.0 3.01 MW ML2MW
2011 08 17 1109 128.677 -16.919   0.0 3.47 MW ML2MW
2011 09 01 0156 123.300 -18.845  10.0 3.86 MW ML2MW
2011 12 05 1910 114.777 -21.809  10.0 5.26 MW GCMT; Ghasemi et al (2016)
2012 03 01 0418 120.644 -16.505  33.0 3.57 MW ML2MW
2012 03 16 1304 113.952 -27.009   5.0 3.28 MW ML2MW
2012 03 29 0505 114.224 -29.031   3.0 3.53 MW ML2MW
2012 11 05 1931 129.045 -11.546  39.0 4.36 MW ML2MW
2012 12 01 1719 127.661 -16.195  10.0 3.54 MW ML2MW
2012 12 19 2350 112.497 -24.921  10.0 3.08 MW ML2MW
2012 12 28 1204 112.396 -24.344   3.0 4.03 MW ML2MW
2013 01 15 0711 112.861 -25.040   0.0 3.45 MW ML2MW
2013 01 18 1535 118.563 -18.486   5.0 3.04 MW ML2MW
2013 03 20 2314 123.373 -17.630  10.0 3.29 MW ML2MW
2013 09 28 0400 129.119 -15.610   0.0 3.47 MW ML2MW
2013 11 18 1743 128.660 -16.606   0.0 3.16 MW ML2MW
2013 11 25 1539 124.529 -19.312  10.0 3.12 MW ML2MW
2013 12 30 0907 128.700 -16.604   0.0 3.34 MW ML2MW
2014 01 16 2054 129.678 -15.073  10.0 3.20 MW ML2MW
2014 02 03 0106 114.251 -24.941  10.0 3.02 MW ML2MW
2014 02 06 1341 129.565 -15.058  10.0 3.38 MW ML2MW
2014 03 01 1414 122.304 -17.698  10.0 3.15 MW ML2MW
2014 03 16 0324 124.438 -17.414  10.0 3.52 MW ML2MW
2014 05 01 0817 126.419 -18.205   5.0 3.00 MW ML2MW
2014 06 15 0738 121.783 -15.314  10.0 3.08 MW ML2MW
2014 07 19 2152 117.917 -19.503  23.0 3.05 MW ML2MW
2014 08 22 0725 114.610 -23.505  10.0 3.94 MW ML2MW
2014 09 13 2209 113.285 -24.903  15.0 3.17 MW ML2MW
2014 10 09 1545 127.132 -18.137   9.0 3.09 MW ML2MW
2014 10 10 0423 113.734 -27.269  10.0 3.73 MW ML2MW
2014 10 12 0443 113.893 -29.923  10.0 3.16 MW ML2MW
2014 10 22 0240 114.583 -22.501  10.0 3.01 MW ML2MW
2014 11 03 1337 112.773 -26.559   0.0 3.06 MW ML2MW
2014 11 12 0200 125.666 -18.287  18.0 3.53 MW ML2MW
2014 11 28 0301 112.569 -26.054  15.0 4.02 MW ML2MW
2014 12 05 2316 123.450 -19.017  10.0 3.21 MW ML2MW
2014 12 06 0609 127.388 -17.616  10.0 3.47 MW ML2MW
2015 01 14 1212 114.522 -23.460  10.0 3.26 MW ML2MW
2015 03 04 0301 119.213 -18.134 105.0 3.02 MW ML2MW
2015 04 02 0013 115.070 -26.926  10.0 3.08 MW ML2MW
2015 04 28 1816 124.700 -18.383  10.0 3.15 MW ML2MW
2015 05 01 1321 129.244 -13.924  20.0 3.14 MW ML2MW
2015 05 23 2107 128.744 -16.873  10.0 3.45 MW ML2MW
2015 10 07 2030 121.874 -17.229  14.0 4.15 MW ML2MW
2015 10 08 2226 114.360 -28.133  20.0 3.58 MW ML2MW
2015 10 27 0632 126.526 -20.267  10.0 3.46 MW ML2MW
2015 10 27 0638 115.570 -20.507  10.0 3.51 MW ML2MW
2015 11 11 2012 130.546 -12.181  20.0 3.29 MW ML2MW
2015 11 28 1952 128.752 -16.593   6.0 3.04 MW ML2MW
2015 12 19 1213 113.267 -25.144  10.0 3.26 MW ML2MW
2016 01 01 1946 129.230 -13.891  15.0 3.36 MW ML2MW
2016 01 13 1225 116.789 -19.397  10.0 3.30 MW ML2MW
2016 03 26 1454 111.834 -24.981  15.0 3.03 MW ML2MW
2016 04 30 1945 123.858 -19.061  10.0 3.22 MW ML2MW
2016 05 03 1728 114.402 -29.520  10.0 3.07 MW ML2MW
2016 07 16 0319 123.960 -17.064  10.0 3.00 MW ML2MW
2016 08 25 0405 124.792 -19.502  10.0 3.06 MW ML2MW
2016 09 05 0946 123.566 -16.567   0.0 3.05 MW ML2MW
2016 09 11 1622 126.303 -16.798   9.0 3.14 MW ML2MW
2016 11 11 0621 115.325 -24.784  15.0 3.20 MW ML2MW
2016 12 12 1733 113.115 -27.652  10.0 3.24 MW ML2MW
2017 01 21 1354 119.287 -17.733  10.0 3.12 MW ML2MW
2017 02 26 1741 112.877 -24.785  10.0 3.38 MW ML2MW
2017 03 05 0458 123.876 -15.489  10.0 3.28 MW ML2MW
2017 03 22 1449 125.259 -17.323  10.0 3.23 MW ML2MW
2017 04 26 0725 116.329 -20.293  10.0 3.07 MW ML2MW
2017 06 16 1854 120.838 -19.559  10.0 3.30 MW ML2MW
2017 07 02 2347 113.476 -24.839  10.0 3.48 MW ML2MW
2017 08 12 0226 115.111 -27.159  10.0 3.33 MW ML2MW
2017 09 13 0952 113.866 -27.793  10.0 3.30 MW ML2MW
2017 09 14 2126 122.185 -12.920  10.0 3.97 MW ML2MW
2017 10 07 0002 127.399 -15.615  10.0 3.47 MW ML2MW
2017 10 10 1201 114.692 -22.902  10.0 3.22 MW ML2MW
2017 12 17 1204 114.438 -22.867  10.0 3.07 MW ML2MW
2017 12 28 0530 120.632 -17.151  10.0 3.52 MW ML2MW
2018 01 10 2131 123.355 -18.893  10.0 3.82 MW ML2MW
2018 02 24 2255 128.512 -15.206  10.0 3.22 MW ML2MW
2018 03 03 2200 128.818 -16.767  10.0 3.49 MW ML2MW
2018 03 10 0126 118.480 -18.748  10.0 3.42 MW ML2MW
2018 04 06 0742 114.511 -23.344  10.0 3.54 MW ML2MW
2018 04 25 0833 114.523 -29.454  10.0 3.29 MW ML2MW
2018 04 26 2202 122.519 -18.178  10.0 3.60 MW ML2MW
2018 05 26 2315 119.869 -17.697  10.0 3.49 MW ML2MW
2018 09 14 1300 114.252 -27.014  10.0 3.43 MW ML2MW
2018 09 16 2033 113.913 -27.181  10.0 3.08 MW ML2MW
2018 10 27 1215 119.259 -17.568  10.0 3.55 MW ML2MW
2018 11 07 1029 123.377 -17.760  10.0 3.31 MW ML2MW
2018 12 03 1954 124.578 -18.662   0.0 3.22 MW ML2MW
2018 12 06 1328 122.403 -12.843  10.0 3.60 MW ML2MW
2018 12 11 1103 128.771 -16.505   7.5 3.22 MW ML2MW
2018 12 16 1426 112.623 -23.304  10.0 5.85 MW AUST
2018 12 16 1442 113.119 -23.468  10.0 3.88 MW ML2MW
2018 12 20 0757 113.023 -23.708  10.0 3.29 MW ML2MW
2018 12 29 0014 115.494 -29.612  34.9 3.55 MW ML2MW
2019 01 22 1034 118.775 -18.697  10.0 3.04 MW ML2MW
2019 01 23 1325 125.316 -17.055  10.0 3.06 MW ML2MW
2019 02 01 0828 113.302 -24.501  10.0 4.34 MW ML2MW
2019 02 20 0226 129.232 -15.580  10.0 3.66 MW ML2MW
2019 03 07 2040 119.246 -17.624  10.0 3.13 MW ML2MW
2019 04 24 0103 121.950 -17.234  10.0 3.26 MW ML2MW
2019 07 14 0539 120.295 -18.262  20.0 6.55 MW AUST
2019 07 14 0555 120.659 -18.624  21.6 4.74 MW ML2MW
2019 07 14 0559 120.555 -18.372  19.9 4.62 MW ML2MW
2019 07 14 1848 120.689 -18.472   9.8 3.24 MW ML2MW
2019 07 16 1054 120.580 -18.462  19.1 3.33 MW ML2MW
2019 07 16 1435 120.828 -18.685  10.5 3.34 MW ML2MW
2019 07 17 0802 113.108 -25.979  10.0 3.87 MW ML2MW
2019 07 17 2039 120.502 -18.523  13.3 3.12 MW ML2MW
2019 07 22 1149 120.925 -18.999  10.0 3.01 MW ML2MW
2019 07 26 0836 119.961 -18.137  10.0 3.39 MW ML2MW
2019 08 04 2031 122.242 -13.726  10.0 3.69 MW ML2MW
2019 08 08 0921 120.608 -18.551  10.0 3.15 MW ML2MW
2019 08 18 1011 120.051 -18.434  10.0 3.06 MW ML2MW
2019 08 19 1248 120.246 -18.549  10.0 3.17 MW ML2MW
2019 08 23 0942 119.569 -17.960  10.0 3.16 MW ML2MW
2019 09 30 1219 114.494 -27.491  10.0 3.33 MW ML2MW
2019 10 10 2029 113.765 -28.014  10.0 3.26 MW ML2MW
2019 10 15 2018 125.221 -19.496  10.0 3.06 MW ML2MW
2019 10 21 1745 121.308 -16.060  10.0 3.33 MW ML2MW
2019 10 31 2322 111.908 -25.759  10.0 3.23 MW ML2MW
2019 11 02 2050 113.632 -25.095  10.0 3.07 MW ML2MW
2019 11 22 0355 125.295 -19.540  10.0 3.13 MW ML2MW
2019 12 17 1253 120.018 -19.133  10.0 3.01 MW ML2MW
2020 01 02 0053 121.609 -14.768  10.0 3.95 MW ML2MW
2020 01 05 0138 123.624 -19.230  10.0 3.32 MW ML2MW
2020 01 15 1456 123.112 -19.449  10.0 3.24 MW ML2MW
2020 02 10 0924 115.151 -21.424  10.0 4.60 MW ML2MW
2020 02 13 1052 114.923 -21.511  10.0 3.40 MW ML2MW
2020 02 22 1836 115.037 -21.485  10.0 3.59 MW ML2MW
2020 03 08 0903 117.892 -18.330  10.0 3.00 MW ML2MW
2020 03 09 2308 115.718 -30.493  10.0 3.23 MW ML2MW
2020 03 11 1546 120.475 -17.127  10.0 3.02 MW ML2MW
2020 03 19 0937 117.753 -19.526   9.8 3.01 MW ML2MW
2020 04 02 1552 120.167 -17.029  10.0 3.01 MW ML2MW
2020 04 12 2203 121.807 -17.087  10.0 3.40 MW ML2MW
2020 04 17 0242 121.910 -17.101  10.0 3.29 MW ML2MW
2020 04 24 0459 126.944 -18.064  10.0 3.30 MW ML2MW
2020 05 17 0925 121.662 -18.868  10.0 3.04 MW ML2MW
2020 05 30 1039 112.240 -24.256  10.0 3.05 MW ML2MW
2020 06 13 1540 128.526 -16.626  10.0 3.25 MW ML2MW
2020 06 14 1533 123.342 -18.781  10.0 3.05 MW ML2MW
2020 06 23 2252 120.656 -18.283  10.0 3.30 MW ML2MW
2020 07 03 2258 120.554 -18.484  10.0 3.42 MW ML2MW
2020 07 11 1437 114.475 -27.547  10.0 3.07 MW ML2MW
2020 07 16 1943 128.512 -16.682  10.0 3.21 MW ML2MW
2020 07 26 2017 123.736 -17.128   7.1 3.26 MW ML2MW
2020 07 30 2115 113.441 -24.373  10.0 3.13 MW ML2MW
2020 08 07 1629 112.273 -25.182  10.0 3.03 MW ML2MW
2020 08 17 2025 130.151 -11.264  10.0 3.44 MW ML2MW
2020 08 18 1234 115.150 -21.129  10.0 3.40 MW ML2MW
2020 09 08 1758 122.062 -17.377  10.0 3.01 MW ML2MW
2020 09 17 1428 120.056 -18.041  20.5 3.18 MW ML2MW
2020 10 05 0616 115.152 -21.626  10.0 3.37 MW ML2MW
2020 10 11 0048 114.224 -29.725  10.0 3.31 MW ML2MW
2020 10 20 1131 123.703 -17.850  10.0 3.15 MW ML2MW
2020 10 22 1637 114.511 -22.871  10.0 3.45 MW ML2MW
2020 11 07 1809 129.341 -14.293  10.0 3.27 MW ML2MW
2020 11 08 0827 112.665 -24.939  10.0 3.46 MW ML2MW
2020 11 09 2030 116.381 -20.283  10.0 3.44 MW ML2MW
2020 12 01 1545 116.400 -20.230  10.0 3.29 MW ML2MW
2020 12 10 2245 122.743 -13.845  10.0 3.34 MW ML2MW
2020 12 13 2153 120.963 -15.914  10.0 3.05 MW ML2MW
2020 12 17 0413 124.685 -19.057  10.0 3.36 MW ML2MW
2021 01 29 1947 121.801 -13.955  10.0 5.58 MW AUST
2021 05 11 0917 128.907 -16.591  10.0 3.14 MW ML2MW
2021 05 14 1651 127.266 -16.791  10.0 3.37 MW ML2MW
2021 05 20 2135 116.307 -20.211  10.0 3.32 MW ML2MW
2021 06 09 1458 124.414 -18.652  10.0 3.25 MW ML2MW
2021 06 17 0552 128.722 -16.624  10.0 3.34 MW ML2MW
2021 06 26 2212 113.863 -22.960  10.0 4.71 MW ML2MW
2021 08 25 2217 127.774 -16.522  10.0 3.65 MW ML2MW
2021 09 27 1422 122.345 -18.379   8.4 3.01 MW ML2MW
2021 10 21 0321 113.267 -28.810  10.0 3.34 MW ML2MW
2022 02 10 0111 123.340 -18.816  10.0 3.46 MW ML2MW
2022 02 10 0324 115.882 -30.909  10.0 3.38 MW ML2MW
2022 02 24 0203 119.280 -17.563  10.0 3.51 MW ML2MW
2022 03 06 1747 124.532 -18.504  10.0 3.04 MW ML2MW
2022 03 20 2346 111.922 -25.995  10.0 3.71 MW ML2MW
2022 04 03 2322 123.091 -18.450  10.0 3.12 MW ML2MW
2022 04 14 0234 120.110 -18.071  10.0 3.47 MW ML2MW
2022 04 17 0434 121.655 -17.395  10.0 4.03 MW ML2MW
2022 04 17 0451 121.591 -17.315  10.0 3.18 MW ML2MW
2022 05 26 2222 119.981 -18.135  10.0 3.20 MW ML2MW
2022 05 30 0314 123.783 -17.258  10.0 3.46 MW ML2MW
2022 06 12 0911 123.358 -18.786  10.0 3.50 MW ML2MW
2022 06 15 0348 125.192 -18.988   5.9 3.33 MW ML2MW
2022 06 27 1157 123.313 -18.835  10.0 3.47 MW ML2MW
2022 06 29 2316 123.544 -19.129  10.0 3.19 MW ML2MW
2022 07 08 1139 128.652 -16.462  10.0 3.11 MW ML2MW
2022 07 24 1909 113.779 -28.347  10.0 3.31 MW ML2MW
2022 07 31 1825 113.554 -28.047  10.0 3.48 MW ML2MW
2022 08 04 1835 130.418 -11.428   5.3 3.10 MW ML2MW
2022 08 04 2252 120.103 -18.040  10.0 3.62 MW ML2MW
2022 08 10 0805 119.774 -17.279  10.0 3.51 MW ML2MW
2022 08 11 0024 123.367 -18.725  10.0 3.18 MW ML2MW
2022 08 26 0706 121.926 -17.059  10.0 3.45 MW ML2MW
2022 08 30 2014 127.304 -16.670  10.0 3.58 MW ML2MW
2022 09 21 1232 119.247 -17.883  10.0 3.50 MW ML2MW
2022 10 17 1839 128.848 -16.540   9.8 3.27 MW ML2MW
2022 10 17 1840 129.041 -16.566  10.0 3.20 MW ML2MW
2022 10 20 0702 128.666 -16.663   9.9 3.40 MW ML2MW
2022 10 25 2203 120.080 -18.103  10.0 3.72 MW ML2MW
2022 11 21 1005 123.445 -17.618  10.0 4.37 MW ML2MW
