1887 01 08 1030 138.000 -32.450  10.0 4.70 MW ML2MW
1848 09 14 1830 138.900 -33.700  10.0 3.42 MW ML2MW
1853 09 15 1630 138.110 -32.850  11.0 4.11 MW ML2MW
1868 10 28 0345 138.700 -33.580   7.0 3.95 MW ML2MW
1939 06 05 1220 138.500 -31.500   0.0 4.76 MW MS2MW
1891 08 29 0916 138.367 -31.917  10.0 4.03 MW ML2MW
1871 01 11 0745 138.833 -33.783  10.0 3.64 MW ML2MW
1902 09 18 2100 138.500 -33.500  10.0 4.03 MW ML2MW
1880 01 25 1130 138.367 -33.617   9.0 3.20 MW ML2MW
1886 07 11 0645 138.617 -33.500  11.0 3.56 MW ML2MW
1896 08 22 0256 138.917 -33.750   0.0 3.95 MW ML2MW
1902 06 05 2235 138.350 -33.166   0.0 3.07 MW ML2MW
1903 04 07 0101 138.450 -33.100  10.0 3.64 MW ML2MW
1904 09 21 1345 138.500 -31.800   0.0 3.71 MW ML2MW
1912 08 16 0405 138.433 -33.067  10.0 3.42 MW ML2MW
1914 08 06 0718 138.467 -33.133   7.0 3.87 MW ML2MW
1932 05 20 1118 139.083 -33.600  10.0 3.42 MW ML2MW
1959 09 09 0417 138.200 -32.700  10.0 3.95 MW ML2MW
1962 07 07 0430 138.600 -31.300   0.0 3.43 MW ML2MW
1963 09 02 0944 137.900 -32.350   0.0 2.97 MW ML2MW
1963 04 08 0903 138.100 -32.400   0.0 2.78 MW ML2MW
1963 12 03 0459 138.420 -31.880  21.0 3.43 MW ML2MW
1965 01 06 0951 138.501 -33.350  13.6 2.84 MW ML2MW
1965 12 11 1943 138.098 -32.912   3.1 3.19 MW ML2MW
1967 04 15 0035 138.857 -33.737  15.0 3.36 MW ML2MW
1967 05 04 2334 137.987 -32.557  13.6 3.74 MW ML2MW
1966 11 19 1819 138.178 -32.711  21.7 2.80 MW ML2MW
1967 06 13 1755 139.100 -33.680  10.2 2.95 MW ML2MW
1967 08 16 2141 138.188 -32.794   0.0 2.98 MW ML2MW
1967 03 02 0813 138.110 -32.702  18.2 2.89 MW ML2MW
1967 10 02 1947 137.982 -32.519  19.1 3.20 MW ML2MW
1968 03 20 2353 138.329 -32.589   5.2 3.40 MW ML2MW
1969 01 08 2223 138.925 -33.805   0.7 3.11 MW ML2MW
1969 01 31 0946 138.040 -32.551   2.1 3.41 MW ML2MW
1969 03 13 0754 138.466 -32.102   0.0 3.11 MW ML2MW
1969 05 17 1159 138.088 -32.332   0.0 2.97 MW ML2MW
1968 08 08 1232 138.234 -33.197   3.1 2.83 MW ML2MW
1969 09 04 2102 138.199 -32.721   8.8 2.83 MW ML2MW
1969 09 26 2151 138.190 -32.792  32.0 2.83 MW ML2MW
1970 03 26 0429 138.298 -33.415   8.9 2.83 MW ML2MW
1970 04 21 1643 139.088 -33.788   7.2 2.76 MW ML2MW
1970 07 11 0320 138.798 -33.678   4.0 2.76 MW ML2MW
1970 10 09 2231 138.368 -32.689   0.0 2.83 MW ML2MW
1970 11 12 0157 138.686 -31.683   0.0 2.83 MW ML2MW
1970 12 09 0936 138.736 -33.730   0.0 2.83 MW ML2MW
1971 03 10 1215 138.075 -32.135   5.0 2.76 MW ML2MW
1971 10 25 0435 138.696 -31.756   0.9 2.90 MW ML2MW
1971 11 19 2038 137.966 -32.514   7.0 2.90 MW ML2MW
1971 12 29 0146 138.816 -31.607   4.7 2.83 MW ML2MW
1972 12 25 1347 138.255 -32.399  23.3 2.90 MW ML2MW
1973 04 13 1411 138.425 -31.644  13.6 2.76 MW ML2MW
1973 04 13 2329 138.383 -31.386  11.1 2.76 MW ML2MW
1973 08 09 0328 138.469 -33.448   0.0 2.76 MW ML2MW
1973 10 16 1218 138.388 -33.335   9.3 2.76 MW ML2MW
1974 01 14 0440 138.256 -32.833  20.0 2.83 MW ML2MW
1974 12 25 0136 138.359 -32.477  15.9 2.76 MW ML2MW
1976 05 30 1714 138.732 -31.402  13.6 2.90 MW ML2MW
1976 10 27 0555 138.478 -33.193   8.6 2.90 MW ML2MW
1976 12 13 1655 138.103 -32.211  10.3 2.83 MW ML2MW
1976 12 21 0446 138.281 -32.844  11.8 2.76 MW ML2MW
1977 03 04 1821 138.206 -32.846  13.0 2.90 MW ML2MW
1977 11 18 1630 138.391 -33.090  13.4 2.83 MW ML2MW
1978 02 11 0213 138.216 -33.257  10.5 2.76 MW ML2MW
1978 03 06 0613 138.188 -32.864   9.4 2.76 MW ML2MW
1978 04 02 0144 138.391 -31.553  13.9 2.90 MW ML2MW
1978 05 09 1852 138.432 -31.951  13.6 2.76 MW ML2MW
1978 05 30 1345 138.248 -33.273   4.0 2.76 MW ML2MW
1978 06 20 1940 138.613 -31.683  24.3 2.76 MW ML2MW
1978 10 15 0716 138.289 -32.931  17.8 2.76 MW ML2MW
1979 04 06 0128 138.294 -32.334   8.0 2.76 MW ML2MW
1979 09 22 0537 138.673 -31.412  16.9 2.76 MW ML2MW
1979 10 02 0216 139.221 -33.910   6.3 2.90 MW ML2MW
1980 01 18 2029 138.538 -33.437  16.7 2.83 MW ML2MW
1980 02 08 1705 138.149 -33.000   4.9 2.76 MW ML2MW
1980 03 22 0506 138.717 -31.615  20.4 2.76 MW ML2MW
1980 06 06 1108 138.650 -31.796   6.7 2.76 MW ML2MW
1980 10 02 0651 138.267 -32.317  19.8 2.83 MW ML2MW
1980 12 28 0821 138.473 -33.400  17.1 2.76 MW ML2MW
1981 08 19 0729 138.291 -33.021  19.4 2.76 MW ML2MW
1982 08 05 1526 138.644 -31.435  16.9 2.76 MW ML2MW
1982 08 09 0231 138.359 -33.131  23.1 2.83 MW ML2MW
1983 02 08 1538 137.960 -32.501   7.5 2.83 MW ML2MW
1983 08 22 1724 138.432 -31.984   5.0 2.76 MW ML2MW
1983 09 18 2026 138.408 -32.017   7.2 2.83 MW ML2MW
1984 02 01 1417 138.277 -32.859  18.5 2.76 MW ML2MW
1984 07 26 0339 138.546 -31.929  19.6 2.83 MW ML2MW
1985 06 12 0734 137.778 -32.680   0.0 2.76 MW ML2MW
1985 08 11 2303 137.779 -32.758   1.5 2.83 MW ML2MW
1985 10 19 1316 138.627 -31.372   4.0 2.76 MW ML2MW
1986 08 25 1719 138.116 -32.462  11.1 2.83 MW ML2MW
1987 01 18 1710 138.308 -33.154  20.3 2.76 MW ML2MW
1987 05 04 0602 138.226 -32.981  11.1 2.76 MW ML2MW
1987 08 18 0519 138.469 -33.399  18.8 2.76 MW ML2MW
1987 10 10 1951 138.347 -32.309  15.3 2.76 MW ML2MW
1987 12 25 1701 138.749 -31.767  21.2 2.90 MW ML2MW
1988 01 06 0853 138.199 -32.830  18.9 2.76 MW ML2MW
1988 03 19 1526 138.601 -31.423   8.9 2.76 MW ML2MW
1988 09 01 0040 138.296 -33.273   5.9 2.76 MW ML2MW
1989 05 16 0231 137.976 -32.286   6.6 2.76 MW ML2MW
1989 06 12 0345 138.189 -32.070  13.0 2.76 MW ML2MW
1990 08 23 0740 138.276 -31.892   1.8 2.83 MW ML2MW
1990 10 20 0033 137.984 -32.399   7.3 2.76 MW ML2MW
1991 02 18 0306 138.346 -31.867  12.7 2.76 MW ML2MW
1992 01 23 0733 138.358 -31.566   4.2 2.83 MW ML2MW
1992 01 30 1510 138.326 -31.405   6.8 2.76 MW ML2MW
1992 02 25 2006 138.115 -33.333   4.5 2.76 MW ML2MW
1992 03 24 1555 138.439 -33.419   2.0 2.76 MW ML2MW
1992 03 24 1930 138.344 -32.520   4.2 2.76 MW ML2MW
1992 09 01 1104 138.659 -31.758  10.2 2.83 MW ML2MW
1992 12 12 1818 139.184 -33.736  16.6 2.76 MW ML2MW
1993 03 08 0404 139.149 -33.672  12.3 2.90 MW ML2MW
1993 03 19 1315 138.649 -31.386  12.5 2.83 MW ML2MW
1993 05 21 0354 139.001 -33.761  11.6 2.76 MW ML2MW
1994 11 06 2330 138.097 -32.248  15.4 2.83 MW ML2MW
1995 04 26 0740 138.475 -33.433   6.1 2.83 MW ML2MW
1995 05 20 2352 138.631 -31.591   9.5 2.83 MW ML2MW
1995 08 16 1821 138.328 -32.797   9.4 2.83 MW ML2MW
1996 03 15 1859 138.666 -31.350  17.0 2.76 MW ML2MW
1996 04 04 0459 138.908 -33.705  11.5 2.76 MW ML2MW
1996 04 25 2344 138.969 -31.628  13.6 2.83 MW ML2MW
1996 05 16 0221 138.643 -31.377  14.4 2.76 MW ML2MW
1996 08 10 1414 138.425 -31.488  12.2 2.76 MW ML2MW
1997 09 11 0911 138.643 -31.698  22.2 2.76 MW ML2MW
1998 01 28 1554 138.601 -33.558  11.7 2.83 MW ML2MW
1999 04 04 0126 138.657 -31.619   9.5 2.83 MW ML2MW
2001 11 10 0207 138.432 -33.469  10.9 2.83 MW ML2MW
2003 01 11 0621 138.303 -33.341   6.7 2.83 MW ML2MW
2003 06 15 1034 138.360 -31.802  12.5 2.83 MW ML2MW
2004 08 02 0825 138.594 -33.528  16.0 2.83 MW ML2MW
2004 10 13 0037 139.174 -33.670  13.9 2.83 MW ML2MW
2006 04 12 0316 138.870 -33.509   4.6 2.83 MW ML2MW
2006 10 31 0359 138.564 -31.248  13.1 2.83 MW ML2MW
2007 01 17 0820 138.209 -32.743   6.6 2.83 MW ML2MW
2008 02 16 2005 138.531 -33.421  11.3 2.83 MW ML2MW
2008 03 07 0132 138.469 -33.340  14.6 2.83 MW ML2MW
2008 08 15 0030 138.124 -32.956   9.7 2.83 MW ML2MW
2008 10 07 0838 138.316 -33.049  10.5 2.83 MW ML2MW
2009 01 17 0231 138.321 -32.872  16.2 2.83 MW ML2MW
2009 07 10 1220 138.720 -31.652  22.2 2.83 MW ML2MW
2009 08 25 0947 138.174 -32.741  10.3 2.83 MW ML2MW
2011 02 14 0108 138.306 -33.539  12.2 2.76 MW ML2MW
2011 02 19 0715 138.712 -31.779  21.4 2.32 MW ML2MW
2011 07 19 0553 138.600 -31.295  21.2 2.80 MW ML2MW
2011 08 28 0829 138.305 -32.839  13.3 2.90 MW ML2MW
2011 09 18 1913 138.193 -32.328  14.0 2.86 MW ML2MW
2011 10 16 0539 138.591 -31.617  20.2 2.76 MW ML2MW
2011 11 25 0928 138.022 -32.671  11.8 2.76 MW ML2MW
2012 03 12 1206 138.278 -33.218  12.6 2.86 MW ML2MW
2012 07 01 1617 138.768 -31.700  13.6 2.43 MW ML2MW
2013 06 27 1221 138.278 -33.464  18.5 2.83 MW ML2MW
2013 07 21 0752 138.437 -33.309   5.0 2.89 MW ML2MW
2013 10 04 0722 138.622 -31.439  14.0 2.85 MW ML2MW
2013 10 29 0706 138.578 -32.002   4.1 2.90 MW ML2MW
2013 11 12 0858 138.629 -31.406  17.9 2.81 MW ML2MW
2014 03 24 0850 138.231 -32.060  14.9 2.85 MW ML2MW
2014 04 02 0323 139.000 -33.653  14.7 2.88 MW ML2MW
2014 04 29 0723 138.150 -31.390  14.7 2.73 MW ML2MW
2014 06 21 1051 138.310 -32.979  13.1 2.76 MW ML2MW
2014 06 22 1146 138.595 -31.654  10.0 2.82 MW ML2MW
2014 06 28 1857 138.750 -31.770  10.0 2.86 MW ML2MW
2014 09 13 0852 139.103 -33.766  15.1 2.70 MW ML2MW
2014 09 15 0639 138.510 -32.038  25.5 2.71 MW ML2MW
2014 09 18 1207 138.242 -32.884  16.6 2.84 MW ML2MW
2015 04 22 0110 138.600 -31.698  20.3 2.88 MW ML2MW
2015 05 29 0434 138.544 -31.476  15.0 2.81 MW ML2MW
2015 09 07 1627 138.971 -33.667   8.8 2.83 MW ML2MW
2015 10 25 1229 138.258 -32.652  12.8 2.79 MW ML2MW
2016 05 27 2011 138.272 -33.359   0.0 2.83 MW ML2MW
2016 07 10 0614 138.339 -33.168  12.7 2.76 MW ML2MW
2016 08 28 1411 138.302 -31.294  10.0 2.86 MW ML2MW
2016 10 11 1750 138.749 -31.430  12.0 2.69 MW ML2MW
2016 10 30 1805 138.344 -32.075  19.0 2.90 MW ML2MW
2017 01 24 1617 138.541 -31.691  10.0 2.79 MW ML2MW
2017 07 23 1549 138.850 -33.644  10.0 2.41 MW ML2MW
2017 08 06 1401 138.282 -31.447  10.0 2.88 MW ML2MW
2017 08 08 1435 138.954 -33.790  10.0 2.53 MW ML2MW
2017 08 09 1400 138.554 -31.779  10.0 2.85 MW ML2MW
2017 08 10 1108 138.249 -32.895  10.0 2.47 MW ML2MW
2017 08 10 1841 138.603 -33.255  10.0 2.42 MW ML2MW
2017 08 17 1556 138.614 -31.684  10.0 2.89 MW ML2MW
2017 08 31 1936 138.642 -31.423  10.0 2.65 MW ML2MW
2017 09 14 0138 138.721 -31.710  10.0 2.79 MW ML2MW
2017 09 18 0450 138.154 -33.072  10.0 2.52 MW ML2MW
2017 09 29 0603 138.494 -31.315  10.0 2.64 MW ML2MW
2017 10 09 0704 138.384 -31.624  10.0 2.57 MW ML2MW
2017 10 21 1935 138.374 -31.524  10.0 2.64 MW ML2MW
2017 11 07 0809 138.321 -32.823  10.0 2.39 MW ML2MW
2017 11 11 2301 138.362 -32.568  10.0 2.62 MW ML2MW
2017 11 18 1315 138.333 -32.770  10.0 2.25 MW ML2MW
2017 11 20 1125 138.334 -33.291  10.0 2.16 MW ML2MW
2017 11 21 2335 138.647 -31.793  10.0 2.43 MW ML2MW
2017 11 24 1243 138.381 -31.180  10.0 2.43 MW ML2MW
2017 12 07 0901 137.815 -32.913  10.0 2.58 MW ML2MW
2018 01 11 1855 138.254 -32.802  10.0 2.40 MW ML2MW
2018 01 19 0754 138.253 -32.781  10.0 2.88 MW ML2MW
2018 01 26 1256 138.174 -32.300  10.0 2.57 MW ML2MW
2018 02 11 0730 138.447 -31.633  10.0 2.51 MW ML2MW
2018 02 17 1744 138.567 -31.189  10.0 2.85 MW ML2MW
2018 02 22 1803 138.347 -31.559  10.0 2.61 MW ML2MW
2018 03 15 0917 138.281 -32.724  10.0 2.25 MW ML2MW
2018 04 03 0202 138.108 -32.722  10.0 2.43 MW ML2MW
2018 04 17 1046 137.739 -32.809  10.0 2.39 MW ML2MW
2018 04 22 1216 138.078 -32.112  10.0 2.36 MW ML2MW
2018 04 27 0613 138.624 -31.877  10.0 2.44 MW ML2MW
2018 04 30 1034 138.567 -31.452  10.0 2.27 MW ML2MW
2018 05 09 1708 138.483 -31.261  10.0 2.80 MW ML2MW
2018 05 11 0823 138.393 -31.530  10.0 2.63 MW ML2MW
2018 06 25 1908 138.329 -33.212  10.0 2.60 MW ML2MW
2018 07 21 1858 138.529 -31.778  10.0 2.82 MW ML2MW
2018 07 27 1200 138.359 -32.849  10.2 2.22 MW ML2MW
2018 07 31 1904 138.513 -33.446   0.0 2.49 MW ML2MW
2018 08 19 1528 138.330 -31.785  10.0 2.88 MW ML2MW
2018 10 22 0340 138.513 -31.957  10.0 2.15 MW ML2MW
2018 10 26 0421 138.702 -31.646   0.0 2.76 MW ML2MW
2018 11 16 0129 138.568 -31.690  10.5 2.89 MW ML2MW
2018 11 25 1648 137.960 -32.687  10.0 2.82 MW ML2MW
2018 12 16 0150 138.321 -32.535  10.0 2.33 MW ML2MW
2018 12 30 0506 138.656 -31.761  10.0 2.77 MW ML2MW
2019 01 04 0639 138.182 -32.788  10.0 2.65 MW ML2MW
2019 01 05 0040 138.581 -31.332   0.0 2.89 MW ML2MW
2019 01 08 1627 138.089 -32.732  10.0 2.80 MW ML2MW
2019 01 18 1605 137.973 -32.155   2.0 2.71 MW ML2MW
2019 01 18 1652 138.174 -32.309  10.0 2.17 MW ML2MW
2019 01 20 0241 138.629 -32.003  10.0 2.39 MW ML2MW
2019 01 28 1828 138.099 -32.364  10.0 2.85 MW ML2MW
2019 01 29 2118 138.378 -31.503  10.0 2.78 MW ML2MW
2019 02 03 1555 137.938 -32.110  10.0 2.21 MW ML2MW
2019 02 04 1512 138.296 -33.090   1.8 2.26 MW ML2MW
2019 02 13 0705 138.121 -33.389   3.5 2.27 MW ML2MW
2019 02 23 1737 138.599 -31.367  10.0 2.81 MW ML2MW
2019 03 05 0055 138.313 -31.910   5.8 2.84 MW ML2MW
2019 04 03 0609 138.009 -32.499   0.0 2.36 MW ML2MW
2019 04 10 0341 138.120 -32.273  10.0 2.81 MW ML2MW
2019 04 13 0933 138.510 -32.003  10.0 2.84 MW ML2MW
2019 04 28 1028 138.242 -32.861   3.8 2.30 MW ML2MW
2019 05 09 0612 138.350 -33.135   2.7 2.31 MW ML2MW
2019 05 14 1609 137.959 -33.105   2.3 2.32 MW ML2MW
2019 05 22 1433 138.688 -31.584  10.0 2.35 MW ML2MW
2019 05 27 1513 138.178 -32.967   2.7 2.22 MW ML2MW
2019 06 11 0636 138.595 -33.453   2.0 2.18 MW ML2MW
2019 06 17 0536 138.747 -31.482  10.0 2.19 MW ML2MW
2019 06 19 1814 138.660 -31.678  10.0 2.28 MW ML2MW
2019 06 22 0831 138.250 -32.859  10.0 2.23 MW ML2MW
2019 06 28 0532 138.319 -33.304  10.0 2.22 MW ML2MW
2019 06 30 1653 138.382 -33.374   0.5 2.27 MW ML2MW
2019 07 03 1758 138.583 -31.557   9.9 2.19 MW ML2MW
2019 07 06 0836 138.420 -31.886  10.0 2.22 MW ML2MW
2019 08 29 1348 138.216 -32.856  10.0 2.72 MW ML2MW
2019 12 08 1418 138.376 -31.270  10.0 2.50 MW ML2MW
2020 02 27 1938 138.414 -31.517  10.0 2.64 MW ML2MW
2020 03 14 1335 138.312 -32.864  10.0 2.23 MW ML2MW
2020 05 29 1251 138.401 -31.514  10.0 2.47 MW ML2MW
2020 07 06 2203 138.107 -32.264  10.0 2.71 MW ML2MW
2020 07 10 2240 138.465 -33.310  10.0 2.55 MW ML2MW
2020 07 29 0126 138.314 -32.810   3.8 2.88 MW ML2MW
2020 08 18 0221 138.271 -32.423   1.5 2.78 MW ML2MW
2020 09 09 1311 138.068 -32.131   5.0 2.84 MW ML2MW
2020 09 25 1130 138.291 -32.809   9.3 2.66 MW ML2MW
2020 10 11 1246 138.405 -33.190   7.0 2.25 MW ML2MW
2020 12 05 1822 138.393 -31.863   4.6 2.83 MW ML2MW
2021 07 15 2228 138.531 -33.438   4.4 2.45 MW ML2MW
2021 07 28 0615 138.200 -32.227   2.7 2.59 MW ML2MW
2021 08 01 1630 138.149 -32.704   2.3 2.88 MW ML2MW
2021 08 24 0620 138.653 -31.735   3.7 2.76 MW ML2MW
2021 12 09 1632 138.158 -32.833   7.6 2.87 MW ML2MW
2022 01 21 1420 138.605 -31.303  10.5 2.88 MW ML2MW
2022 03 16 1406 138.361 -31.803   0.9 2.72 MW ML2MW
2022 08 18 1728 138.692 -31.698   7.0 2.86 MW ML2MW
2022 10 26 1004 138.522 -33.639  10.0 2.85 MW ML2MW
2022 11 14 1449 138.355 -30.970   0.8 2.87 MW ML2MW
