1935 04 12 0132 151.670 -25.500  10.0 5.59 MW MS2MW
1939 03 26 0356 138.300 -31.100   0.0 5.83 MW MS2MW
1961 05 21 2140 150.606 -34.564  18.8 5.20 MW ML2MW
1965 03 02 1518 138.380 -30.570  33.0 4.60 MW ML2MW
1965 03 14 1247 138.540 -31.950  26.0 4.59 MW ML2MW
1965 06 03 2159 150.220 -28.080  10.0 4.77 MW ML2MW
1966 05 03 1907 147.168 -37.042  15.0 5.33 MW ML2MW
1968 12 31 1608 149.260 -31.040   0.0 4.52 MW ML2MW
1970 08 08 1605 148.350 -29.080   0.0 4.09 MW ML2MW
1970 09 28 1211 148.080 -34.790   6.0 3.97 MW ML2MW
1970 12 31 1301 147.820 -36.680   0.0 3.97 MW ML2MW
1971 01 06 2354 138.560 -33.459  11.9 4.40 MW ML2MW
1971 02 08 1449 145.020 -36.010  22.0 4.16 MW ML2MW
1971 06 03 0139 150.170 -36.490   8.0 3.98 MW ML2MW
1971 06 21 0111 148.786 -36.219   5.0 3.90 MW ML2MW
1971 07 26 0750 138.756 -31.375  18.6 4.54 MW ML2MW
1971 11 03 2005 149.166 -34.777   3.0 4.08 MW ML2MW
1971 12 31 1542 145.950 -36.000   0.0 3.98 MW ML2MW
1972 02 25 1522 147.470 -34.220   0.0 4.24 MW ML2MW
1972 04 18 2220 138.619 -31.578  11.9 5.05 MW ML2MW
1973 03 09 1909 150.340 -34.187  28.9 5.15 MW ML2MW
1977 03 05 0604 150.350 -28.136  33.0 4.26 MW ML2MW
1977 07 04 2005 148.889 -34.654  13.0 4.60 MW ML2MW
1977 12 02 1332 144.192 -37.855  13.7 4.56 MW ML2MW
1978 03 26 2236 138.923 -32.389  16.4 4.00 MW ML2MW
1980 02 08 0442 150.537 -21.794   9.0 3.68 MW ML2MW
1980 02 08 1940 141.620 -24.710   0.0 3.45 MW ML2MW
1980 02 15 2351 138.259 -31.488  12.0 3.44 MW ML2MW
1980 04 22 0124 138.722 -32.027  12.1 3.67 MW ML2MW
1980 05 01 2110 149.750 -32.890  13.0 3.63 MW ML2MW
1980 05 21 0448 146.516 -37.945  14.9 3.88 MW ML2MW
1980 07 02 0313 149.226 -36.191  16.6 3.90 MW ML2MW
1980 07 07 1230 148.950 -34.510  19.0 3.49 MW ML2MW
1980 08 30 1423 139.361 -31.761   8.0 3.99 MW ML2MW
1980 09 04 2105 150.937 -29.126   1.0 4.09 MW ML2MW
1980 11 13 0856 138.825 -33.739  18.4 4.00 MW ML2MW
1980 12 15 1506 151.410 -32.760  16.0 3.41 MW ML2MW
1981 05 10 1439 150.730 -26.330  19.0 3.56 MW ML2MW
1981 06 20 1308 150.340 -34.160  21.0 3.49 MW ML2MW
1981 07 15 0209 138.639 -31.366  23.6 3.68 MW ML2MW
1981 09 06 1927 149.407 -30.777   0.0 3.81 MW ML2MW
1981 10 02 1755 138.878 -32.476   6.8 3.82 MW ML2MW
1981 10 23 0046 151.300 -29.320   0.0 3.55 MW ML2MW
1981 11 11 1749 151.020 -30.260   7.0 3.53 MW ML2MW
1981 11 15 1658 150.847 -34.210  18.0 4.10 MW AUST
1981 11 25 1310 149.350 -31.340   0.0 3.45 MW ML2MW
1981 11 30 0209 148.312 -36.695   9.9 3.67 MW ML2MW
1981 12 07 1755 150.650 -32.650  29.0 3.45 MW ML2MW
1981 12 11 0517 137.963 -32.200  20.5 3.58 MW ML2MW
1982 03 04 1001 151.280 -29.820  12.0 3.68 MW ML2MW
1982 03 09 0009 147.904 -36.224  14.4 3.47 MW ML2MW
1982 04 19 1558 138.610 -32.354  13.2 3.46 MW ML2MW
1982 04 19 2014 148.880 -33.110  15.0 3.40 MW ML2MW
1982 05 20 0736 147.237 -33.965   2.0 3.55 MW ML2MW
1982 06 09 0432 151.570 -29.660   2.0 3.53 MW ML2MW
1982 07 15 0144 138.339 -31.048  17.7 3.74 MW ML2MW
1982 09 30 2221 146.522 -36.828  14.1 3.41 MW ML2MW
1982 11 21 1134 146.972 -37.211  14.5 5.05 MW ML2MW
1982 11 26 0011 147.338 -34.006  14.1 4.37 MW ML2MW
1982 12 25 1648 151.900 -33.000   0.0 3.50 MW ML2MW
1983 01 15 1645 148.580 -36.630  17.0 3.57 MW ML2MW
1983 02 06 2313 151.330 -31.080  25.0 4.14 MW ML2MW
1983 02 25 1955 139.271 -34.188   9.1 3.50 MW ML2MW
1983 03 07 2326 148.984 -34.651  17.2 3.80 MW ML2MW
1983 03 19 0500 149.240 -32.880   0.0 3.96 MW ML2MW
1983 03 22 1339 150.400 -34.350  19.0 3.49 MW ML2MW
1983 03 24 0653 149.220 -34.770  13.0 3.57 MW ML2MW
1983 04 08 1933 142.068 -29.786  45.0 4.68 MW mb2MW
1983 04 29 1651 151.390 -32.560  10.0 3.57 MW ML2MW
1983 05 08 1217 143.519 -34.451  17.2 3.43 MW ML2MW
1983 05 18 0842 150.650 -33.980  22.0 3.49 MW ML2MW
1983 06 20 1732 141.885 -30.453  16.6 3.92 MW ML2MW
1983 09 24 0725 150.130 -33.600  16.0 3.57 MW ML2MW
1983 10 05 2349 151.190 -30.360   0.0 3.59 MW ML2MW
1983 11 11 0232 138.669 -31.479  18.5 3.66 MW ML2MW
1983 12 19 0618 148.580 -34.736  12.3 3.73 MW ML2MW
1983 12 29 1741 138.289 -30.755  20.0 4.18 MW ML2MW
1984 01 20 1527 149.170 -34.820  13.0 3.67 MW ML2MW
1984 03 17 0423 139.158 -33.287  10.0 3.49 MW ML2MW
1984 06 03 0325 138.490 -30.450   0.0 3.43 MW ML2MW
1984 07 28 0518 148.900 -35.100  10.0 3.43 MW ML2MW
1984 08 09 0630 149.129 -34.797  15.6 4.17 MW ML2MW
1984 10 30 0629 151.965 -26.313   6.5 4.08 MW ML2MW
1984 11 07 1819 149.120 -34.775  13.6 3.66 MW ML2MW
1984 11 24 2248 150.703 -24.698  30.0 3.64 MW ML2MW
1985 02 13 0801 150.204 -33.448  14.6 4.15 MW ML2MW
1985 05 28 0400 139.372 -31.792   6.8 3.58 MW ML2MW
1985 06 05 2107 149.372 -27.979   3.0 3.80 MW ML2MW
1985 06 25 2155 142.284 -36.982  13.8 3.41 MW ML2MW
1985 07 27 1643 148.483 -19.281   5.0 3.48 MW ML2MW
1985 08 02 1216 149.203 -19.443   9.8 4.43 MW ML2MW
1985 08 05 0838 147.586 -36.703  14.5 3.66 MW ML2MW
1985 08 09 0444 139.334 -31.795   7.3 3.91 MW ML2MW
1985 08 12 0702 149.259 -28.709   0.0 4.19 MW ML2MW
1985 08 22 1416 152.727 -32.489  12.0 3.41 MW ML2MW
1985 11 10 2208 138.386 -32.740  20.4 3.65 MW ML2MW
1986 01 04 0626 138.718 -31.542   6.0 3.41 MW ML2MW
1986 02 20 2143 150.580 -33.296  11.8 3.90 MW ML2MW
1986 04 10 1853 144.851 -35.798   5.4 4.06 MW ML2MW
1986 09 22 1421 145.566 -34.264  17.2 3.79 MW ML2MW
1986 12 16 0428 136.652 -35.969   1.0 4.35 MW ML2MW
1987 05 30 1444 146.554 -37.947  17.0 3.90 MW ML2MW
1987 06 24 1504 150.105 -33.401   5.1 4.57 MW ML2MW
1987 09 04 0715 152.585 -32.088   0.0 3.41 MW ML2MW
1987 09 27 1601 147.825 -19.304   9.0 4.42 MW ML2MW
1987 09 28 1937 150.641 -29.394   0.0 3.40 MW ML2MW
1987 12 16 0455 142.801 -24.864  10.0 3.46 MW ML2MW
1987 12 22 1506 141.479 -36.158  15.7 4.72 MW ML2MW
1988 04 09 0122 149.667 -32.239  10.0 3.79 MW ML2MW
1988 07 03 0823 144.496 -35.672   3.6 3.89 MW ML2MW
1988 08 14 2323 152.333 -27.561   9.6 3.91 MW ML2MW
1989 01 05 2048 147.171 -33.842   5.4 3.84 MW ML2MW
1989 04 18 0351 148.586 -36.416  11.0 3.65 MW ML2MW
1989 05 23 1208 143.978 -28.843   5.0 3.62 MW ML2MW
1989 06 26 1118 138.546 -31.438  14.5 3.66 MW ML2MW
1989 11 16 1043 146.349 -17.463  18.9 4.11 MW ML2MW
1989 12 27 2326 151.610 -32.952  10.5 5.42 MW Allen (2012)
1990 01 13 1555 149.176 -34.752   0.0 3.48 MW ML2MW
1990 05 13 0535 146.144 -17.292   7.6 4.14 MW ML2MW
1990 05 28 0336 152.350 -25.670   5.0 3.42 MW ML2MW
1990 11 14 1856 150.808 -30.430  10.0 3.61 MW ML2MW
1990 12 03 1318 139.260 -31.565   4.5 4.08 MW ML2MW
1991 01 04 0247 146.732 -28.930  10.0 3.58 MW ML2MW
1991 05 03 1728 144.086 -36.898   1.4 3.50 MW ML2MW
1991 05 20 1336 148.850 -34.055  11.8 3.50 MW ML2MW
1991 08 17 0628 139.085 -34.365  12.9 3.66 MW ML2MW
1991 09 02 2213 138.998 -32.724   2.8 3.66 MW ML2MW
1991 09 24 0436 149.051 -27.890   7.6 3.99 MW ML2MW
1991 11 29 0945 138.359 -31.527   8.5 3.50 MW ML2MW
1991 12 01 1813 152.502 -26.527   2.4 3.58 MW ML2MW
1992 07 28 0933 138.783 -31.221  13.2 3.74 MW ML2MW
1992 08 22 0250 149.995 -37.788  15.2 3.74 MW ML2MW
1992 10 11 0203 147.508 -34.367  17.2 3.66 MW ML2MW
1992 12 12 0502 148.704 -34.376   2.1 3.50 MW ML2MW
1992 12 17 1803 138.996 -33.030   6.5 3.74 MW ML2MW
1994 04 03 1924 146.372 -17.186  17.8 3.42 MW ML2MW
1994 06 17 1152 148.867 -20.208   4.1 3.42 MW ML2MW
1994 07 09 1430 144.997 -31.996   6.3 4.08 MW ML2MW
1994 08 06 1103 151.292 -32.917   0.6 4.71 MW Allen (2012)
1994 08 21 0553 148.361 -33.423   0.7 3.99 MW ML2MW
1994 09 04 0108 144.502 -16.987   0.0 3.91 MW ML2MW
1994 11 30 1953 138.157 -30.402   5.1 4.08 MW ML2MW
1995 01 12 1250 151.078 -30.083   2.4 3.16 MW ML2MW
1995 01 14 0223 145.980 -30.815  10.0 3.58 MW ML2MW
1995 02 09 0410 139.499 -34.515  15.3 3.26 MW ML2MW
1995 03 12 1136 138.354 -32.623  10.4 3.04 MW ML2MW
1995 03 16 1231 148.242 -36.279   0.7 3.17 MW ML2MW
1995 03 17 0803 146.463 -17.982  10.0 3.47 MW ML2MW
1995 03 26 0653 147.233 -35.958   3.7 3.19 MW Allen (2012)
1995 04 11 1549 138.905 -31.251   5.4 3.11 MW ML2MW
1995 05 03 0424 150.249 -33.186  10.7 3.23 MW Allen (2012)
1995 05 20 1129 150.083 -33.868  13.8 3.49 MW Allen (2012)
1995 05 28 2312 151.549 -32.543  13.7 3.50 MW ML2MW
1995 06 03 1820 143.374 -36.109   5.6 3.18 MW ML2MW
1995 07 21 1426 148.859 -36.031   4.8 3.31 MW Allen (2012)
1995 07 30 0441 147.658 -36.761  11.3 3.52 MW Allen (2012)
1995 08 19 0901 148.741 -34.312   1.3 3.14 MW Allen (2012)
1995 09 12 1023 148.720 -34.310   0.0 3.16 MW Allen (2012)
1995 10 14 0411 148.761 -34.317   3.0 3.23 MW Allen (2012)
1995 11 13 0400 138.466 -32.584   7.8 3.91 MW ML2MW
1995 11 17 1243 144.571 -36.196   3.9 3.11 MW ML2MW
1995 11 17 1301 145.133 -33.126  10.0 3.50 MW ML2MW
1995 11 18 0932 144.764 -37.114  13.5 3.55 MW Allen (2012)
1995 11 18 1325 138.757 -31.196  19.1 3.04 MW ML2MW
1996 01 06 0208 140.282 -25.688   0.0 3.04 MW ML2MW
1996 02 18 1934 148.666 -36.152  12.8 3.50 MW Allen (2012)
1996 03 05 0027 143.286 -36.102   2.3 3.12 MW ML2MW
1996 03 23 1610 138.709 -31.335   9.0 3.11 MW ML2MW
1996 04 05 1715 148.246 -19.475  33.0 3.50 MW ML2MW
1996 06 04 0827 144.257 -29.037   8.5 3.42 MW ML2MW
1996 07 22 1009 138.872 -31.190   6.8 3.50 MW ML2MW
1996 07 23 1554 149.859 -37.812   5.0 3.08 MW ML2MW
1996 08 13 0430 143.613 -30.141   8.1 4.91 MW ML2MW
1996 08 31 0855 138.625 -31.223   3.7 3.04 MW ML2MW
1996 09 07 1105 141.742 -37.394  11.2 3.24 MW ML2MW
1996 09 10 1835 141.998 -37.575  17.2 3.12 MW ML2MW
1996 09 12 1453 146.529 -28.354  10.0 3.74 MW ML2MW
1996 09 25 0749 146.421 -37.863  11.4 4.44 MW Allen (2012)
1996 10 01 2142 150.393 -33.830   8.7 3.17 MW Allen (2012)
1996 12 10 1254 150.501 -34.153  12.3 3.10 MW Allen (2012)
1996 12 27 1628 151.256 -29.841   2.7 3.50 MW ML2MW
1997 01 02 0711 148.778 -28.454  17.2 3.17 MW ML2MW
1997 01 21 2057 148.557 -35.715   1.3 3.04 MW ML2MW
1997 02 15 1328 146.553 -20.440  10.0 3.50 MW ML2MW
1997 03 05 0615 138.979 -33.817  21.7 4.82 MW ML2MW
1997 04 03 1556 138.598 -31.044  14.1 3.04 MW ML2MW
1997 04 21 1727 151.009 -20.334  33.0 3.51 MW mb2MW
1997 05 03 2254 138.616 -33.735   5.0 3.34 MW ML2MW
1997 05 28 1755 152.816 -24.449   8.1 3.10 MW ML2MW
1997 06 27 0320 146.094 -36.781   8.5 3.85 MW Allen (2012)
1997 07 08 1001 152.985 -31.591   5.9 3.66 MW ML2MW
1997 07 26 0633 141.430 -31.990   0.0 3.19 MW ML2MW
1997 07 30 1530 142.600 -28.090  11.0 3.26 MW ML2MW
1997 08 23 0012 148.197 -34.627   3.6 3.17 MW Allen (2012)
1997 10 03 0108 147.164 -22.789  10.0 3.50 MW ML2MW
1997 10 12 1451 149.563 -32.046   3.6 3.17 MW ML2MW
1997 10 22 0401 146.640 -22.430  33.0 3.34 MW ML2MW
1997 10 24 1831 147.098 -20.400  19.1 3.11 MW ML2MW
1997 12 04 0330 147.641 -22.833   0.0 3.26 MW ML2MW
1998 01 11 0132 148.081 -36.412  10.4 3.01 MW ML2MW
1998 01 28 0845 138.598 -32.885   4.6 3.34 MW ML2MW
1998 01 30 1336 140.351 -35.272   7.5 3.02 MW ML2MW
1998 02 13 2320 150.650 -25.707   3.6 3.91 MW ML2MW
1998 02 14 1823 148.702 -35.375   8.5 3.79 MW Allen (2012)
1998 03 09 1240 150.055 -32.171   3.7 3.34 MW Allen (2012)
1998 03 28 0902 152.323 -32.828   8.0 3.16 MW ML2MW
1998 05 12 1546 152.817 -31.649   3.6 3.05 MW ML2MW
1998 05 22 1901 147.928 -34.610  11.7 3.74 MW ML2MW
1998 06 30 0258 152.650 -21.253   3.0 3.99 MW ML2MW
1998 07 16 2143 139.778 -35.103  10.5 3.27 MW ML2MW
1998 07 17 0122 148.007 -36.439  19.0 3.93 MW Allen (2012)
1998 08 11 1825 144.432 -32.258  16.2 3.74 MW ML2MW
1998 08 19 1112 148.911 -35.631   3.6 3.29 MW ML2MW
1998 09 21 0906 137.438 -29.330  15.8 3.27 MW ML2MW
1998 09 27 0147 147.437 -34.218   3.6 3.16 MW ML2MW
1998 10 16 1346 147.457 -34.751  15.6 3.82 MW ML2MW
1998 10 21 0000 147.111 -34.048   3.6 3.21 MW ML2MW
1998 11 02 1709 151.146 -22.808   0.0 4.53 MW ML2MW
1998 11 06 1912 151.446 -34.270  16.0 3.03 MW ML2MW
1998 11 07 2242 148.893 -35.144   6.7 3.04 MW Allen (2012)
1998 11 12 1408 138.931 -35.020  21.8 3.04 MW ML2MW
1998 11 15 0939 139.400 -34.126  10.0 3.04 MW ML2MW
1998 11 22 1337 137.667 -29.506  15.9 3.04 MW ML2MW
1998 12 17 0617 138.206 -32.917  11.2 3.04 MW ML2MW
1998 12 17 2354 138.371 -32.382   8.4 3.19 MW ML2MW
1998 12 31 0611 149.154 -35.783   4.4 3.21 MW Allen (2012)
1999 01 22 1515 139.078 -33.795  20.7 3.50 MW ML2MW
1999 01 26 0536 139.329 -33.928  23.0 3.34 MW ML2MW
1999 02 02 2359 140.080 -26.288  10.0 3.26 MW ML2MW
1999 02 11 1245 144.797 -17.181   0.0 3.42 MW ML2MW
1999 02 21 0651 142.960 -28.770   0.0 3.34 MW ML2MW
1999 03 10 0006 148.184 -33.958   4.5 3.21 MW ML2MW
1999 03 14 0013 147.070 -34.009  12.2 3.87 MW Allen (2012)
1999 03 15 0315 151.400 -25.200   0.0 3.11 MW ML2MW
1999 03 17 0158 150.748 -34.253   5.3 4.34 MW Allen (2012)
1999 03 17 0721 138.845 -30.969   2.4 3.27 MW ML2MW
1999 03 25 1226 146.755 -20.359   0.0 3.42 MW ML2MW
1999 03 29 1041 138.849 -32.623   3.2 3.04 MW ML2MW
1999 04 16 1051 145.984 -37.413   3.6 3.20 MW Allen (2012)
1999 04 20 0146 138.766 -33.128   9.2 3.12 MW ML2MW
1999 04 26 2114 151.278 -29.750   3.6 3.15 MW ML2MW
1999 05 25 0044 150.179 -30.262   8.6 3.16 MW ML2MW
1999 05 31 1915 140.140 -25.850  10.0 3.19 MW ML2MW
1999 06 23 0550 143.739 -35.079  16.0 3.24 MW ML2MW
1999 07 13 0142 148.976 -34.286   3.6 3.21 MW Allen (2012)
1999 08 06 0033 138.325 -31.860  18.8 3.27 MW ML2MW
1999 08 06 0821 138.276 -32.836  16.9 3.19 MW ML2MW
1999 08 18 1101 138.464 -33.274  19.5 4.17 MW ML2MW
1999 09 02 0016 138.326 -32.313  12.7 3.34 MW ML2MW
1999 09 06 0837 138.400 -31.875  11.1 3.26 MW ML2MW
1999 10 31 1236 138.572 -32.407   5.2 3.50 MW ML2MW
2000 01 01 1155 147.827 -37.348  14.4 3.08 MW ML2MW
2000 01 26 0834 137.188 -29.139   6.5 3.04 MW ML2MW
2000 02 27 1749 148.392 -34.472   3.6 3.09 MW ML2MW
2000 03 11 0329 138.443 -33.727  21.8 3.12 MW ML2MW
2000 03 16 1326 146.103 -37.496   8.4 3.54 MW Allen (2012)
2000 03 27 0548 137.455 -29.344  12.0 3.69 MW ML2MW
2000 04 01 0801 138.391 -31.851   7.6 3.04 MW ML2MW
2000 05 09 1612 148.486 -35.757  10.0 3.03 MW ML2MW
2000 06 11 1906 150.167 -29.492   3.6 3.51 MW ML2MW
2000 06 13 0058 147.468 -37.015  11.3 3.09 MW ML2MW
2000 06 22 1813 144.864 -36.815   5.7 3.27 MW Allen (2012)
2000 07 12 2121 138.534 -32.596  13.8 3.12 MW ML2MW
2000 07 24 0747 145.272 -37.958  19.5 3.13 MW Allen (2012)
2000 08 03 0931 143.302 -28.676   0.0 3.26 MW ML2MW
2000 10 01 0623 137.683 -29.782  12.1 3.58 MW ML2MW
2000 10 23 0120 148.835 -35.451   3.6 3.07 MW ML2MW
2000 10 23 2138 141.755 -34.464  11.9 3.62 MW ML2MW
2001 01 29 0831 138.444 -30.972  11.6 3.12 MW ML2MW
2001 02 23 0715 150.264 -29.178  17.0 3.10 MW ML2MW
2001 02 27 0102 141.888 -28.470  10.0 3.40 MW ML2MW
2001 03 09 1609 141.970 -28.528  10.0 3.26 MW ML2MW
2001 03 13 1235 147.173 -33.923   3.6 3.29 MW ML2MW
2001 04 01 0530 147.397 -33.917   8.5 3.01 MW ML2MW
2001 04 04 1417 138.949 -33.149   7.6 3.04 MW ML2MW
2001 04 12 0727 138.271 -33.210  15.9 3.34 MW ML2MW
2001 05 02 0135 144.442 -37.174  17.8 3.17 MW ML2MW
2001 05 09 0218 138.618 -33.669  22.7 3.04 MW ML2MW
2001 05 18 1837 148.780 -34.290   2.0 3.26 MW ML2MW
2001 05 20 1147 146.500 -32.190  10.0 3.04 MW ML2MW
2001 06 13 2027 149.480 -34.890  17.0 3.26 MW ML2MW
2001 06 14 1205 138.130 -31.837  18.0 3.93 MW ML2MW
2001 08 28 0451 148.810 -36.290  10.0 3.04 MW ML2MW
2001 09 04 1829 141.811 -26.462   0.0 3.04 MW ML2MW
2001 10 13 0442 147.675 -36.833   8.2 3.42 MW Allen (2012)
2001 10 24 1546 150.736 -32.196   0.0 3.02 MW ML2MW
2001 10 25 1856 148.296 -35.254  10.0 3.04 MW ML2MW
2001 10 27 0758 143.643 -35.356  14.1 4.19 MW Allen (2012)
2001 11 08 1050 138.172 -34.846  22.1 3.12 MW ML2MW
2001 11 11 1158 144.180 -29.320   6.0 3.32 MW ML2MW
2001 11 22 1629 138.702 -31.453  19.5 3.51 MW ML2MW
2001 11 23 0333 148.310 -33.901   4.2 3.58 MW Allen (2012)
2001 12 06 1731 138.448 -31.921  13.9 3.27 MW ML2MW
2001 12 06 2010 148.898 -28.689  10.0 3.04 MW ML2MW
2001 12 16 2038 147.155 -37.119  15.0 3.44 MW ML2MW
2001 12 18 0616 149.488 -33.199  33.0 3.26 MW ML2MW
2002 01 22 0918 144.701 -36.443  13.3 3.36 MW ML2MW
2002 02 14 1327 150.659 -34.425  14.3 3.50 MW Allen (2012)
2002 03 01 0559 146.980 -32.290   0.0 3.26 MW ML2MW
2002 03 04 0750 147.296 -33.862   3.6 3.26 MW ML2MW
2002 03 17 0750 148.744 -33.869   5.0 3.07 MW ML2MW
2002 03 19 0307 138.105 -37.142  14.0 3.10 MW ML2MW
2002 04 19 0002 143.103 -36.179   6.4 3.08 MW ML2MW
2002 05 02 2148 150.975 -25.413   5.0 3.11 MW ML2MW
2002 05 04 1847 138.745 -31.751  17.4 3.04 MW ML2MW
2002 06 02 0012 148.126 -34.613   7.4 3.24 MW ML2MW
2002 06 20 1220 148.669 -34.320   1.1 3.08 MW ML2MW
2002 07 05 0414 148.693 -32.361  10.0 3.03 MW ML2MW
2002 07 19 1609 150.138 -19.823  10.0 3.04 MW ML2MW
2002 08 01 1858 138.730 -32.289  11.8 3.12 MW ML2MW
2002 08 21 1322 138.696 -33.741   8.9 3.04 MW ML2MW
2002 08 22 0658 149.069 -28.443   0.0 3.16 MW ML2MW
2002 08 22 2123 148.245 -33.897   4.1 3.65 MW Allen (2012)
2002 09 23 1400 141.724 -26.446  10.0 3.11 MW ML2MW
2002 10 03 1815 138.452 -31.935  13.8 3.34 MW ML2MW
2002 10 24 2203 142.250 -35.666  10.0 3.22 MW ML2MW
2002 10 29 1525 142.026 -30.583  16.3 3.52 MW ML2MW
2002 11 04 1934 144.106 -35.043   2.7 3.49 MW ML2MW
2002 11 09 1227 148.866 -36.254   0.2 3.05 MW ML2MW
2002 11 23 1326 138.374 -30.747   9.0 3.12 MW ML2MW
2002 12 01 0038 145.830 -18.533   0.0 3.14 MW ML2MW
2002 12 09 1128 138.166 -31.846  11.2 3.04 MW ML2MW
2002 12 26 2107 151.288 -30.258   3.0 3.12 MW ML2MW
2003 01 14 1343 149.012 -35.019   1.0 3.21 MW ML2MW
2003 03 10 1228 144.089 -35.077  14.9 3.41 MW ML2MW
2003 04 17 2150 149.143 -21.237   2.0 3.77 MW ML2MW
2003 05 09 0638 145.804 -36.971   9.6 3.00 MW ML2MW
2003 05 17 0651 148.416 -36.208   2.0 3.12 MW ML2MW
2003 06 28 0220 151.390 -25.837   2.0 3.31 MW ML2MW
2003 07 07 2141 138.540 -31.085  24.2 3.04 MW ML2MW
2003 07 11 0818 147.859 -34.611   1.0 3.36 MW ML2MW
2003 07 27 2250 149.751 -34.224   6.0 3.20 MW ML2MW
2003 08 11 0704 146.911 -18.529  12.0 3.94 MW mb2MW
2003 08 29 0308 151.472 -20.975   0.0 3.19 MW ML2MW
2003 08 29 0421 138.322 -32.808  18.4 3.04 MW ML2MW
2003 10 06 0606 152.237 -26.545  10.0 3.63 MW ML2MW
2003 10 20 0201 137.408 -29.385  17.2 3.34 MW ML2MW
2003 11 22 1836 138.729 -31.645  15.8 4.10 MW ML2MW
2003 11 26 0439 149.247 -34.773   0.0 3.14 MW ML2MW
2003 12 01 1429 149.387 -36.236   5.8 3.02 MW ML2MW
2003 12 05 0505 152.197 -32.065  10.0 3.03 MW ML2MW
2003 12 05 1745 140.618 -27.793   6.7 3.70 MW ML2MW
2003 12 11 1019 150.464 -34.498  12.2 3.81 MW Allen (2012); Somerville et al.(2009)
2003 12 18 0731 144.131 -29.041  10.0 3.31 MW ML2MW
2003 12 29 1331 144.531 -35.413  11.0 3.60 MW ML2MW
2004 01 16 1505 151.601 -25.069  17.0 4.27 MW ML2MW
2004 02 05 0839 150.652 -20.310  10.0 3.26 MW ML2MW
2004 02 21 2355 151.323 -26.416   1.0 3.69 MW ML2MW
2004 02 28 1132 147.694 -35.005  10.8 3.46 MW Allen (2012)
2004 04 04 1150 138.151 -33.002  10.8 3.04 MW ML2MW
2004 04 04 1510 138.273 -32.126  16.4 3.12 MW ML2MW
2004 04 15 0554 138.756 -31.980  16.0 3.52 MW ML2MW
2004 05 15 2138 152.044 -32.210  10.0 3.26 MW ML2MW
2004 05 23 1835 139.174 -34.345  15.4 3.27 MW ML2MW
2004 06 15 2259 146.085 -17.315   4.0 3.37 MW ML2MW
2004 07 28 1408 141.407 -29.928   0.0 3.08 MW ML2MW
2004 07 30 2146 138.459 -31.122   8.3 3.19 MW ML2MW
2004 08 16 1945 138.567 -31.109  20.4 3.19 MW ML2MW
2004 08 17 0906 137.978 -30.136  13.6 3.04 MW ML2MW
2004 09 21 1154 148.569 -34.674   0.0 3.00 MW ML2MW
2004 10 01 1946 146.377 -26.907   0.0 3.11 MW ML2MW
2004 10 10 0658 142.603 -36.367   0.0 3.08 MW ML2MW
2004 11 23 1335 138.105 -32.396  16.7 3.27 MW ML2MW
2004 12 13 1848 138.718 -32.361   9.4 3.27 MW ML2MW
2005 01 02 0156 148.650 -35.388  10.0 3.06 MW ML2MW
2005 01 05 0831 153.415 -26.097   1.7 3.60 MW ML2MW
2005 01 18 1009 147.191 -33.845  13.0 3.67 MW ML2MW
2005 02 06 0935 146.071 -37.343   3.1 3.16 MW ML2MW
2005 02 20 0815 141.407 -31.737   0.0 3.04 MW ML2MW
2005 02 20 0916 148.683 -34.013  12.0 3.07 MW ML2MW
2005 03 03 1056 139.088 -30.784  10.0 3.93 MW ML2MW
2005 03 04 0038 139.712 -30.788   7.3 3.27 MW ML2MW
2005 03 07 1622 151.291 -26.527   5.0 3.60 MW ML2MW
2005 03 08 1445 145.887 -16.631   9.2 3.14 MW ML2MW
2005 04 14 1316 149.272 -28.550   0.0 3.31 MW ML2MW
2005 05 14 1953 139.106 -30.987  19.7 4.37 MW ML2MW
2005 06 08 2100 139.993 -32.891   5.5 3.36 MW ML2MW
2005 07 04 2021 148.643 -34.469   2.0 3.01 MW ML2MW
2005 07 11 2019 144.777 -31.253   9.0 3.11 MW ML2MW
2005 07 12 0757 138.578 -31.558  12.9 3.12 MW ML2MW
2005 08 16 0733 139.371 -34.119  15.2 3.04 MW ML2MW
2005 08 24 0337 138.738 -32.322   8.4 3.34 MW ML2MW
2005 09 03 2305 148.654 -34.401   4.1 3.52 MW ML2MW
2005 09 05 1108 151.147 -28.840   2.5 3.09 MW ML2MW
2005 09 09 0401 142.166 -30.328   0.0 3.37 MW ML2MW
2005 09 12 1604 140.558 -27.737   2.0 3.17 MW ML2MW
2005 09 13 0044 147.176 -18.256  10.0 3.64 MW ML2MW
2005 09 18 1036 138.593 -32.739  10.3 3.19 MW ML2MW
2005 10 14 0533 138.881 -33.700  12.5 3.04 MW ML2MW
2005 10 31 1813 150.151 -33.612   7.9 3.48 MW ML2MW
2005 12 28 2054 147.894 -28.191   0.0 4.04 MW ML2MW
2006 01 02 2043 150.938 -29.978  15.0 3.24 MW ML2MW
2006 01 08 2202 139.164 -31.670  10.4 3.27 MW ML2MW
2006 01 12 0836 145.058 -15.207  10.0 3.01 MW ML2MW
2006 01 12 2219 146.595 -23.880  10.0 3.85 MW ML2MW
2006 01 15 0744 146.061 -16.754  10.0 3.05 MW ML2MW
2006 01 26 2157 146.110 -17.292  10.4 3.05 MW ML2MW
2006 02 04 1631 148.168 -37.465  13.1 3.84 MW ML2MW
2006 02 09 0416 138.239 -32.856  13.2 3.52 MW ML2MW
2006 02 28 0513 147.117 -36.818  12.2 3.08 MW ML2MW
2006 03 02 0617 149.200 -34.828   8.7 3.44 MW ML2MW
2006 03 11 1035 136.649 -35.847  11.7 3.52 MW ML2MW
2006 03 27 2157 150.478 -29.190   0.0 3.97 MW ML2MW
2006 04 04 1006 138.754 -33.430  10.0 3.36 MW ML2MW
2006 04 21 0811 149.144 -34.811   5.2 3.21 MW ML2MW
2006 05 03 1345 138.383 -30.708   3.4 3.12 MW ML2MW
2006 05 14 0434 139.241 -33.565  14.0 3.12 MW ML2MW
2006 05 26 0142 150.265 -29.149  10.0 3.09 MW ML2MW
2006 06 15 0801 139.173 -32.121  11.0 3.76 MW ML2MW
2006 06 15 1801 146.982 -27.904  10.0 3.04 MW ML2MW
2006 06 18 1549 150.425 -34.077   6.4 3.07 MW ML2MW
2006 07 07 2348 138.672 -31.391  20.2 3.92 MW ML2MW
2006 07 27 1038 139.231 -31.265  10.0 3.85 MW ML2MW
2006 07 28 0549 147.359 -18.323   0.9 3.84 MW ML2MW
2006 08 12 0220 138.061 -32.816  12.3 3.52 MW ML2MW
2006 08 13 1330 149.201 -34.780  10.0 3.36 MW ML2MW
2006 10 01 0724 140.969 -35.549   7.7 3.23 MW ML2MW
2006 10 21 0951 149.167 -34.031  18.4 4.10 MW ML2MW
2007 01 12 2029 144.987 -20.775   5.9 3.14 MW ML2MW
2007 01 28 2031 138.628 -30.801  14.7 3.34 MW ML2MW
2007 03 08 0234 145.746 -37.903  10.6 3.66 MW Allen (2012)
2007 04 11 0058 151.010 -34.253  20.0 3.20 MW ML2MW
2007 04 28 0853 151.397 -24.975   9.9 3.09 MW ML2MW
2007 05 22 1930 142.048 -29.776  10.3 3.47 MW ML2MW
2007 07 08 2035 138.390 -33.071  15.1 3.19 MW ML2MW
2007 08 06 2132 138.100 -29.527   0.0 3.04 MW ML2MW
2007 08 12 1524 144.649 -32.448  10.0 3.53 MW ML2MW
2007 08 18 0357 150.372 -34.357  22.6 3.22 MW ML2MW
2007 08 21 0305 146.108 -37.888  11.0 3.08 MW ML2MW
2007 08 22 1024 150.242 -34.063   7.0 3.07 MW ML2MW
2007 08 24 1347 148.493 -32.294  10.0 3.10 MW ML2MW
2007 08 25 0606 151.432 -26.495   4.0 3.84 MW ML2MW
2007 09 14 0906 148.631 -29.850  10.0 3.46 MW ML2MW
2007 09 16 2318 138.581 -31.367  34.0 4.25 MW ML2MW
2007 09 19 0711 138.260 -32.800  13.7 3.12 MW ML2MW
2007 10 30 1226 138.471 -33.373  12.3 3.34 MW ML2MW
2007 10 31 1018 136.869 -28.972  24.8 3.19 MW ML2MW
2007 11 28 0157 151.216 -32.275  10.0 3.01 MW ML2MW
2007 12 26 1536 138.363 -32.077  15.6 4.55 MW ML2MW
2008 02 12 0012 138.332 -32.919   5.5 3.12 MW ML2MW
2008 02 13 2157 146.593 -27.523  10.0 4.14 MW ML2MW
2008 03 01 0024 144.668 -36.154  10.0 3.68 MW ML2MW
2008 03 09 0441 149.123 -34.939  10.0 3.06 MW ML2MW
2008 03 18 0102 148.433 -32.519  11.0 3.66 MW ML2MW
2008 03 23 2000 138.248 -33.468  16.1 3.52 MW ML2MW
2008 04 30 2111 141.585 -30.255  23.9 3.25 MW ML2MW
2008 05 12 1944 138.362 -32.866  12.6 3.27 MW ML2MW
2008 05 22 0949 150.938 -29.060   0.0 3.24 MW ML2MW
2008 05 29 0535 138.814 -31.814  11.8 3.12 MW ML2MW
2008 06 06 0803 152.329 -31.907  10.0 3.17 MW ML2MW
2008 06 09 0137 146.881 -30.167  10.0 3.70 MW ML2MW
2008 07 01 0650 138.691 -33.079   5.3 3.27 MW ML2MW
2008 07 25 1126 138.110 -30.199  11.6 3.27 MW ML2MW
2008 07 27 0734 138.290 -32.701  16.7 3.19 MW ML2MW
2008 08 26 0534 149.208 -34.730   3.0 3.22 MW ML2MW
2008 09 05 0539 150.776 -32.848   0.0 3.27 MW ML2MW
2008 09 24 2331 144.490 -35.733  10.0 3.17 MW ML2MW
2008 10 07 1238 138.634 -32.078  11.2 3.19 MW ML2MW
2008 10 18 0202 138.781 -32.933   8.3 3.27 MW ML2MW
2008 10 23 1152 140.790 -32.520  13.5 3.99 MW ML2MW
2008 11 16 0202 138.751 -31.478  16.6 4.20 MW ML2MW
2008 12 04 1635 138.414 -33.401  11.4 3.27 MW ML2MW
2008 12 25 1109 138.619 -31.486  17.5 3.04 MW ML2MW
2008 12 28 1402 138.231 -32.696  11.9 3.19 MW ML2MW
2009 01 02 1251 138.921 -33.030   5.7 3.27 MW ML2MW
2009 01 15 1015 138.399 -32.045  13.8 3.19 MW ML2MW
2009 01 26 0029 138.988 -32.763   8.3 3.90 MW Ghasemi et al (2016)
2009 01 30 0817 138.983 -30.977  17.7 3.12 MW ML2MW
2009 02 18 0325 138.415 -32.163  21.0 3.27 MW ML2MW
2009 02 27 1713 138.009 -29.488  38.0 3.04 MW ML2MW
2009 03 04 2320 138.170 -32.672  20.4 3.60 MW ML2MW
2009 03 05 2013 138.604 -31.482  11.9 3.34 MW ML2MW
2009 03 11 1325 150.743 -32.535  11.5 3.66 MW ML2MW
2009 04 09 0304 148.728 -32.418  10.0 3.56 MW ML2MW
2009 04 26 1253 147.478 -18.269   5.0 3.96 MW ML2MW
2009 05 08 1113 138.229 -37.060   7.2 3.02 MW ML2MW
2009 05 23 1924 152.702 -21.949   5.0 3.08 MW ML2MW
2009 05 29 1445 138.189 -31.070   9.9 3.77 MW ML2MW
2009 06 13 1436 147.787 -36.717  11.3 3.02 MW ML2MW
2009 06 25 0813 148.145 -33.772  10.0 3.05 MW ML2MW
2009 08 15 1954 138.765 -31.774  19.9 3.44 MW ML2MW
2009 08 28 2220 150.338 -34.217   3.4 3.50 MW ML2MW
2009 09 28 0853 148.953 -33.442   0.0 3.34 MW ML2MW
2009 10 26 2241 139.070 -32.719   1.8 3.60 MW ML2MW
2009 11 03 0604 138.278 -35.375  10.3 3.40 MW ML2MW
2009 11 26 1238 138.331 -33.571   9.7 3.27 MW ML2MW
2009 12 10 1136 147.497 -18.528  10.0 3.65 MW ML2MW
2010 01 08 1424 146.979 -37.391  13.3 3.04 MW ML2MW
2010 01 22 1301 151.519 -24.474  10.0 3.10 MW ML2MW
2010 02 20 1850 149.618 -34.721  10.0 3.07 MW ML2MW
2010 03 11 1625 152.386 -32.664   9.4 3.25 MW ML2MW
2010 03 14 1829 148.949 -33.451   0.8 3.13 MW ML2MW
2010 03 28 1431 137.151 -36.823  16.8 3.04 MW ML2MW
2010 04 16 1357 138.880 -35.109  26.4 3.59 MW ML2MW
2010 05 26 1009 144.744 -36.747  10.4 3.06 MW ML2MW
2010 06 18 1117 148.978 -33.435   5.7 3.17 MW ML2MW
2010 06 23 1456 150.217 -29.883  10.0 3.55 MW ML2MW
2010 07 15 1826 138.694 -31.698  18.9 3.40 MW ML2MW
2010 07 16 0431 151.361 -24.961   7.0 3.75 MW ML2MW
2010 07 23 2220 148.879 -36.315   0.0 3.54 MW ML2MW
2010 07 30 2129 138.149 -32.253  19.1 3.78 MW Ghasemi et al (2016)
2010 08 15 0856 152.027 -26.899   0.7 3.04 MW ML2MW
2010 08 17 0327 151.890 -25.531   0.2 3.22 MW ML2MW
2010 09 10 2241 150.977 -26.056   5.0 3.15 MW ML2MW
2010 09 17 0352 148.993 -33.439   0.0 3.81 MW ML2MW
2010 09 29 0909 144.097 -29.636  10.0 4.04 MW ML2MW
2010 10 08 1053 138.537 -33.731  13.2 3.18 MW ML2MW
2010 10 10 0230 139.852 -32.913   5.4 4.06 MW Ghasemi et al (2016)
2010 10 16 1407 146.453 -37.980   5.7 3.36 MW ML2MW
2010 10 22 0445 149.498 -33.360   0.0 3.09 MW ML2MW
2010 10 25 0448 144.188 -36.978   6.0 3.20 MW ML2MW
2010 10 27 1418 143.594 -29.438   7.3 4.28 MW ML2MW
2010 11 29 2008 139.564 -32.120   8.6 3.42 MW ML2MW
2010 12 11 0753 145.549 -16.479  18.0 3.11 MW ML2MW
2010 12 22 0545 143.728 -29.556  10.0 3.14 MW ML2MW
2011 01 23 1940 148.475 -28.386  18.0 3.35 MW ML2MW
2011 02 06 0805 148.869 -28.374  10.0 3.10 MW ML2MW
2011 02 08 1842 141.835 -37.316  14.3 3.03 MW ML2MW
2011 02 20 1530 138.436 -32.571  10.9 3.17 MW ML2MW
2011 03 15 0608 146.334 -17.342  10.0 4.09 MW ML2MW
2011 03 27 1130 138.511 -33.175  13.3 3.19 MW ML2MW
2011 04 16 0531 147.718 -20.055  10.0 5.13 MW Allen (2012); Herrmann (2011); Ghasemi et al (2016)
2011 05 04 1229 137.908 -32.287  11.4 3.36 MW ML2MW
2011 05 13 2325 151.692 -25.003   7.9 3.12 MW ML2MW
2011 05 16 0330 139.035 -31.570  18.5 3.11 MW ML2MW
2011 05 18 2041 138.850 -30.855  10.5 3.07 MW ML2MW
2011 05 24 1027 139.331 -33.182   6.5 3.73 MW ML2MW
2011 05 26 1228 147.232 -26.801  10.0 3.43 MW ML2MW
2011 06 01 0329 142.491 -37.430  15.0 3.86 MW ML2MW
2011 06 26 2032 152.463 -27.168   8.2 3.77 MW ML2MW
2011 06 30 0615 138.459 -30.256   0.0 3.01 MW ML2MW
2011 07 10 0332 146.900 -37.023   0.0 3.17 MW ML2MW
2011 07 11 1219 139.746 -30.341  10.0 3.32 MW ML2MW
2011 07 23 2047 138.816 -32.026  10.1 3.34 MW ML2MW
2011 07 29 0337 143.839 -29.604  15.0 3.47 MW ML2MW
2011 08 18 0614 138.615 -30.113   0.0 3.03 MW ML2MW
2011 08 31 0624 138.596 -30.158   0.0 3.12 MW ML2MW
2011 09 04 1115 138.693 -33.086   4.0 4.18 MW Ghasemi et al (2016)
2011 09 21 0615 138.326 -30.363   0.0 3.11 MW ML2MW
2011 09 23 1642 138.559 -32.626   3.4 3.35 MW ML2MW
2011 10 15 1038 138.799 -32.390   4.7 4.07 MW Ghasemi et al (2016)
2011 10 18 1552 138.637 -35.030  23.4 3.24 MW ML2MW
2011 10 22 1718 139.518 -32.115   4.0 3.07 MW ML2MW
2011 11 13 0005 151.211 -29.827  10.0 3.46 MW ML2MW
2011 11 13 0010 150.819 -30.127  10.0 3.29 MW ML2MW
2011 12 31 2026 145.934 -17.852  10.0 3.11 MW ML2MW
2012 01 03 0521 142.648 -29.945   3.1 3.33 MW ML2MW
2012 01 05 1405 152.510 -21.973  10.0 3.35 MW ML2MW
2012 02 16 1048 147.963 -27.051  10.0 3.42 MW ML2MW
2012 03 11 1821 148.688 -36.302   5.2 3.05 MW ML2MW
2012 04 06 0643 146.118 -16.996  10.0 3.11 MW ML2MW
2012 04 08 1845 139.939 -28.822  22.1 3.26 MW ML2MW
2012 04 19 1909 148.642 -35.328   8.2 3.73 MW ML2MW
2012 04 29 0657 151.020 -32.681   0.2 3.03 MW ML2MW
2012 05 24 1906 141.738 -31.318  20.9 3.09 MW ML2MW
2012 06 04 0409 138.436 -33.334  13.4 3.18 MW ML2MW
2012 06 05 0912 148.757 -34.304  10.0 3.40 MW ML2MW
2012 06 11 2107 138.558 -32.332  18.1 3.11 MW ML2MW
2012 06 26 1340 138.564 -31.693  20.7 3.29 MW ML2MW
2012 07 30 0334 146.159 -17.025  10.0 3.50 MW ML2MW
2012 09 10 0623 151.806 -33.506  15.5 3.38 MW ML2MW
2012 10 17 1816 141.900 -30.661  17.9 3.60 MW ML2MW
2012 11 24 0657 149.010 -33.456   0.0 3.82 MW ML2MW
2012 11 28 1637 140.460 -27.895  10.0 3.04 MW ML2MW
2012 11 29 1921 140.659 -27.756   5.0 3.81 MW ML2MW
2012 11 29 2031 140.587 -27.811   7.9 3.49 MW ML2MW
2012 12 04 1751 139.233 -30.026  17.3 3.10 MW ML2MW
2012 12 04 2017 151.473 -25.785  10.0 3.61 MW ML2MW
2012 12 21 1526 152.226 -32.394   4.0 3.12 MW ML2MW
2013 01 05 0022 138.539 -33.293  15.7 3.37 MW ML2MW
2013 01 12 1610 148.918 -34.186   9.0 3.47 MW ML2MW
2013 02 02 1316 142.250 -37.149  27.3 3.24 MW ML2MW
2013 02 18 0923 148.958 -33.444   0.0 3.05 MW ML2MW
2013 02 21 1336 144.501 -36.051  23.1 3.10 MW ML2MW
2013 02 26 1253 140.821 -27.750  19.6 3.28 MW ML2MW
2013 05 13 1108 150.850 -29.160  10.0 3.11 MW ML2MW
2013 06 01 0558 148.848 -23.645   3.0 3.20 MW ML2MW
2013 06 03 1944 149.014 -29.030  10.0 3.18 MW ML2MW
2013 06 14 1121 138.676 -31.750  19.5 3.15 MW ML2MW
2013 06 22 1157 146.147 -36.777  12.2 3.23 MW ML2MW
2013 07 11 0018 138.571 -31.939  17.3 3.04 MW ML2MW
2013 07 29 1132 138.619 -31.367  15.1 3.18 MW ML2MW
2013 08 08 2323 151.480 -32.615   2.1 3.39 MW ML2MW
2013 10 07 2015 150.788 -34.165   6.2 3.70 MW ML2MW
2013 10 22 2229 138.523 -33.571  15.8 3.04 MW ML2MW
2013 10 26 1032 138.618 -30.233  12.8 3.18 MW ML2MW
2013 11 03 0251 150.039 -36.400  10.0 3.39 MW ML2MW
2013 11 22 1659 138.303 -31.092  15.5 3.10 MW ML2MW
2013 11 27 0924 145.551 -28.230  15.0 3.11 MW ML2MW
2013 11 29 0211 151.030 -32.464   1.0 3.45 MW ML2MW
2013 11 30 0549 139.480 -28.545  21.5 3.68 MW ML2MW
2013 12 16 0207 138.553 -31.562  10.9 3.05 MW ML2MW
2013 12 22 1619 143.741 -36.290   4.0 3.04 MW ML2MW
2013 12 27 1333 139.889 -25.638   9.5 3.26 MW ML2MW
2014 01 05 1801 138.685 -31.949  15.7 3.31 MW ML2MW
2014 01 13 0458 145.350 -37.874  11.8 3.05 MW ML2MW
2014 01 17 0017 138.146 -33.299  14.2 3.14 MW ML2MW
2014 01 18 1148 145.592 -37.920   9.4 3.29 MW ML2MW
2014 01 19 1813 138.306 -33.149  11.9 3.07 MW ML2MW
2014 01 23 0902 148.780 -32.896   3.9 3.37 MW ML2MW
2014 02 27 0149 147.204 -33.850   0.0 3.36 MW ML2MW
2014 03 31 0540 138.251 -32.745  12.5 3.11 MW ML2MW
2014 04 13 1913 138.410 -31.830   6.9 3.32 MW ML2MW
2014 04 21 1651 148.608 -32.608   2.0 3.15 MW ML2MW
2014 04 23 1301 138.437 -33.353  18.5 3.08 MW ML2MW
2014 04 29 0954 139.559 -32.816   2.8 4.12 MW Ghasemi et al (2016)
2014 06 12 2008 138.296 -32.492  16.2 3.13 MW ML2MW
2014 07 07 0756 137.461 -36.076  10.0 3.02 MW ML2MW
2014 07 20 2026 147.876 -28.249  15.0 3.61 MW ML2MW
2014 07 31 0530 141.564 -31.201  10.0 3.04 MW ML2MW
2014 07 31 0530 141.735 -31.307  17.8 3.04 MW ML2MW
2014 07 31 2014 151.373 -32.842   0.0 3.31 MW ML2MW
2014 08 01 0637 139.490 -33.090   7.9 3.31 MW ML2MW
2014 08 02 1413 148.988 -28.508  10.0 3.16 MW ML2MW
2014 08 08 1617 146.416 -17.044   0.0 3.36 MW ML2MW
2014 08 11 1834 151.968 -22.262  10.0 3.61 MW ML2MW
2014 08 13 1522 142.053 -33.520  10.0 3.47 MW ML2MW
2014 08 27 0946 152.989 -31.979  10.0 3.39 MW ML2MW
2014 09 01 1418 139.617 -26.190  23.1 3.36 MW ML2MW
2014 09 17 1416 139.023 -33.463   8.7 3.17 MW ML2MW
2014 09 23 1155 151.367 -32.870   0.0 3.31 MW ML2MW
2014 09 24 1355 150.082 -29.455  10.0 3.22 MW ML2MW
2014 10 19 0334 140.730 -27.771  20.0 3.10 MW ML2MW
2014 10 26 2212 151.033 -32.445   7.9 3.31 MW ML2MW
2014 11 04 0033 151.423 -32.953  10.0 3.61 MW ML2MW
2014 11 19 0513 147.923 -35.146   8.7 3.48 MW ML2MW
2014 12 18 2139 151.339 -32.871   0.0 3.30 MW ML2MW
2014 12 22 1158 141.822 -31.942  19.2 3.34 MW ML2MW
2015 01 09 0732 138.265 -33.028  15.5 3.05 MW ML2MW
2015 01 24 1844 143.344 -23.751  10.0 3.19 MW ML2MW
2015 02 15 1557 151.555 -25.102  10.0 4.76 MW Ghasemi et al (2016)
2015 04 17 0209 138.574 -31.883  15.7 3.21 MW ML2MW
2015 05 11 0340 138.159 -32.707  14.2 3.22 MW ML2MW
2015 06 25 0729 152.368 -27.049   7.3 3.26 MW ML2MW
2015 07 07 2326 139.304 -33.717   8.9 3.15 MW ML2MW
2015 07 13 0512 138.630 -32.049  21.6 3.19 MW ML2MW
2015 07 20 0945 139.169 -32.107  11.6 3.34 MW ML2MW
2015 07 20 1418 149.165 -34.751   2.5 3.07 MW ML2MW
2015 07 21 0505 151.831 -28.781   1.0 3.18 MW ML2MW
2015 07 27 0823 138.713 -31.647  20.2 3.31 MW ML2MW
2015 08 03 0737 139.518 -29.857  10.0 3.07 MW ML2MW
2015 09 19 0621 149.419 -34.934  10.0 3.04 MW ML2MW
2015 09 20 1753 138.355 -36.773  10.0 3.84 MW ML2MW
2015 11 26 0800 138.701 -30.786  10.0 3.17 MW ML2MW
2015 12 01 0907 150.743 -24.787  10.0 3.22 MW ML2MW
2015 12 12 0527 151.003 -31.178  10.0 3.19 MW ML2MW
2015 12 18 0101 150.358 -33.811  17.0 3.75 MW ML2MW
2016 01 04 0333 138.935 -32.451   7.3 3.49 MW ML2MW
2016 01 30 1739 149.080 -35.910   7.0 3.71 MW ML2MW
2016 02 10 0503 148.838 -35.002   8.5 3.41 MW ML2MW
2016 02 18 0952 150.502 -24.393  10.0 3.19 MW ML2MW
2016 05 15 0741 138.655 -31.801  14.0 3.07 MW ML2MW
2016 05 16 1011 138.571 -31.821  10.0 3.08 MW ML2MW
2016 05 24 0731 138.761 -31.814  10.0 3.30 MW ML2MW
2016 05 31 2346 139.232 -33.926   0.0 3.60 MW ML2MW
2016 06 17 1957 152.583 -27.104   1.0 3.02 MW ML2MW
2016 07 18 1128 150.863 -32.289   1.0 3.12 MW ML2MW
2016 07 25 1025 138.302 -33.291   2.0 3.87 MW ML2MW
2016 07 25 2010 138.555 -32.638   0.0 3.10 MW ML2MW
2016 08 11 0544 150.855 -32.261  10.0 3.28 MW ML2MW
2016 08 18 0430 148.756 -19.821  10.0 5.70 MW GCMT
2016 09 09 1049 145.851 -35.056  10.0 3.10 MW ML2MW
2016 09 10 0029 149.033 -33.460   0.0 3.50 MW ML2MW
2016 09 19 0432 148.718 -36.324   4.0 3.47 MW ML2MW
2016 09 22 0926 147.235 -26.858  10.0 3.03 MW ML2MW
2016 10 03 0616 136.825 -35.853  10.0 3.49 MW ML2MW
2016 10 07 0153 150.168 -30.724   0.0 3.32 MW ML2MW
2016 10 07 1755 138.542 -33.541  11.0 3.29 MW ML2MW
2016 10 17 1530 151.408 -32.909   0.0 3.05 MW ML2MW
2016 10 18 1854 144.865 -36.856   0.0 3.10 MW ML2MW
2016 10 26 0904 149.983 -29.260  10.0 3.21 MW ML2MW
2016 10 26 1515 149.620 -31.930  11.0 3.03 MW ML2MW
2016 10 29 0343 138.747 -30.632  10.0 3.38 MW ML2MW
2016 10 31 1441 138.259 -31.042   4.0 3.04 MW ML2MW
2016 11 25 1327 139.305 -33.908   0.0 3.06 MW ML2MW
2016 12 18 1834 150.881 -32.261  10.0 3.09 MW ML2MW
2017 01 03 1413 150.708 -34.179   0.0 3.87 MW ML2MW
2017 01 10 1444 138.153 -32.285  10.0 3.24 MW ML2MW
2017 01 13 1813 148.641 -19.757  10.0 3.40 MW ML2MW
2017 01 19 1846 146.804 -36.569  10.0 3.32 MW ML2MW
2017 01 22 1534 142.624 -28.105  10.0 3.23 MW ML2MW
2017 02 01 1337 139.258 -35.113  25.2 3.73 MW ML2MW
2017 02 12 2140 138.310 -32.985  10.0 3.04 MW ML2MW
2017 02 23 0716 151.048 -31.789  10.0 3.96 MW MS2MW
2017 02 28 0030 138.618 -31.792  10.0 3.13 MW ML2MW
2017 03 05 1813 138.571 -31.421  10.0 3.46 MW ML2MW
2017 03 17 0209 150.422 -31.287  10.0 3.10 MW ML2MW
2017 03 17 1051 149.592 -36.625  10.0 3.28 MW ML2MW
2017 03 24 1332 150.950 -28.897  10.0 3.14 MW ML2MW
2017 04 13 1631 148.956 -33.464   0.0 4.17 MW ML2MW
2017 04 24 0737 138.399 -32.440  10.0 3.63 MW ML2MW
2017 04 25 0930 138.870 -31.185  10.0 3.29 MW ML2MW
2017 05 15 0959 148.267 -33.928  10.0 3.02 MW ML2MW
2017 05 15 1022 146.571 -32.117  10.0 3.10 MW ML2MW
2017 05 31 0747 138.884 -33.792  10.0 3.14 MW ML2MW
2017 06 22 2205 138.661 -31.586  10.0 3.14 MW ML2MW
2017 07 14 2313 148.920 -34.266  10.0 3.40 MW ML2MW
2017 07 17 0039 151.589 -33.999  10.0 3.28 MW ML2MW
2017 08 20 1005 139.201 -26.551  10.0 3.08 MW ML2MW
2017 09 01 0236 148.645 -27.575  10.0 3.36 MW ML2MW
2017 10 10 1820 147.904 -35.102   0.0 3.19 MW ML2MW
2017 10 11 0509 147.512 -33.463   0.0 3.16 MW ML2MW
2017 11 17 1712 146.547 -17.386  10.0 3.20 MW ML2MW
2017 11 25 1533 148.969 -33.488  10.0 3.40 MW ML2MW
2018 01 06 1301 141.744 -35.532  10.0 3.30 MW ML2MW
2018 01 22 2036 152.886 -30.438   0.0 3.22 MW ML2MW
2018 01 23 2016 153.092 -30.501   0.0 3.27 MW ML2MW
2018 01 24 0228 153.026 -30.645  10.0 4.10 MW ML2MW
2018 01 24 1622 147.992 -36.676  10.0 3.15 MW ML2MW
2018 01 25 0031 153.019 -30.367   0.0 3.01 MW ML2MW
2018 02 22 0638 144.470 -27.430  10.0 3.13 MW ML2MW
2018 02 27 0406 138.462 -30.616  10.0 3.24 MW ML2MW
2018 03 30 2217 138.596 -27.019  10.0 3.20 MW ML2MW
2018 04 27 1801 151.466 -25.482  10.0 3.23 MW ML2MW
2018 05 25 0145 138.273 -31.764  10.0 3.26 MW ML2MW
2018 05 25 1322 138.656 -33.840  10.0 3.44 MW ML2MW
2018 05 28 0243 138.638 -35.288  10.0 3.20 MW ML2MW
2018 05 29 0048 138.664 -31.413  10.0 3.05 MW ML2MW
2018 05 29 0717 138.553 -31.606  10.0 3.01 MW ML2MW
2018 06 03 1150 138.250 -32.089  10.0 3.14 MW ML2MW
2018 06 10 1453 146.484 -36.813  10.0 3.05 MW ML2MW
2018 06 17 1431 139.164 -33.966  10.0 3.19 MW ML2MW
2018 06 23 2157 139.217 -35.175  10.0 3.18 MW ML2MW
2018 07 03 1945 138.472 -31.771  10.0 3.03 MW ML2MW
2018 07 06 2317 138.275 -32.577  10.0 3.47 MW ML2MW
2018 07 08 2153 138.565 -31.959  10.0 3.10 MW ML2MW
2018 07 09 1245 138.329 -33.266  10.0 3.24 MW ML2MW
2018 07 16 1232 141.011 -25.899  10.0 3.49 MW ML2MW
2018 07 22 0246 148.963 -33.474  10.0 3.84 MW ML2MW
2018 07 23 1348 144.251 -36.026  10.0 3.40 MW ML2MW
2018 07 26 2321 138.420 -35.306  10.0 3.37 MW ML2MW
2018 08 03 1345 150.257 -36.334  10.0 3.52 MW ML2MW
2018 08 05 1935 147.693 -34.058  10.0 3.10 MW ML2MW
2018 08 08 1101 139.159 -34.912  10.4 3.07 MW ML2MW
2018 08 18 1128 147.808 -37.337  10.0 3.06 MW ML2MW
2018 08 23 1042 149.294 -36.395  10.0 3.21 MW ML2MW
2018 08 27 0816 147.481 -36.309  14.9 3.38 MW ML2MW
2018 09 02 0256 148.822 -36.241   0.0 3.36 MW ML2MW
2018 09 09 0017 148.818 -36.237   0.0 3.33 MW ML2MW
2018 09 13 0226 151.006 -32.561   0.0 3.07 MW ML2MW
2018 09 14 2151 150.826 -32.340   1.0 3.53 MW ML2MW
2018 09 30 1050 138.590 -31.441   4.5 3.16 MW ML2MW
2018 10 06 1254 138.324 -32.284   0.5 3.03 MW ML2MW
2018 10 15 1851 146.696 -33.934  10.0 3.32 MW ML2MW
2018 10 16 1106 148.937 -33.434  10.0 3.42 MW ML2MW
2018 10 17 1815 146.829 -33.955  10.0 3.03 MW ML2MW
2018 10 18 2311 138.450 -31.634  10.0 3.02 MW ML2MW
2018 11 02 2127 138.767 -32.100   0.0 3.35 MW ML2MW
2018 12 05 2152 141.526 -29.833  10.0 3.35 MW ML2MW
2018 12 12 0011 148.026 -32.311  10.0 3.16 MW ML2MW
2018 12 14 0307 150.850 -32.348   1.4 3.61 MW ML2MW
2018 12 17 2143 149.079 -35.025   0.0 3.34 MW ML2MW
2019 01 04 0143 138.459 -31.812  10.0 3.14 MW ML2MW
2019 01 12 2046 147.925 -19.233  10.0 3.39 MW ML2MW
2019 01 14 1359 148.648 -36.283  10.0 3.04 MW ML2MW
2019 01 17 2305 149.204 -35.164   0.0 3.17 MW ML2MW
2019 01 27 0000 138.161 -33.771  10.0 3.15 MW ML2MW
2019 01 27 1558 150.948 -32.232  10.0 3.06 MW ML2MW
2019 02 09 0810 150.176 -36.375   0.0 3.36 MW ML2MW
2019 02 12 1353 146.362 -37.761  10.0 3.35 MW ML2MW
2019 02 15 1435 147.527 -34.334   2.3 3.05 MW ML2MW
2019 02 16 1351 147.442 -35.748  10.0 3.10 MW ML2MW
2019 02 18 0336 148.812 -34.390   0.0 3.70 MW ML2MW
2019 02 19 1101 149.016 -34.903   0.0 3.12 MW ML2MW
2019 02 21 1819 139.679 -29.255  10.0 3.11 MW ML2MW
2019 02 21 2113 151.037 -32.613   2.7 3.25 MW ML2MW
2019 02 23 2224 138.424 -33.357  10.0 3.06 MW ML2MW
2019 02 24 1843 147.048 -27.129  10.0 3.31 MW ML2MW
2019 02 28 1926 148.840 -36.218   0.0 3.15 MW ML2MW
2019 03 02 1459 146.807 -34.432  10.0 3.07 MW ML2MW
2019 03 02 1507 142.150 -33.485  10.0 3.25 MW ML2MW
2019 03 02 1800 138.368 -31.519  10.0 3.04 MW ML2MW
2019 03 07 0207 147.462 -34.654   0.0 3.42 MW ML2MW
2019 03 26 2356 138.504 -31.500   2.5 3.16 MW ML2MW
2019 04 01 2228 148.327 -34.354   0.0 3.34 MW ML2MW
2019 04 03 1417 139.083 -33.782   9.2 3.12 MW ML2MW
2019 04 05 0128 138.845 -31.181  10.0 3.52 MW ML2MW
2019 04 26 0757 147.875 -36.210  10.5 3.24 MW ML2MW
2019 04 26 1306 146.970 -36.225   6.4 3.30 MW ML2MW
2019 05 02 0655 138.411 -33.387   3.1 3.46 MW ML2MW
2019 05 12 1957 138.939 -33.237  10.0 3.06 MW ML2MW
2019 05 13 2047 139.093 -30.749  10.0 3.07 MW ML2MW
2019 05 24 2006 142.414 -28.487  10.0 3.04 MW ML2MW
2019 06 08 1649 147.901 -32.460   0.0 3.16 MW ML2MW
2019 06 13 1213 149.003 -36.497   0.0 3.35 MW ML2MW
2019 06 13 1917 138.525 -31.882  10.0 3.31 MW ML2MW
2019 06 14 1851 138.524 -31.759  10.0 3.34 MW ML2MW
2019 06 16 1837 138.895 -33.350   2.0 3.44 MW ML2MW
2019 06 27 2038 150.926 -31.821  10.0 3.35 MW ML2MW
2019 07 01 1632 147.174 -33.921   0.0 3.00 MW ML2MW
2019 07 19 0830 138.212 -32.953  10.2 3.07 MW ML2MW
2019 08 12 0053 146.667 -34.224  10.0 3.14 MW ML2MW
2019 08 18 1138 151.900 -20.950  10.0 4.50 MW ML2MW
2019 08 30 1555 145.973 -36.479  10.0 3.06 MW ML2MW
2019 08 30 1621 148.765 -36.316  10.0 3.75 MW ML2MW
2019 09 05 0221 138.321 -33.108  10.0 3.62 MW ML2MW
2019 09 11 1719 143.876 -32.910  10.0 3.24 MW ML2MW
2019 09 11 1919 150.809 -32.595  10.0 3.12 MW ML2MW
2019 09 25 1045 148.783 -36.208   2.6 3.24 MW ML2MW
2019 09 27 0638 149.059 -32.767  10.0 3.54 MW ML2MW
2019 10 02 0548 149.851 -32.307   5.0 3.06 MW ML2MW
2019 10 14 1357 139.016 -31.369  10.0 3.28 MW ML2MW
2019 10 17 1436 138.560 -31.287  10.0 3.13 MW ML2MW
2019 10 24 1627 141.471 -24.286  10.0 3.01 MW ML2MW
2019 11 09 0221 138.706 -31.887  10.0 3.26 MW ML2MW
2019 11 14 1627 138.553 -31.704  10.0 3.79 MW ML2MW
2019 11 20 0238 150.958 -32.554   3.0 3.52 MW ML2MW
2019 11 20 1633 138.687 -31.667  10.0 3.06 MW ML2MW
2019 11 21 0026 138.501 -30.953  10.0 3.39 MW ML2MW
2019 11 27 1634 147.224 -36.770   0.0 3.25 MW ML2MW
2019 11 28 0318 145.278 -37.905  10.0 3.20 MW ML2MW
2019 12 03 1526 138.450 -32.222  10.0 3.12 MW ML2MW
2019 12 15 0316 145.438 -37.421  10.0 3.27 MW ML2MW
2019 12 15 1416 149.004 -34.972  10.0 3.41 MW ML2MW
2019 12 16 0529 150.836 -32.348  10.0 4.36 MW ML2MW
2019 12 16 0611 145.516 -37.403  10.0 3.30 MW ML2MW
2019 12 18 0113 149.782 -32.291  10.0 3.17 MW ML2MW
2019 12 19 0129 150.518 -32.414  10.0 3.10 MW ML2MW
2019 12 25 0959 153.072 -30.832  10.0 3.35 MW ML2MW
2019 12 31 1321 148.689 -36.365  10.0 3.28 MW ML2MW
2020 01 11 1200 138.317 -33.124  10.0 3.01 MW ML2MW
2020 02 07 0634 138.538 -31.232  10.0 3.30 MW ML2MW
2020 02 14 1343 149.036 -33.196  10.0 3.15 MW ML2MW
2020 02 14 1349 138.813 -32.836  10.0 3.88 MW ML2MW
2020 02 25 0314 138.929 -30.219  10.0 3.49 MW ML2MW
2020 03 13 2042 147.437 -35.774  10.0 3.09 MW ML2MW
2020 03 23 0032 145.036 -37.272  10.0 3.37 MW ML2MW
2020 03 25 0135 149.672 -34.290  10.0 3.30 MW ML2MW
2020 04 04 0859 139.126 -29.822  10.0 3.04 MW ML2MW
2020 04 05 2040 149.152 -34.762  10.0 3.18 MW ML2MW
2020 04 11 2040 138.709 -33.070  10.0 3.52 MW ML2MW
2020 04 25 0421 138.270 -32.754  10.0 3.42 MW ML2MW
2020 04 25 1047 147.259 -34.095  10.0 3.11 MW ML2MW
2020 04 29 0852 138.541 -31.548  10.0 3.40 MW ML2MW
2020 05 02 0829 139.031 -33.945  10.0 3.54 MW ML2MW
2020 05 02 1748 150.870 -32.350  10.0 3.87 MW ML2MW
2020 05 10 1323 138.616 -33.389  10.0 3.30 MW ML2MW
2020 05 14 0553 138.802 -33.711  10.0 4.43 MW ML2MW
2020 05 14 1605 147.339 -34.170  10.0 3.04 MW ML2MW
2020 05 14 2028 147.672 -34.021  10.0 3.26 MW ML2MW
2020 05 15 1312 144.372 -36.320  10.0 3.08 MW ML2MW
2020 06 01 2149 138.001 -29.528  10.0 3.33 MW ML2MW
2020 06 13 0943 138.736 -33.906  10.0 3.30 MW ML2MW
2020 06 17 1007 144.409 -36.336  10.0 3.04 MW ML2MW
2020 06 25 1729 151.754 -32.595  10.0 3.40 MW ML2MW
2020 07 03 1916 150.850 -32.342  10.0 3.06 MW ML2MW
2020 07 07 0642 138.113 -35.605  10.0 3.18 MW ML2MW
2020 07 14 1437 139.145 -31.031  10.0 3.10 MW ML2MW
2020 07 21 2024 138.600 -31.735   9.4 3.08 MW ML2MW
2020 07 23 0631 149.336 -32.593   0.7 3.43 MW ML2MW
2020 07 29 0908 145.532 -38.015   7.3 3.07 MW ML2MW
2020 08 01 0303 139.913 -28.503  10.0 3.41 MW ML2MW
2020 08 03 0522 148.657 -34.999  10.0 3.48 MW ML2MW
2020 08 04 0009 139.002 -33.319   2.3 3.26 MW ML2MW
2020 08 04 1346 146.619 -34.307  10.0 3.10 MW ML2MW
2020 08 23 0300 146.267 -20.988  10.0 4.45 MW ML2MW
2020 08 26 0033 142.060 -33.429  10.0 3.40 MW ML2MW
2020 08 29 0634 137.961 -35.785   3.8 3.18 MW ML2MW
2020 08 29 1038 143.823 -34.979  10.0 3.06 MW ML2MW
2020 09 01 1322 146.417 -37.874   2.4 3.69 MW ML2MW
2020 09 13 1003 139.032 -34.412   8.4 3.05 MW ML2MW
2020 09 23 1823 138.065 -31.979   5.3 3.47 MW ML2MW
2020 09 24 1453 138.898 -33.320   1.1 3.09 MW ML2MW
2020 09 25 1428 150.694 -30.574  10.0 3.60 MW ML2MW
2020 09 25 1442 150.776 -30.638  10.0 3.06 MW ML2MW
2020 10 07 0731 138.149 -33.830   3.5 3.36 MW ML2MW
2020 10 12 0936 138.033 -35.713   9.1 3.00 MW ML2MW
2020 10 14 0554 148.057 -36.699  10.0 3.17 MW ML2MW
2020 10 14 1444 147.913 -20.336  10.0 3.69 MW ML2MW
2020 10 15 1021 148.749 -33.297  10.0 3.27 MW ML2MW
2020 10 18 2100 138.632 -31.607  10.0 3.28 MW ML2MW
2020 10 27 1753 138.343 -32.823  10.0 3.64 MW ML2MW
2020 11 08 1004 143.722 -36.341  10.0 3.47 MW ML2MW
2020 11 19 0329 136.872 -35.969   5.4 3.09 MW ML2MW
2020 11 20 1058 149.689 -33.956   1.0 3.16 MW ML2MW
2020 12 12 0014 137.910 -35.897  10.0 3.18 MW ML2MW
2020 12 12 0935 138.595 -33.448   5.9 3.19 MW ML2MW
2020 12 30 0004 147.176 -35.629  10.0 3.25 MW ML2MW
2021 01 06 1843 147.324 -34.010  10.0 3.21 MW ML2MW
2021 01 14 2058 142.668 -36.867  11.0 3.70 MW ML2MW
2021 01 16 0947 138.392 -32.516   3.1 3.11 MW ML2MW
2021 01 25 2051 141.856 -37.117   9.0 3.17 MW ML2MW
2021 01 29 0535 148.875 -34.914  10.0 3.33 MW ML2MW
2021 01 31 2020 149.510 -28.639   9.1 3.06 MW ML2MW
2021 02 01 2009 138.687 -33.463   5.5 3.28 MW ML2MW
2021 02 07 0941 150.842 -32.341   0.7 3.64 MW ML2MW
2021 02 13 0028 138.598 -31.702   7.3 3.21 MW ML2MW
2021 02 27 2019 138.855 -31.995  10.0 3.19 MW ML2MW
2021 03 29 1742 150.867 -32.360  10.0 3.50 MW ML2MW
2021 04 02 2223 141.802 -30.499  10.0 3.17 MW ML2MW
2021 04 11 0536 138.953 -30.072  10.0 3.69 MW ML2MW
2021 04 15 0952 137.899 -29.798   9.2 3.52 MW ML2MW
2021 04 20 1226 138.529 -32.413   1.1 3.18 MW ML2MW
2021 04 27 2220 150.131 -34.986   5.7 3.71 MW ML2MW
2021 05 05 0015 148.495 -36.455   5.0 3.43 MW ML2MW
2021 05 06 1733 140.059 -32.845   7.8 3.09 MW ML2MW
2021 05 25 0159 138.325 -33.103   6.6 3.27 MW ML2MW
2021 05 25 1931 147.112 -33.963  10.0 3.28 MW ML2MW
2021 05 26 1117 138.278 -32.820   7.8 3.20 MW ML2MW
2021 05 27 0046 144.055 -36.972   2.7 3.35 MW ML2MW
2021 06 01 1844 148.683 -34.409   0.8 3.16 MW ML2MW
2021 06 10 0454 138.597 -33.292   8.9 3.06 MW ML2MW
2021 06 13 2345 146.851 -37.138  10.0 3.06 MW ML2MW
2021 06 15 1008 138.573 -32.337   2.1 3.11 MW ML2MW
2021 06 18 0915 138.452 -32.592   4.0 3.05 MW ML2MW
2021 06 24 1830 141.635 -31.541  10.0 3.86 MW ML2MW
2021 07 03 0528 144.955 -37.564   5.3 3.15 MW ML2MW
2021 07 03 1323 138.495 -32.418   0.6 3.02 MW ML2MW
2021 07 15 0414 138.245 -32.853   5.9 3.06 MW ML2MW
2021 07 20 1228 149.694 -34.301  10.0 3.11 MW ML2MW
2021 07 26 1236 150.594 -34.337   2.9 3.03 MW ML2MW
2021 07 30 1002 151.397 -30.471   1.2 3.38 MW ML2MW
2021 08 04 1758 149.810 -34.425  10.0 3.18 MW ML2MW
2021 08 13 2019 148.759 -34.399  10.0 3.18 MW ML2MW
2021 08 17 1931 138.257 -32.847   9.8 3.19 MW ML2MW
2021 08 25 1350 148.277 -34.504  10.0 3.08 MW ML2MW
2021 08 31 1811 138.193 -34.502   6.0 3.01 MW ML2MW
2021 09 05 1207 142.835 -28.233  10.0 3.08 MW ML2MW
2021 09 10 0307 138.550 -31.414   7.2 3.41 MW ML2MW
2021 09 14 1237 138.119 -32.546   2.8 3.29 MW ML2MW
2021 09 21 2315 146.348 -37.492  10.0 5.87 MW AUST
2021 10 08 1647 141.021 -35.408   1.7 4.76 MW ML2MW
2021 10 08 2044 141.118 -35.450  10.0 3.35 MW ML2MW
2021 10 08 2344 141.111 -35.491  10.0 3.37 MW ML2MW
2021 10 17 0902 148.183 -33.907  10.0 3.05 MW ML2MW
2021 10 20 2210 144.368 -30.183  10.0 3.61 MW ML2MW
2021 10 26 1019 138.620 -33.490   6.6 3.11 MW ML2MW
2021 11 02 1813 146.103 -37.457   3.5 3.12 MW ML2MW
2021 11 10 0946 150.185 -33.357   0.7 3.15 MW ML2MW
2021 11 15 0933 138.258 -32.868   9.7 3.32 MW ML2MW
2021 12 10 0830 146.495 -37.407  10.0 3.27 MW ML2MW
2021 12 27 1634 150.853 -32.354   3.0 3.56 MW ML2MW
2022 01 07 1553 138.460 -30.956  10.0 3.34 MW ML2MW
2022 01 08 2135 147.317 -37.295  10.0 3.09 MW ML2MW
2022 01 21 1121 138.964 -31.465   7.9 3.05 MW ML2MW
2022 01 27 1105 150.699 -34.204   0.5 3.18 MW ML2MW
2022 02 06 0216 146.380 -17.047  10.0 3.71 MW ML2MW
2022 02 11 0104 147.597 -36.804   1.0 3.41 MW ML2MW
2022 02 16 0845 139.041 -31.476   1.5 3.40 MW ML2MW
2022 02 23 1337 138.236 -33.003   3.6 3.29 MW ML2MW
2022 03 05 2050 138.884 -35.084  10.0 3.82 MW ML2MW
2022 03 11 1717 145.887 -37.193  10.0 3.13 MW ML2MW
2022 03 12 1142 139.308 -33.113   0.6 3.18 MW ML2MW
2022 03 14 1702 148.703 -19.864  10.0 3.17 MW ML2MW
2022 03 29 0834 138.877 -35.096  10.0 3.15 MW ML2MW
2022 04 02 1432 150.640 -31.337  10.0 3.23 MW ML2MW
2022 04 03 1038 138.513 -32.283  10.0 3.34 MW ML2MW
2022 05 31 0325 152.828 -27.313   2.7 3.17 MW ML2MW
2022 07 03 1547 139.057 -31.017  10.0 3.54 MW ML2MW
2022 07 18 0716 138.576 -33.342  10.0 3.14 MW ML2MW
2022 08 02 1905 138.192 -33.030   4.4 3.10 MW ML2MW
2022 08 11 2341 138.013 -32.551   4.2 3.09 MW ML2MW
2022 08 19 1414 138.289 -32.813   4.8 3.10 MW ML2MW
2022 09 06 0209 144.943 -36.496   1.0 3.42 MW ML2MW
2022 09 17 1320 146.745 -37.639   6.7 3.15 MW ML2MW
2022 10 07 1733 138.654 -31.597  10.3 3.04 MW ML2MW
2022 10 18 2201 146.156 -36.945   3.0 3.49 MW ML2MW
2022 11 04 2245 148.867 -34.317   0.8 3.95 MW ML2MW
