1949 05 02 1000 116.400 -30.900   0.0 4.61 MW ML2MW
1940 12 18 2145 117.200 -32.200   0.0 3.87 MW ML2MW
1946 09 17 1512 116.900 -32.500   0.0 4.11 MW ML2MW
1954 11 27 0836 116.700 -32.000   0.0 3.64 MW ML2MW
1955 04 29 0914 116.400 -30.900   0.0 4.27 MW ML2MW
1958 03 20 0303 117.200 -32.300   7.0 4.35 MW ML2MW
1960 03 14 1631 116.500 -31.200   0.0 3.41 MW ML2MW
1959 08 03 0753 117.400 -32.200   0.0 2.68 MW ML2MW
1960 02 11 0421 118.300 -33.700   0.0 3.05 MW ML2MW
1960 03 31 0413 118.000 -33.500   0.0 3.28 MW ML2MW
1961 05 18 0856 117.300 -34.200   0.0 3.11 MW ML2MW
1961 06 12 1841 116.900 -31.600   0.0 3.30 MW ML2MW
1960 05 02 1807 116.800 -30.100   0.0 2.97 MW ML2MW
1961 07 07 0547 117.000 -33.100   0.0 3.23 MW ML2MW
1960 07 06 2218 116.900 -31.600   0.0 2.72 MW ML2MW
1960 11 14 2246 116.900 -31.300   0.0 3.05 MW ML2MW
1963 08 29 0704 116.500 -31.100   0.0 3.19 MW ML2MW
1961 06 23 0816 116.600 -31.200   0.0 2.80 MW ML2MW
1964 10 23 1252 117.200 -32.200  18.0 3.49 MW ML2MW
1961 07 01 1510 116.900 -32.400   0.0 2.81 MW ML2MW
1964 11 05 0550 116.700 -32.100  18.0 3.20 MW ML2MW
1966 02 15 0155 117.000 -32.300   0.0 3.19 MW ML2MW
1961 11 20 2044 117.200 -32.300   0.0 3.03 MW ML2MW
1966 09 30 1405 116.800 -30.600   0.0 3.10 MW ML2MW
1961 12 31 2227 116.900 -31.600   0.0 2.93 MW ML2MW
1962 01 30 0729 117.200 -32.300   0.0 2.82 MW ML2MW
1966 10 07 1024 116.700 -30.400   7.0 3.30 MW ML2MW
1962 07 31 0035 118.000 -30.900   0.0 2.71 MW ML2MW
1962 12 17 0029 118.100 -33.600   0.0 2.94 MW ML2MW
1967 04 03 0801 116.500 -30.700  18.0 3.13 MW ML2MW
1967 08 29 2109 117.300 -31.900  18.0 3.44 MW ML2MW
1963 02 13 0757 118.400 -34.100   0.0 2.97 MW ML2MW
1963 04 28 0918 116.400 -31.000   0.0 2.74 MW ML2MW
1963 06 11 2200 118.200 -33.300   0.0 2.64 MW ML2MW
1968 09 26 1807 116.400 -30.700  18.0 3.27 MW ML2MW
1968 10 06 2236 116.400 -30.910  25.0 3.43 MW ML2MW
1964 01 15 0231 117.200 -32.300   0.0 3.04 MW ML2MW
1964 03 20 0256 117.200 -32.300   0.0 3.04 MW ML2MW
1964 06 11 2002 116.200 -30.700   0.0 2.97 MW ML2MW
1968 11 27 1439 117.180 -32.290  18.0 3.19 MW ML2MW
1964 10 26 2218 116.200 -30.700   0.0 2.97 MW ML2MW
1969 03 11 1200 116.570 -30.640   7.0 3.45 MW ML2MW
1969 03 21 1950 117.250 -32.150   7.0 3.12 MW ML2MW
1969 03 25 1356 116.380 -31.140   7.0 3.47 MW ML2MW
1966 02 22 0721 118.110 -31.450   0.0 2.68 MW ML2MW
1969 04 02 2212 117.000 -32.400   7.0 3.21 MW ML2MW
1966 05 01 1602 116.640 -32.040   0.0 2.78 MW ML2MW
1966 06 19 1105 117.170 -32.170   0.0 2.73 MW ML2MW
1969 06 26 0038 117.180 -30.760   7.0 3.41 MW ML2MW
1966 09 21 0420 116.420 -31.120   0.0 2.82 MW ML2MW
1969 08 21 2357 117.160 -30.750   0.0 3.25 MW ML2MW
1966 11 21 1808 117.310 -31.980   0.0 2.91 MW ML2MW
1966 11 30 1530 117.000 -32.790   0.0 2.96 MW ML2MW
1971 08 04 0027 116.470 -31.190   0.0 3.15 MW ML2MW
1972 02 26 1115 117.020 -30.810   0.0 3.29 MW ML2MW
1972 04 22 1347 118.370 -30.760   0.0 3.14 MW ML2MW
1967 12 14 1727 116.450 -30.780   0.0 2.74 MW ML2MW
1973 04 02 1423 116.790 -31.210  10.0 3.12 MW ML2MW
1968 02 14 0919 117.040 -32.450   0.0 2.81 MW ML2MW
1968 02 26 0535 116.250 -30.940   0.0 2.88 MW ML2MW
1968 02 29 1210 116.640 -31.870   0.0 2.32 MW ML2MW
1974 04 29 1440 116.500 -30.200   0.0 3.27 MW ML2MW
1968 03 08 1521 117.170 -32.030   0.0 2.79 MW ML2MW
1974 11 05 2024 117.160 -30.650   0.0 3.13 MW ML2MW
1975 05 01 1333 117.130 -30.900   0.0 3.13 MW ML2MW
1968 08 31 0840 116.210 -31.120   0.0 2.81 MW ML2MW
1975 08 23 1922 116.900 -30.770   0.0 3.44 MW ML2MW
1976 05 24 2256 117.859 -33.172  17.0 3.13 MW ML2MW
1977 03 01 2008 117.690 -33.480   0.0 3.43 MW ML2MW
1977 04 09 0947 117.440 -34.440   0.0 3.42 MW ML2MW
1978 07 27 2045 117.730 -33.450   6.0 3.37 MW ML2MW
1968 12 29 1109 116.460 -30.680  18.0 3.06 MW ML2MW
1979 04 25 0656 118.020 -33.520   7.0 3.26 MW ML2MW
1969 01 07 0449 116.860 -32.250   0.0 2.43 MW ML2MW
1969 03 03 2143 117.260 -32.050   0.0 2.97 MW ML2MW
1969 03 26 1933 117.150 -32.350   7.0 3.03 MW ML2MW
1969 03 28 0418 117.150 -31.980   0.0 2.78 MW ML2MW
1969 06 09 1757 117.010 -30.660   0.0 2.82 MW ML2MW
1969 06 23 2144 116.910 -30.820   0.0 2.98 MW ML2MW
1969 06 26 0037 117.290 -30.860   0.0 3.02 MW ML2MW
1969 08 01 0848 116.410 -31.150   0.0 2.94 MW ML2MW
1969 08 14 0613 116.570 -31.200   7.0 2.80 MW ML2MW
1969 10 03 1224 117.750 -30.050   0.0 2.74 MW ML2MW
1969 10 22 2017 117.110 -30.860   0.0 3.00 MW ML2MW
1969 11 01 0553 117.090 -30.840   0.0 2.86 MW ML2MW
1969 11 05 0706 116.500 -31.260  15.0 2.98 MW ML2MW
1969 11 08 0846 117.210 -30.900   0.0 2.72 MW ML2MW
1970 01 30 1811 116.770 -31.100   0.0 2.80 MW ML2MW
1970 02 01 2214 116.900 -32.600   0.0 2.81 MW ML2MW
1970 02 21 1604 116.650 -31.050   0.0 2.80 MW ML2MW
1970 06 26 1203 116.640 -30.620   0.0 2.80 MW ML2MW
1970 06 28 1914 116.660 -30.890   0.0 2.72 MW ML2MW
1970 08 24 1653 117.300 -32.000   0.0 2.77 MW ML2MW
1970 09 18 0146 116.300 -31.100   0.0 2.82 MW ML2MW
1970 11 30 0035 117.250 -32.210   0.0 2.83 MW ML2MW
1971 08 18 1720 117.850 -31.750   0.0 3.09 MW ML2MW
1971 09 20 1958 116.460 -31.120   0.0 2.82 MW ML2MW
1971 09 28 0510 116.520 -31.120   0.0 2.83 MW ML2MW
1971 10 19 0052 116.600 -31.050   0.0 2.73 MW ML2MW
1971 11 13 2100 116.440 -31.140   0.0 2.74 MW ML2MW
1971 12 12 1921 117.280 -31.980   0.0 2.83 MW ML2MW
1972 02 01 0415 117.060 -30.900   0.0 2.91 MW ML2MW
1972 02 18 0758 116.880 -30.840   0.0 3.04 MW ML2MW
1972 03 19 0711 116.920 -31.140   0.0 2.95 MW ML2MW
1972 09 14 0250 116.630 -31.250   0.0 2.93 MW ML2MW
1972 09 14 0332 116.500 -31.200   0.0 2.79 MW ML2MW
1972 11 08 2254 117.200 -30.900   0.0 3.07 MW ML2MW
1972 12 26 0658 117.130 -32.320   0.0 2.74 MW ML2MW
1973 02 17 1427 117.220 -30.970  10.0 2.71 MW ML2MW
1973 02 28 2242 117.080 -30.900  10.0 2.91 MW ML2MW
1973 03 15 0201 118.250 -30.900  10.0 2.62 MW ML2MW
1973 10 31 1033 116.660 -31.380  10.0 2.89 MW ML2MW
1974 04 15 0237 118.500 -31.100   0.0 2.84 MW ML2MW
1974 05 12 1549 117.010 -30.830   0.0 2.85 MW ML2MW
1974 06 20 1707 118.500 -33.500   0.0 2.77 MW ML2MW
1974 07 25 0543 117.000 -32.750   0.0 2.74 MW ML2MW
1974 11 04 1745 117.060 -31.220   0.0 2.82 MW ML2MW
1975 01 21 0150 117.080 -30.830   0.0 3.00 MW ML2MW
1975 03 04 0415 117.100 -32.300  10.0 2.87 MW ML2MW
1975 03 12 2009 118.200 -31.000   0.0 2.91 MW ML2MW
1975 09 04 2041 116.900 -30.770   0.0 2.71 MW ML2MW
1975 09 07 0621 118.050 -32.950   0.0 2.98 MW ML2MW
1975 09 19 1254 116.920 -30.760   0.0 2.79 MW ML2MW
1975 09 22 0724 116.830 -30.640   0.0 2.95 MW ML2MW
1975 09 25 0426 117.750 -33.330   0.0 2.65 MW ML2MW
1975 11 22 0719 118.200 -33.100   0.0 2.73 MW ML2MW
1976 03 04 2107 116.670 -30.620   0.0 2.73 MW ML2MW
1976 03 17 2251 116.770 -30.500   0.0 2.70 MW ML2MW
1976 05 11 0926 117.090 -30.900   0.0 2.70 MW ML2MW
1976 05 11 1054 116.600 -30.700   0.0 2.77 MW ML2MW
1976 07 01 1403 117.900 -33.700   0.0 2.78 MW ML2MW
1976 08 08 0310 116.930 -34.400   0.0 2.96 MW ML2MW
1977 02 07 0932 117.350 -34.090   0.0 3.00 MW ML2MW
1977 03 08 1702 117.480 -31.170   0.0 2.72 MW ML2MW
1977 04 18 1233 116.370 -30.930   0.0 3.03 MW ML2MW
1977 07 04 1914 117.950 -31.000   7.0 2.97 MW ML2MW
1977 11 30 0730 117.310 -33.590   0.0 2.99 MW ML2MW
1978 11 10 2046 118.270 -33.630   5.0 3.06 MW ML2MW
1978 11 19 0714 118.400 -34.400   0.0 2.83 MW ML2MW
1979 04 10 1811 117.760 -33.400   5.0 2.70 MW ML2MW
1979 05 25 0810 116.580 -32.750   5.0 2.80 MW ML2MW
1979 07 26 1227 117.620 -31.290  10.0 2.74 MW ML2MW
1980 01 31 1104 117.300 -30.400  25.0 2.78 MW ML2MW
1980 02 03 1502 117.250 -33.720   5.0 2.92 MW ML2MW
1980 04 04 1317 118.200 -33.150   0.0 2.94 MW ML2MW
1980 05 19 2253 118.118 -30.810   9.0 2.99 MW ML2MW
1980 06 12 2029 117.750 -33.430   5.0 2.77 MW ML2MW
1980 10 05 1926 117.760 -33.330   0.0 2.99 MW ML2MW
1981 08 16 0240 116.760 -30.210  10.0 2.70 MW ML2MW
1981 12 02 1929 116.740 -31.000  10.0 2.89 MW ML2MW
1982 05 18 0725 117.380 -32.220  10.0 3.02 MW ML2MW
1982 11 24 1612 117.400 -32.330  10.0 2.73 MW ML2MW
1982 12 21 2159 117.190 -32.110  10.0 3.07 MW ML2MW
1983 01 20 1353 118.100 -33.820   5.0 2.72 MW ML2MW
1983 02 12 2203 117.730 -33.410  10.0 2.77 MW ML2MW
1983 08 04 0255 118.260 -31.280  10.0 3.04 MW ML2MW
1984 01 30 0244 116.940 -32.520  10.0 2.72 MW ML2MW
1984 06 10 1559 117.370 -32.230  10.0 3.09 MW ML2MW
1984 07 16 1807 118.220 -33.580  10.0 2.74 MW ML2MW
1984 08 10 1348 117.300 -33.980   5.0 2.82 MW ML2MW
1984 08 19 2011 117.280 -33.340  10.0 2.82 MW ML2MW
1985 03 03 0028 117.730 -33.400   6.0 2.70 MW ML2MW
1985 04 24 2304 116.690 -31.990  10.0 2.73 MW ML2MW
1986 02 09 0224 117.880 -30.880   5.0 2.75 MW ML2MW
1986 04 03 0806 116.460 -30.820   5.0 2.72 MW ML2MW
1986 04 05 1528 117.390 -32.220   5.0 2.81 MW ML2MW
1986 06 05 0707 117.380 -34.700   5.0 2.69 MW ML2MW
1986 06 17 1625 117.810 -30.750   5.0 2.73 MW ML2MW
1986 12 19 1027 117.410 -32.220   5.0 2.96 MW ML2MW
1987 01 19 1003 117.710 -33.410  13.0 2.84 MW ML2MW
1987 01 22 1356 118.890 -30.600   5.0 2.71 MW ML2MW
1987 03 09 1350 117.780 -32.440   5.0 2.94 MW ML2MW
1987 05 12 1654 117.370 -32.240   5.0 2.72 MW ML2MW
1987 05 20 1724 116.640 -31.250   5.0 2.74 MW ML2MW
1987 07 05 0528 116.340 -31.780   5.0 2.89 MW ML2MW
1987 07 10 2232 117.470 -31.220   1.0 2.80 MW ML2MW
1987 08 22 1519 117.790 -30.740   5.0 2.96 MW ML2MW
1987 09 10 2350 116.660 -31.420   5.0 2.79 MW ML2MW
1987 09 25 0918 117.880 -30.690   5.0 2.96 MW ML2MW
1987 12 12 1449 116.680 -31.030   2.0 2.89 MW ML2MW
1987 12 19 0143 117.654 -31.116  21.0 2.78 MW ML2MW
1988 02 28 1756 118.270 -33.600   3.0 2.89 MW ML2MW
1988 03 18 2003 117.170 -32.150   5.0 2.81 MW ML2MW
1988 04 17 1354 116.770 -30.520   2.0 3.07 MW ML2MW
1988 06 29 1922 117.490 -31.200   5.0 2.94 MW ML2MW
1988 07 06 2240 116.790 -30.530   2.0 2.72 MW ML2MW
1988 07 10 1751 117.940 -33.500   5.0 3.07 MW ML2MW
1988 08 18 0739 116.540 -33.310   1.0 2.78 MW ML2MW
1988 09 01 1134 116.560 -33.300   2.0 2.71 MW ML2MW
1988 09 10 0746 116.560 -33.320   1.0 3.10 MW ML2MW
1988 10 27 0800 117.740 -30.780   0.0 2.73 MW ML2MW
1989 02 02 0714 117.240 -31.160   6.0 2.74 MW ML2MW
1989 02 13 1409 116.800 -30.540   2.0 2.71 MW ML2MW
1989 03 31 0400 116.929 -30.943  20.0 3.08 MW ML2MW
1989 04 19 1342 116.927 -34.355   1.0 2.81 MW ML2MW
1989 06 15 1814 117.286 -33.348  12.0 2.82 MW ML2MW
1989 07 23 0120 118.334 -33.567   1.0 3.01 MW ML2MW
1989 12 14 0520 117.220 -33.346   2.0 2.80 MW ML2MW
1990 01 19 0416 116.508 -31.044   4.0 2.76 MW ML2MW
1990 02 01 2258 117.809 -33.449   0.0 3.04 MW ML2MW
1990 04 15 1317 116.797 -30.549   3.0 2.83 MW ML2MW
1990 05 11 0426 116.812 -30.548   1.0 2.97 MW ML2MW
1990 06 23 0003 116.783 -30.533   4.0 2.90 MW ML2MW
1990 06 24 2055 116.810 -30.535   1.0 2.90 MW ML2MW
1990 09 12 1050 116.800 -30.570   2.0 2.76 MW ML2MW
1990 12 21 1557 117.491 -31.195   4.0 2.76 MW ML2MW
1991 03 07 1352 117.329 -31.220   1.0 2.83 MW ML2MW
1991 06 19 0101 116.916 -32.527   7.0 2.76 MW ML2MW
1991 06 29 2339 117.051 -30.612   1.0 2.76 MW ML2MW
1991 07 25 2357 118.075 -33.647   1.0 2.76 MW ML2MW
1991 11 19 0553 118.130 -33.300   5.0 2.83 MW ML2MW
1992 01 14 2127 117.275 -31.997   5.0 3.04 MW ML2MW
1992 04 01 0839 117.699 -30.861   3.0 2.97 MW ML2MW
1992 09 17 2024 117.835 -33.936   5.0 2.83 MW ML2MW
1993 01 18 1046 117.275 -31.989   1.0 2.90 MW ML2MW
1993 05 24 0119 118.258 -33.595   1.0 2.76 MW ML2MW
1993 06 11 1053 117.196 -32.143   5.0 2.83 MW ML2MW
1993 08 12 2050 117.421 -32.249   2.0 2.83 MW ML2MW
1993 08 18 2024 118.184 -30.930   1.0 2.83 MW ML2MW
1994 03 12 2215 117.412 -32.152   1.0 2.76 MW ML2MW
1994 03 23 0147 117.255 -31.166   5.0 2.76 MW ML2MW
1994 04 01 1826 117.263 -31.171   5.0 2.76 MW ML2MW
1994 05 13 0420 117.247 -31.175   5.0 2.97 MW ML2MW
1994 06 06 1017 118.074 -33.715   5.0 3.04 MW ML2MW
1994 06 11 1202 117.903 -31.537   5.0 2.76 MW ML2MW
1994 07 10 0327 118.422 -33.609   5.0 2.97 MW ML2MW
1994 09 12 0326 118.194 -33.679   1.0 2.76 MW ML2MW
1994 10 05 1659 117.782 -33.455   1.0 2.97 MW ML2MW
1994 10 10 1904 118.116 -32.699   5.0 2.83 MW ML2MW
1994 10 11 1456 118.056 -33.673   2.0 2.76 MW ML2MW
1994 10 31 0801 117.855 -33.872   1.0 2.83 MW ML2MW
1994 11 14 1326 118.388 -30.725   9.0 2.83 MW ML2MW
1995 01 23 0819 117.218 -34.249   5.0 2.97 MW ML2MW
1995 02 01 0955 118.686 -33.743   5.0 2.97 MW ML2MW
1995 06 24 1106 117.710 -30.367   3.0 2.97 MW ML2MW
1995 08 18 2336 117.509 -31.222   5.0 2.83 MW ML2MW
1995 10 27 0913 117.281 -31.219   0.8 2.90 MW ML2MW
1996 07 14 0839 118.021 -33.690   1.0 2.90 MW ML2MW
1996 12 17 1102 116.587 -31.004   5.0 2.97 MW ML2MW
1996 12 20 0611 116.568 -31.009   3.0 2.97 MW ML2MW
1996 12 31 0149 117.282 -31.200   5.0 2.83 MW ML2MW
1998 05 27 0723 118.195 -34.031   5.0 2.90 MW ML2MW
1999 01 21 2237 117.860 -30.931   1.0 2.83 MW ML2MW
1999 02 21 1034 117.855 -30.881   3.0 2.76 MW ML2MW
1999 03 18 1451 117.705 -31.476   5.0 2.83 MW ML2MW
1999 03 25 0432 117.700 -31.489   4.0 2.76 MW ML2MW
1999 04 24 1414 117.246 -34.264   1.0 2.76 MW ML2MW
1999 07 13 0146 117.480 -31.210   3.0 2.97 MW ML2MW
1999 07 21 2050 118.170 -30.820   2.0 2.76 MW ML2MW
1999 10 10 1053 117.900 -30.940   6.0 2.76 MW ML2MW
1999 10 18 0714 117.760 -34.050   1.0 2.76 MW ML2MW
2000 02 10 0013 117.790 -30.750   3.0 2.76 MW ML2MW
2000 06 05 0349 118.574 -30.578   2.0 3.10 MW ML2MW
2000 12 03 1334 117.820 -30.614   0.0 2.89 MW ML2MW
2000 12 26 2011 118.063 -30.844   0.0 2.76 MW ML2MW
2001 01 03 1509 118.036 -30.873   5.0 3.04 MW ML2MW
2001 01 31 0352 116.961 -30.534   0.0 3.03 MW ML2MW
2001 02 28 2251 117.691 -31.460   5.0 2.82 MW ML2MW
2001 03 09 1821 118.271 -31.904   2.0 2.88 MW ML2MW
2001 04 23 1328 116.658 -32.976   2.0 2.95 MW ML2MW
2001 06 30 0817 117.822 -32.145   0.0 3.10 MW ML2MW
2001 08 12 1532 117.778 -32.111   0.0 2.81 MW ML2MW
2002 02 18 1414 116.480 -33.542   3.0 2.82 MW ML2MW
2002 05 04 0137 117.738 -32.070   3.0 2.95 MW ML2MW
2002 06 12 0331 117.097 -32.389   0.0 2.96 MW ML2MW
2002 10 17 2034 118.324 -30.505   0.0 2.81 MW ML2MW
2002 11 08 1951 117.028 -30.188   1.0 2.95 MW ML2MW
2003 03 14 2139 117.779 -33.405   1.1 2.81 MW ML2MW
2003 04 15 1916 118.709 -31.196  10.0 2.95 MW ML2MW
2003 07 18 2008 116.547 -31.172   0.0 3.04 MW ML2MW
2003 08 11 0634 117.157 -31.981   0.0 2.82 MW ML2MW
2004 02 03 2339 117.094 -30.746   0.0 3.10 MW ML2MW
2004 04 10 1745 117.971 -30.991   0.7 2.83 MW ML2MW
2004 07 28 0951 118.294 -33.593   0.0 2.81 MW ML2MW
2004 08 31 1327 117.005 -30.589   5.0 2.82 MW ML2MW
2004 09 04 1044 117.030 -30.902   1.7 3.03 MW ML2MW
2005 03 15 1249 116.844 -32.527   0.0 2.96 MW ML2MW
2005 03 17 1636 116.604 -31.116  10.4 2.96 MW ML2MW
2005 03 18 1104 117.343 -30.717  10.0 3.04 MW ML2MW
2005 03 25 0416 117.217 -31.160   5.0 3.10 MW ML2MW
2005 04 14 1717 118.344 -33.507   0.0 3.02 MW ML2MW
2005 04 15 0812 116.714 -31.968   2.0 2.82 MW ML2MW
2005 04 18 1353 118.273 -33.614   2.0 3.03 MW ML2MW
2005 05 12 0118 117.203 -31.953   5.0 2.89 MW ML2MW
2005 06 24 0851 116.604 -31.304   5.0 2.83 MW ML2MW
2005 08 15 0956 118.236 -30.750   1.8 2.82 MW ML2MW
2005 10 22 0638 117.878 -30.225   2.9 2.96 MW ML2MW
2006 01 22 2015 118.294 -33.378   0.0 2.82 MW ML2MW
2006 03 17 0455 118.261 -30.760   2.8 2.82 MW ML2MW
2006 05 02 2357 117.725 -30.266   3.0 2.82 MW ML2MW
2007 03 30 1752 116.274 -33.390   0.0 2.82 MW ML2MW
2007 10 17 0441 117.283 -30.602   2.0 2.89 MW ML2MW
2007 10 19 2252 118.177 -33.275   1.0 2.96 MW ML2MW
2008 01 18 1040 118.590 -30.534  13.9 3.03 MW ML2MW
2008 03 05 0654 117.983 -30.764   6.0 2.83 MW ML2MW
2008 04 05 1204 117.781 -30.349   1.1 2.96 MW ML2MW
2008 04 10 0813 116.960 -30.429  12.0 3.03 MW ML2MW
2008 04 12 2353 118.023 -30.925   6.0 2.97 MW ML2MW
2008 04 21 0729 117.210 -30.581  10.0 3.04 MW ML2MW
2008 05 17 0905 117.501 -30.664  11.1 2.97 MW ML2MW
2008 07 20 2114 116.759 -32.004   3.0 2.99 MW ML2MW
2008 08 08 1027 117.281 -30.466   3.7 2.92 MW ML2MW
2009 02 11 0802 116.640 -33.390  10.0 2.99 MW ML2MW
2009 03 08 1325 117.143 -30.045   7.0 2.92 MW ML2MW
2009 08 09 2117 117.734 -30.234   3.5 3.07 MW ML2MW
2010 03 29 2038 117.032 -30.533   0.0 2.60 MW ML2MW
2010 04 03 2050 118.316 -30.683   0.0 2.99 MW ML2MW
2010 04 13 1110 117.284 -31.309   4.0 2.99 MW ML2MW
2010 04 21 1545 118.049 -32.322   3.0 3.06 MW ML2MW
2010 04 30 0038 117.763 -30.754   7.0 3.06 MW ML2MW
2010 05 02 0430 118.002 -30.714  11.0 2.92 MW ML2MW
2010 05 12 1109 118.278 -33.646   4.0 2.99 MW ML2MW
2010 07 29 1359 116.460 -30.640   1.0 3.02 MW ML2MW
2010 08 31 0952 117.799 -30.875   1.0 2.90 MW ML2MW
2010 09 02 0427 117.799 -30.855   0.0 2.93 MW ML2MW
2010 10 05 0715 117.768 -30.262   0.0 2.84 MW ML2MW
2010 10 17 1053 117.759 -30.209   0.0 3.09 MW ML2MW
2010 10 30 2335 118.208 -33.303   2.1 3.07 MW ML2MW
2010 12 22 2253 117.782 -30.661   5.0 2.85 MW ML2MW
2011 01 28 0911 117.962 -33.970   0.0 2.72 MW ML2MW
2011 01 30 0857 118.105 -30.535   0.0 2.78 MW ML2MW
2011 07 17 0122 117.800 -31.837   2.0 2.92 MW ML2MW
2011 07 30 1427 118.074 -31.288   0.0 2.99 MW ML2MW
2011 10 11 2122 117.135 -30.161  11.0 2.99 MW ML2MW
2011 11 01 0111 117.611 -31.151  10.0 2.85 MW ML2MW
2012 02 23 2216 118.651 -30.500  10.0 2.85 MW ML2MW
2012 03 10 0530 117.005 -34.125  10.0 3.06 MW ML2MW
2012 04 29 1434 118.004 -33.331  12.0 2.85 MW ML2MW
2012 05 08 1518 117.841 -30.217  16.0 2.85 MW ML2MW
2012 08 14 0051 117.789 -30.452  10.0 3.06 MW ML2MW
2012 08 14 1659 116.467 -31.877   0.0 2.85 MW ML2MW
2012 08 28 1942 117.773 -30.438   5.0 3.07 MW ML2MW
2012 09 04 0921 117.705 -30.495  10.0 2.85 MW ML2MW
2012 09 06 1256 118.561 -33.320   0.0 2.99 MW ML2MW
2012 09 21 0853 117.705 -30.425   0.0 2.92 MW ML2MW
2012 11 14 2023 117.802 -30.322   2.0 3.05 MW ML2MW
2012 12 09 0741 117.608 -31.232   0.0 2.87 MW ML2MW
2013 03 05 0637 117.431 -30.654   4.0 2.99 MW ML2MW
2013 04 25 1213 118.859 -31.198   6.0 2.67 MW ML2MW
2013 05 22 1047 117.066 -34.396   0.0 2.76 MW ML2MW
2013 06 03 1327 117.420 -30.651   0.0 3.07 MW ML2MW
2013 06 03 2009 116.646 -34.435  10.0 2.55 MW ML2MW
2013 06 03 2025 116.977 -34.292   0.0 3.10 MW ML2MW
2013 07 05 0153 117.591 -33.458   5.0 3.06 MW ML2MW
2013 07 19 1842 117.454 -32.123   5.0 2.99 MW ML2MW
2013 07 20 1524 117.702 -33.541   5.0 2.85 MW ML2MW
2013 07 23 0934 117.905 -30.857   9.0 2.83 MW ML2MW
2013 08 01 0416 117.959 -30.913   0.0 3.00 MW ML2MW
2013 08 15 0529 118.906 -30.361  10.0 2.79 MW ML2MW
2013 08 21 1102 117.655 -33.449   0.0 3.05 MW ML2MW
2013 09 05 1759 117.936 -30.957   2.0 2.92 MW ML2MW
2013 09 10 2348 118.879 -30.336  13.0 2.83 MW ML2MW
2013 09 18 1731 117.610 -30.662   7.0 3.07 MW ML2MW
2013 09 22 1928 117.619 -33.457   5.0 2.92 MW ML2MW
2013 09 28 1702 117.064 -34.257   0.0 2.87 MW ML2MW
2013 10 01 0712 117.566 -33.451   6.0 2.92 MW ML2MW
2013 10 10 2057 117.010 -30.473  10.0 2.92 MW ML2MW
2013 11 05 1648 117.604 -30.651  12.0 2.92 MW ML2MW
2013 11 28 1319 117.228 -34.127   7.0 2.85 MW ML2MW
2013 12 01 1250 117.383 -30.669  17.0 2.92 MW ML2MW
2013 12 01 1921 118.866 -30.341   1.0 2.55 MW ML2MW
2013 12 06 1414 117.127 -30.479  10.0 2.85 MW ML2MW
2013 12 07 0625 117.116 -30.495   9.0 2.84 MW ML2MW
2013 12 16 1702 117.479 -30.613  10.0 2.85 MW ML2MW
2013 12 18 0401 117.420 -30.654   6.0 2.85 MW ML2MW
2013 12 23 0852 116.269 -31.187   1.0 2.99 MW ML2MW
2014 02 01 1733 117.110 -30.549  14.0 2.85 MW ML2MW
2014 02 07 1821 117.097 -30.536  14.0 2.85 MW ML2MW
2014 02 09 1053 117.740 -30.491   3.0 2.88 MW ML2MW
2014 03 06 2349 117.761 -30.402   0.0 2.92 MW ML2MW
2014 06 10 2019 117.767 -30.436  10.0 2.99 MW ML2MW
2014 07 08 0649 116.172 -30.463  10.0 3.06 MW ML2MW
2014 07 08 0649 117.172 -30.462   9.7 2.98 MW ML2MW
2014 07 10 2156 118.617 -30.493  10.0 2.69 MW ML2MW
2014 07 23 1805 118.065 -33.442   0.0 2.88 MW ML2MW
2014 07 27 1859 116.976 -32.271  12.0 2.85 MW ML2MW
2014 09 04 0644 117.840 -30.480  10.0 3.06 MW ML2MW
2014 09 04 0653 117.787 -30.386  10.0 2.92 MW ML2MW
2014 09 08 1257 117.207 -33.710  12.0 2.92 MW ML2MW
2014 09 25 2301 117.793 -30.477  10.0 2.85 MW ML2MW
2014 11 04 0441 117.870 -30.142  10.0 3.04 MW ML2MW
2014 11 05 0345 117.111 -33.701   6.0 2.99 MW ML2MW
2014 11 05 1213 117.249 -33.699  13.0 2.92 MW ML2MW
2014 11 05 2201 117.075 -33.705   5.0 2.99 MW ML2MW
2014 11 06 0058 117.629 -30.652   5.7 2.76 MW ML2MW
2014 11 08 2204 117.766 -30.416   0.0 2.76 MW ML2MW
2014 12 03 0246 117.668 -30.617   6.0 3.07 MW ML2MW
2015 06 08 0726 117.669 -30.303  14.0 2.85 MW ML2MW
2015 09 11 0802 117.071 -30.719  17.0 2.92 MW ML2MW
2015 11 01 2333 117.846 -30.875  12.0 3.06 MW ML2MW
2015 12 06 2212 118.086 -33.508  10.0 2.98 MW ML2MW
2015 12 31 0736 117.552 -30.643  10.0 2.85 MW ML2MW
2016 03 02 0436 117.714 -33.480  15.0 2.87 MW ML2MW
2016 06 13 1512 118.454 -30.708  10.0 3.08 MW ML2MW
2016 06 25 1946 117.613 -31.482   0.0 2.97 MW ML2MW
2016 07 15 1533 117.087 -30.859   1.7 2.85 MW ML2MW
2016 11 15 2110 118.404 -30.690  10.0 3.07 MW ML2MW
2016 12 30 0838 117.799 -30.432  10.0 2.69 MW ML2MW
2017 01 06 0820 118.218 -30.669  10.0 2.93 MW ML2MW
2017 04 10 0440 117.796 -30.429  10.0 2.92 MW ML2MW
2017 07 28 1021 117.717 -32.065  10.0 2.93 MW ML2MW
2017 08 22 0000 118.337 -30.885  10.0 2.63 MW ML2MW
2017 08 23 1842 117.715 -30.499  10.0 2.64 MW ML2MW
2017 09 13 1814 117.313 -34.236  10.0 2.85 MW ML2MW
2017 09 14 1904 117.481 -31.219  10.0 2.35 MW ML2MW
2017 09 23 1941 117.717 -32.069  10.0 2.67 MW ML2MW
2017 09 29 1914 117.919 -30.936  10.0 2.70 MW ML2MW
2017 09 30 0015 117.727 -32.045  10.0 2.91 MW ML2MW
2017 10 06 0753 117.191 -30.517  10.0 2.58 MW ML2MW
2017 10 12 2025 117.733 -32.101  10.0 2.56 MW ML2MW
2017 10 16 0002 117.747 -30.429  10.0 2.65 MW ML2MW
2017 10 23 1918 117.244 -30.282  10.0 2.50 MW ML2MW
2017 10 27 0003 117.954 -30.782  10.0 2.72 MW ML2MW
2017 10 28 1347 118.270 -31.232  10.0 2.94 MW ML2MW
2017 10 28 1932 117.719 -30.461  10.0 2.93 MW ML2MW
2017 10 30 2030 117.781 -30.990  10.0 2.74 MW ML2MW
2017 11 04 0741 116.650 -30.186  10.0 2.62 MW ML2MW
2017 11 06 0137 118.371 -31.247  10.0 2.72 MW ML2MW
2017 11 07 1749 118.351 -31.247  10.0 2.74 MW ML2MW
2017 11 13 0256 117.650 -33.469  10.0 2.62 MW ML2MW
2017 11 13 0900 118.253 -31.665  10.0 2.76 MW ML2MW
2017 11 13 1949 117.855 -33.815  10.0 2.85 MW ML2MW
2017 11 17 2037 118.450 -34.068  10.0 2.56 MW ML2MW
2017 11 18 0914 117.911 -30.830  10.0 2.70 MW ML2MW
2017 11 23 1849 116.979 -32.249  10.0 2.72 MW ML2MW
2017 11 26 0954 117.164 -30.160  10.0 2.43 MW ML2MW
2017 11 27 1039 116.693 -32.565  10.0 2.94 MW ML2MW
2017 11 30 1636 118.405 -33.990  10.0 2.65 MW ML2MW
2017 12 02 1626 116.249 -33.353  10.0 2.97 MW ML2MW
2017 12 06 1432 118.503 -33.175  10.0 2.74 MW ML2MW
2017 12 08 0258 117.765 -30.430  10.0 2.46 MW ML2MW
2017 12 08 0303 117.701 -30.537  10.0 2.71 MW ML2MW
2017 12 08 1411 117.760 -30.958  10.0 2.50 MW ML2MW
2017 12 15 0604 117.503 -32.751  10.0 2.91 MW ML2MW
2017 12 21 1547 118.344 -33.997  10.0 2.64 MW ML2MW
2017 12 25 0955 117.609 -31.105  10.0 2.54 MW ML2MW
2017 12 25 1128 117.991 -30.774  10.0 2.47 MW ML2MW
2017 12 26 0118 117.255 -30.441  10.0 2.53 MW ML2MW
2017 12 31 0043 117.528 -31.230  10.0 2.59 MW ML2MW
2017 12 31 1754 117.551 -31.217  10.0 2.59 MW ML2MW
2018 01 06 1516 119.053 -30.842  10.0 2.71 MW ML2MW
2018 01 08 1205 118.312 -31.338  10.0 2.80 MW ML2MW
2018 01 09 1930 117.260 -30.465  10.0 2.81 MW ML2MW
2018 01 13 2107 116.945 -31.026  10.0 2.59 MW ML2MW
2018 01 16 1349 117.539 -31.163  10.0 2.55 MW ML2MW
2018 02 02 0823 118.289 -33.597  10.0 2.82 MW ML2MW
2018 02 14 1825 117.551 -32.786  10.0 2.73 MW ML2MW
2018 02 19 1205 117.802 -32.099  10.0 2.98 MW ML2MW
2018 02 27 0250 117.175 -32.147  10.0 2.65 MW ML2MW
2018 03 09 0139 117.403 -30.088  10.0 2.45 MW ML2MW
2018 03 10 1237 116.746 -30.174  10.0 2.79 MW ML2MW
2018 03 11 0140 117.854 -34.010  10.0 2.92 MW ML2MW
2018 03 16 0405 116.765 -33.829  10.0 2.81 MW ML2MW
2018 03 25 1059 117.985 -32.656  10.0 2.84 MW ML2MW
2018 03 29 1505 116.263 -33.332  10.0 2.55 MW ML2MW
2018 04 16 1649 117.128 -32.146  10.0 2.42 MW ML2MW
2018 04 21 0242 117.402 -30.091  10.0 2.71 MW ML2MW
2018 04 21 0814 117.369 -30.106  10.0 2.72 MW ML2MW
2018 04 23 1622 118.804 -31.043  10.0 2.63 MW ML2MW
2018 04 24 1540 117.971 -34.008  10.0 2.59 MW ML2MW
2018 04 26 0203 117.781 -30.438  10.0 2.93 MW ML2MW
2018 05 02 1846 118.267 -31.240  10.0 2.82 MW ML2MW
2018 05 05 2306 117.217 -30.447  10.0 2.55 MW ML2MW
2018 05 06 2117 116.567 -30.684  10.0 2.71 MW ML2MW
2018 05 11 0843 117.275 -30.093  10.0 2.56 MW ML2MW
2018 05 16 1246 117.075 -30.527  10.0 2.47 MW ML2MW
2018 05 28 1254 117.313 -30.149  10.0 2.50 MW ML2MW
2018 06 04 1724 116.627 -30.186  10.0 2.84 MW ML2MW
2018 06 10 1901 118.316 -31.263  10.0 2.95 MW ML2MW
2018 06 21 0838 116.598 -30.195  10.0 2.47 MW ML2MW
2018 07 05 0732 117.407 -30.664  10.0 2.57 MW ML2MW
2018 07 14 1449 117.421 -30.666  10.0 2.43 MW ML2MW
2018 07 16 1845 117.200 -32.167  10.0 2.76 MW ML2MW
2018 07 27 0433 117.165 -30.965  10.0 2.52 MW ML2MW
2018 07 27 1025 116.366 -30.324  10.0 2.67 MW ML2MW
2018 07 27 1539 117.783 -30.539  10.0 2.85 MW ML2MW
2018 08 08 0535 117.195 -32.191  10.0 2.70 MW ML2MW
2018 08 13 0132 117.291 -32.437  10.0 2.82 MW ML2MW
2018 08 20 2253 117.078 -30.539  10.0 2.97 MW ML2MW
2018 08 20 2330 117.142 -30.528  10.0 2.94 MW ML2MW
2018 08 24 1745 117.638 -30.394  10.0 2.83 MW ML2MW
2018 08 30 1238 117.013 -34.439  10.0 2.74 MW ML2MW
2018 08 31 1459 117.549 -33.089  10.0 2.61 MW ML2MW
2018 09 07 0758 118.050 -33.036  10.0 2.94 MW ML2MW
2018 09 10 1012 116.394 -31.215  10.0 2.49 MW ML2MW
2018 09 11 0803 117.283 -30.355  10.0 2.80 MW ML2MW
2018 09 16 0707 116.925 -34.376   1.0 2.99 MW ML2MW
2018 10 05 1303 117.888 -33.990   0.0 2.62 MW ML2MW
2018 10 06 1705 117.313 -32.491   0.0 2.53 MW ML2MW
2018 10 09 1925 116.608 -33.833   0.6 2.46 MW ML2MW
2018 11 02 1307 117.231 -31.217  10.0 2.70 MW ML2MW
2018 11 04 1348 118.544 -33.962  10.0 2.73 MW ML2MW
2018 11 04 2030 118.078 -30.795  10.0 2.93 MW ML2MW
2018 11 07 0926 117.795 -30.333  32.3 2.84 MW ML2MW
2018 11 26 1607 116.967 -32.216   3.4 2.50 MW ML2MW
2018 11 27 1618 117.882 -30.767   0.0 2.58 MW ML2MW
2018 12 03 0236 117.183 -32.132  10.0 2.36 MW ML2MW
2018 12 04 1220 116.345 -31.788  12.9 2.71 MW ML2MW
2018 12 06 1414 117.124 -31.198  10.0 2.28 MW ML2MW
2018 12 14 1623 117.190 -30.473  10.0 2.59 MW ML2MW
2018 12 16 0504 117.654 -30.636  10.0 2.89 MW ML2MW
2018 12 18 0328 117.417 -30.672  10.0 2.63 MW ML2MW
2018 12 29 1939 117.356 -32.166   0.1 2.48 MW ML2MW
2019 01 09 1949 118.241 -31.398  10.0 2.97 MW ML2MW
2019 01 11 1305 117.790 -30.532  10.0 3.00 MW ML2MW
2019 01 11 1603 117.685 -30.633  10.0 2.67 MW ML2MW
2019 01 15 1909 116.730 -32.979  10.0 2.72 MW ML2MW
2019 01 16 2116 117.181 -30.306  10.0 2.41 MW ML2MW
2019 01 22 2042 117.643 -33.894  10.0 2.48 MW ML2MW
2019 01 24 1203 117.686 -30.636   2.4 2.74 MW ML2MW
2019 01 25 1700 118.273 -30.710   0.0 2.80 MW ML2MW
2019 01 25 1701 118.179 -30.818  10.0 2.71 MW ML2MW
2019 01 28 0647 118.077 -33.893  10.0 2.64 MW ML2MW
2019 02 04 1505 117.736 -32.105   0.4 2.63 MW ML2MW
2019 02 11 1440 117.769 -30.540  10.0 2.69 MW ML2MW
2019 02 12 1551 116.352 -31.237  10.0 2.43 MW ML2MW
2019 02 22 1403 118.230 -33.869  10.0 2.57 MW ML2MW
2019 02 22 1543 118.139 -33.780  10.0 2.62 MW ML2MW
2019 02 26 1238 118.101 -33.737  10.0 2.72 MW ML2MW
2019 03 03 2206 118.109 -33.671  10.0 2.83 MW ML2MW
2019 03 06 0659 118.548 -33.920  10.0 3.09 MW ML2MW
2019 03 06 1900 118.246 -33.424  10.0 2.95 MW ML2MW
2019 03 07 1329 117.732 -30.651  10.0 2.48 MW ML2MW
2019 03 07 1421 117.838 -30.640  10.0 2.83 MW ML2MW
2019 03 14 0516 116.265 -31.185   0.0 2.37 MW ML2MW
2019 03 26 0914 117.200 -32.144  10.0 2.36 MW ML2MW
2019 04 03 0533 116.649 -30.456   4.4 2.71 MW ML2MW
2019 04 12 0007 117.772 -30.536   0.0 2.80 MW ML2MW
2019 04 13 1618 118.172 -33.943  10.6 2.61 MW ML2MW
2019 04 27 1726 117.705 -30.879  10.0 2.31 MW ML2MW
2019 04 29 1749 116.841 -30.269  10.0 2.50 MW ML2MW
2019 05 13 2130 116.551 -30.216   0.0 2.50 MW ML2MW
2019 05 16 0527 116.926 -33.527  10.0 2.75 MW ML2MW
2019 05 22 0545 117.732 -30.419  10.0 3.05 MW ML2MW
2019 05 22 1424 117.748 -30.406  10.0 3.02 MW ML2MW
2019 05 26 1731 117.276 -32.017  10.0 2.47 MW ML2MW
2019 05 30 0901 116.745 -30.303  10.0 2.55 MW ML2MW
2019 06 02 0032 117.716 -31.384  10.0 2.21 MW ML2MW
2019 06 02 1551 117.431 -34.407  10.0 2.42 MW ML2MW
2019 06 03 2059 118.713 -33.202  10.0 2.60 MW ML2MW
2019 06 08 0904 117.272 -31.181  10.0 2.96 MW ML2MW
2019 06 11 0528 117.731 -30.407  10.0 3.10 MW ML2MW
2019 06 12 1937 117.207 -32.137  10.0 2.59 MW ML2MW
2019 06 19 0037 117.296 -31.156  10.0 2.41 MW ML2MW
2019 06 19 1226 117.600 -31.164  10.0 2.46 MW ML2MW
2019 06 20 1024 117.348 -32.530  10.0 2.35 MW ML2MW
2019 06 21 1200 117.884 -33.604  10.0 2.73 MW ML2MW
2019 06 22 1225 117.803 -34.027  10.0 2.74 MW ML2MW
2019 06 25 0258 116.548 -30.241  10.0 2.83 MW ML2MW
2019 06 26 0039 116.289 -30.907   0.0 2.63 MW ML2MW
2019 06 29 1313 117.620 -30.515  10.0 2.63 MW ML2MW
2019 06 30 0523 116.833 -32.656  10.0 2.55 MW ML2MW
2019 07 01 1512 117.111 -30.595  10.0 2.70 MW ML2MW
2019 07 07 0647 117.203 -32.141  10.0 2.51 MW ML2MW
2019 07 07 1455 117.415 -30.569  10.0 2.81 MW ML2MW
2019 07 08 0816 117.737 -30.434  10.0 2.96 MW ML2MW
2019 07 11 0254 116.500 -30.257  10.0 2.36 MW ML2MW
2019 07 23 1353 117.728 -30.883  10.0 2.87 MW ML2MW
2019 08 03 1841 118.274 -33.879  10.0 2.65 MW ML2MW
2019 08 10 1456 117.501 -30.536  10.5 2.60 MW ML2MW
2019 08 30 0856 116.924 -30.537  10.0 2.50 MW ML2MW
2019 09 03 0721 117.543 -31.142  10.0 2.63 MW ML2MW
2019 09 05 1728 118.294 -33.556  10.0 3.04 MW ML2MW
2019 09 06 0734 117.926 -33.687  10.0 2.80 MW ML2MW
2019 09 15 1505 117.776 -32.752  10.0 2.62 MW ML2MW
2019 09 15 2323 117.459 -30.348  10.0 2.69 MW ML2MW
2019 09 16 1639 117.294 -32.528  10.0 2.59 MW ML2MW
2019 09 17 1659 117.564 -30.416  10.0 2.65 MW ML2MW
2019 09 19 0948 117.777 -31.615   5.2 2.55 MW ML2MW
2019 09 26 1152 117.171 -30.564  10.0 3.07 MW ML2MW
2019 10 01 1955 118.069 -33.318  10.0 2.78 MW ML2MW
2019 10 11 1655 117.691 -33.492  10.0 2.49 MW ML2MW
2019 11 02 1147 117.776 -30.250  10.0 2.76 MW ML2MW
2019 11 08 2344 117.089 -30.787  10.0 2.61 MW ML2MW
2019 11 27 1401 117.260 -30.371  10.0 2.81 MW ML2MW
2019 12 04 1713 118.010 -32.601  10.0 2.62 MW ML2MW
2019 12 10 0726 116.331 -30.688  10.0 2.53 MW ML2MW
2019 12 10 2025 117.087 -33.275  10.0 2.60 MW ML2MW
2019 12 12 0321 116.401 -31.218  10.0 2.54 MW ML2MW
2019 12 13 1416 117.628 -31.115  10.0 3.03 MW ML2MW
2019 12 15 0447 117.092 -30.587  10.0 2.56 MW ML2MW
2019 12 19 1524 116.933 -33.512  10.0 2.63 MW ML2MW
2019 12 23 1709 116.301 -32.101  10.0 2.52 MW ML2MW
2019 12 29 1936 117.771 -34.006  10.0 2.74 MW ML2MW
2019 12 30 1214 117.466 -31.258  10.0 2.67 MW ML2MW
2019 12 30 1552 117.581 -31.116  10.0 2.73 MW ML2MW
2020 01 08 1338 117.647 -30.509  10.0 2.72 MW ML2MW
2020 01 13 1547 117.876 -34.143  10.0 2.74 MW ML2MW
2020 01 16 1142 117.617 -31.075  10.0 2.55 MW ML2MW
2020 01 19 0702 118.108 -33.063  10.0 2.49 MW ML2MW
2020 01 20 1519 118.460 -33.509   7.1 2.72 MW ML2MW
2020 01 24 0228 117.185 -30.591  10.0 2.88 MW ML2MW
2020 02 07 0607 117.552 -31.194  10.0 2.60 MW ML2MW
2020 02 07 1259 117.000 -30.553  10.0 2.56 MW ML2MW
2020 02 13 1913 116.980 -30.590  10.0 2.71 MW ML2MW
2020 02 22 1543 117.896 -30.870  10.0 2.58 MW ML2MW
2020 02 24 2017 117.820 -33.384  10.0 2.79 MW ML2MW
2020 02 28 1029 117.303 -30.912  10.0 3.06 MW ML2MW
2020 03 06 1952 117.919 -30.843  10.0 2.72 MW ML2MW
2020 03 12 1310 117.354 -32.535  10.0 2.63 MW ML2MW
2020 03 16 1419 116.983 -30.564  10.0 2.75 MW ML2MW
2020 03 20 1315 118.119 -30.789  10.0 2.65 MW ML2MW
2020 03 31 1006 117.724 -33.370  10.0 2.50 MW ML2MW
2020 04 01 2256 117.009 -30.563  10.0 2.64 MW ML2MW
2020 04 06 0123 117.704 -33.377  10.0 2.65 MW ML2MW
2020 04 11 0503 117.801 -30.930  10.0 2.58 MW ML2MW
2020 04 12 0041 118.182 -33.873  10.0 2.76 MW ML2MW
2020 04 12 0255 117.935 -30.826  10.0 2.65 MW ML2MW
2020 04 12 1909 118.708 -33.372  10.0 2.75 MW ML2MW
2020 04 23 1104 117.909 -30.837  10.0 2.74 MW ML2MW
2020 04 23 1105 118.081 -30.789  10.0 2.50 MW ML2MW
2020 04 24 1740 116.533 -30.250  10.0 2.61 MW ML2MW
2020 04 28 0619 117.695 -30.379  10.0 2.50 MW ML2MW
2020 05 05 1822 117.784 -30.266  10.0 2.93 MW ML2MW
2020 05 09 1113 117.093 -30.874  10.0 2.77 MW ML2MW
2020 05 29 2248 118.031 -30.787  10.0 2.89 MW ML2MW
2020 05 29 2341 117.247 -32.435  10.0 2.63 MW ML2MW
2020 06 03 2051 117.222 -31.986  10.0 2.66 MW ML2MW
2020 06 13 2322 117.883 -31.824  10.0 2.93 MW ML2MW
2020 06 17 0617 116.630 -30.786  10.0 2.74 MW ML2MW
2020 06 29 2136 118.227 -33.819  10.0 2.93 MW ML2MW
2020 07 03 0406 116.625 -30.664  10.0 2.53 MW ML2MW
2020 07 06 1240 118.206 -31.333  10.0 2.78 MW ML2MW
2020 07 11 1232 117.737 -33.441  10.0 2.83 MW ML2MW
2020 07 13 1113 116.615 -30.667  10.0 2.89 MW ML2MW
2020 07 18 1030 117.738 -30.378  10.0 2.59 MW ML2MW
2020 07 23 0922 117.678 -33.445   5.0 2.67 MW ML2MW
2020 07 31 2320 117.677 -30.367   1.9 2.66 MW ML2MW
2020 08 02 0918 117.852 -31.852   0.6 2.60 MW ML2MW
2020 08 11 1234 117.186 -31.984   0.6 2.76 MW ML2MW
2020 08 14 1400 118.347 -33.820   5.0 2.74 MW ML2MW
2020 08 16 1544 117.185 -31.942   1.6 2.76 MW ML2MW
2020 08 17 1401 117.195 -31.972   5.0 2.76 MW ML2MW
2020 08 18 0835 118.306 -33.868   5.0 2.72 MW ML2MW
2020 08 18 2138 117.325 -31.728   0.6 2.63 MW ML2MW
2020 08 24 2029 118.688 -33.096   8.2 2.76 MW ML2MW
2020 09 09 0024 116.985 -32.231   5.0 2.68 MW ML2MW
2020 09 20 1607 118.019 -30.773   0.7 2.65 MW ML2MW
2020 09 22 1916 116.819 -33.497   5.0 2.58 MW ML2MW
2020 09 23 0109 116.317 -31.137   5.0 2.60 MW ML2MW
2020 10 08 0400 118.003 -30.602   1.3 2.52 MW ML2MW
2020 10 24 0959 118.368 -33.628   5.7 2.68 MW ML2MW
2020 10 31 0302 118.356 -33.620   2.8 2.78 MW ML2MW
2020 11 12 0631 117.212 -31.978   5.0 2.63 MW ML2MW
2020 11 14 2043 118.040 -33.793   5.0 2.94 MW ML2MW
2020 11 16 2034 117.241 -30.257   3.9 2.93 MW ML2MW
2020 11 19 2043 117.391 -32.176   5.0 2.67 MW ML2MW
2020 11 21 1545 117.221 -31.971   5.0 2.51 MW ML2MW
2020 12 04 2345 117.333 -32.001   8.0 3.07 MW ML2MW
2020 12 09 1325 116.775 -30.506   5.0 2.60 MW ML2MW
2020 12 15 0810 117.398 -31.228  10.0 2.73 MW ML2MW
2020 12 28 1740 117.340 -31.990   8.1 2.78 MW ML2MW
2020 12 30 1221 117.843 -31.859   0.8 2.58 MW ML2MW
2021 01 12 0954 117.264 -31.973   5.0 2.59 MW ML2MW
2021 01 15 0259 117.331 -32.492   5.0 2.74 MW ML2MW
2021 01 15 1028 117.186 -31.976   0.7 2.57 MW ML2MW
2021 01 18 1518 117.242 -30.474   7.3 2.78 MW ML2MW
2021 01 27 1335 117.450 -32.308   5.0 2.73 MW ML2MW
2021 02 05 2237 117.070 -30.928   2.0 2.51 MW ML2MW
2021 02 07 1824 117.020 -32.272   8.7 2.76 MW ML2MW
2021 02 19 0456 117.265 -32.422   2.0 2.77 MW ML2MW
2021 02 19 1011 117.834 -31.602   3.9 2.54 MW ML2MW
2021 02 25 0241 117.156 -32.127   1.8 2.66 MW ML2MW
2021 03 06 0351 117.605 -30.627   8.4 3.03 MW ML2MW
2021 03 11 0439 117.504 -31.177   9.3 3.07 MW ML2MW
2021 03 13 2229 117.232 -31.978   5.0 2.78 MW ML2MW
2021 03 18 0049 116.989 -31.634   1.6 2.95 MW ML2MW
2021 03 19 1113 117.239 -31.980   5.0 2.53 MW ML2MW
2021 03 26 1100 117.826 -33.578   1.6 2.51 MW ML2MW
2021 04 18 1100 117.258 -30.960   6.7 2.96 MW ML2MW
2021 05 18 1920 117.502 -31.173  10.0 2.79 MW ML2MW
2021 05 26 2107 117.001 -31.639   5.0 2.61 MW ML2MW
2021 05 27 0032 116.966 -31.645   5.0 2.59 MW ML2MW
2021 05 29 1608 117.193 -31.995   5.1 2.68 MW ML2MW
2021 06 08 1149 117.743 -30.404   1.3 2.52 MW ML2MW
2021 07 04 0041 117.228 -31.399   2.0 3.10 MW ML2MW
2021 07 08 1018 118.457 -33.113   1.8 2.62 MW ML2MW
2021 07 18 2134 118.244 -33.873   5.0 2.94 MW ML2MW
2021 07 19 1415 117.583 -31.881   1.6 2.50 MW ML2MW
2021 07 24 0905 118.299 -32.139   6.4 2.88 MW ML2MW
2021 08 02 1151 117.126 -31.681   6.6 2.62 MW ML2MW
2021 08 06 1909 117.239 -32.001   5.6 2.64 MW ML2MW
2021 08 09 0930 117.222 -31.401   1.6 2.85 MW ML2MW
2021 08 10 1445 117.659 -31.453   2.2 2.74 MW ML2MW
2021 08 14 1634 116.581 -29.876   5.0 2.96 MW ML2MW
2021 08 26 1758 117.033 -33.640   0.8 2.97 MW ML2MW
2021 08 31 1540 117.650 -31.428   0.7 2.65 MW ML2MW
2021 09 16 2137 117.233 -31.961   5.0 2.99 MW ML2MW
2021 10 13 1856 117.722 -30.287   8.9 2.55 MW ML2MW
2021 10 17 1601 118.163 -33.203   5.0 2.43 MW ML2MW
2021 10 20 1218 118.525 -30.563   1.4 2.95 MW ML2MW
2021 10 21 0331 117.183 -31.951   0.7 2.67 MW ML2MW
2021 10 31 1520 118.429 -33.592   0.9 2.61 MW ML2MW
2021 10 31 1655 118.655 -33.202   5.0 2.51 MW ML2MW
2021 11 03 0459 116.856 -33.497   1.9 2.57 MW ML2MW
2021 11 07 1703 116.669 -29.819   5.5 2.55 MW ML2MW
2021 11 14 2315 117.754 -30.404   5.8 3.10 MW ML2MW
2021 12 08 1313 117.685 -30.313   5.0 2.97 MW ML2MW
2021 12 10 1758 117.631 -33.423   6.5 3.06 MW ML2MW
2021 12 11 1808 117.362 -32.173   0.6 2.79 MW ML2MW
2021 12 27 0326 117.984 -33.852   5.0 2.61 MW ML2MW
2022 01 07 1650 117.224 -30.976   1.7 2.60 MW ML2MW
2022 01 12 0134 117.518 -33.508   5.0 2.73 MW ML2MW
2022 01 19 1322 117.033 -33.205   7.6 2.73 MW ML2MW
2022 01 19 2001 116.936 -33.630   5.0 2.68 MW ML2MW
2022 02 01 1945 117.628 -31.273   1.8 2.84 MW ML2MW
2022 02 03 1956 118.551 -33.272   2.4 2.77 MW ML2MW
2022 02 07 2032 117.193 -31.973   5.0 2.85 MW ML2MW
2022 02 10 2121 117.266 -30.945   7.2 2.90 MW ML2MW
2022 02 19 2112 118.219 -33.327   3.1 2.80 MW ML2MW
2022 03 02 1514 117.397 -32.231   5.0 2.82 MW ML2MW
2022 03 02 2154 117.730 -30.418   0.7 3.05 MW ML2MW
2022 04 07 0622 117.173 -33.215   4.9 3.06 MW ML2MW
2022 05 18 0215 117.732 -30.407   5.3 3.08 MW ML2MW
2022 07 28 2349 117.679 -33.082   3.0 3.03 MW ML2MW
2022 08 04 2130 118.592 -33.269   5.0 3.03 MW ML2MW
2022 08 21 1253 117.250 -30.945   4.1 3.07 MW ML2MW
2022 10 05 0730 118.571 -33.510   1.3 2.98 MW ML2MW
2022 10 28 2203 117.017 -33.341   5.0 3.01 MW ML2MW
2022 10 30 0040 117.017 -33.352   5.0 2.99 MW ML2MW
