1885 01 05 1220 114.000 -29.000   0.0 5.95 MW ML2MW
1959 11 27 0625 116.200 -25.800  18.0 4.37 MW ML2MW
1960 03 02 0421 116.200 -25.700  18.0 3.38 MW ML2MW
1963 02 26 1410 121.200 -22.200  18.0 4.44 MW ML2MW
1963 04 15 0043 120.300 -21.800  18.0 4.17 MW ML2MW
1963 07 20 0421 114.900 -26.300  18.0 3.09 MW ML2MW
1963 11 17 0755 116.800 -25.000  18.0 3.01 MW ML2MW
1966 11 13 0341 111.900 -24.200  33.0 4.39 MW mb2MW
1967 10 12 1031 123.900 -17.900  18.0 4.14 MW mb2MW
1968 07 04 0648 117.100 -20.800  18.0 4.39 MW mb2MW
1966 05 31 1638 112.700 -28.300  18.0 2.97 MW ML2MW
1968 09 10 1246 117.400 -16.800  18.0 4.11 MW ML2MW
1967 12 17 0330 111.300 -25.300  18.0 3.75 MW ML2MW
1967 12 27 0610 112.800 -29.100  18.0 3.49 MW ML2MW
1969 06 23 1414 123.100 -17.600   7.0 4.47 MW mb2MW
1969 09 14 2258 123.100 -17.900   7.0 4.39 MW mb2MW
1968 02 02 1009 114.700 -23.300  18.0 3.43 MW ML2MW
1969 03 28 0333 116.200 -25.400   7.0 3.12 MW ML2MW
1969 06 19 2101 114.700 -23.300   7.0 3.88 MW mb2MW
1969 08 08 1209 111.100 -25.500   7.0 3.97 MW mb2MW
1969 08 11 0855 115.700 -24.900   7.0 3.72 MW mb2MW
1969 08 17 1755 116.000 -25.100   7.0 3.88 MW mb2MW
1970 01 12 2356 115.030 -23.030   0.0 2.91 MW ML2MW
1971 03 05 0359 119.200 -21.800  10.0 3.55 MW mb2MW
1971 03 21 0005 119.500 -21.100  10.0 3.06 MW ML2MW
1971 04 15 1748 120.500 -21.800   0.0 3.88 MW mb2MW
1971 02 19 0418 119.200 -21.000  10.0 2.79 MW ML2MW
1971 05 12 0916 115.200 -22.900   0.0 3.55 MW mb2MW
1971 05 19 0422 115.500 -22.900   0.0 3.80 MW mb2MW
1971 05 28 0416 114.100 -22.100   0.0 3.80 MW mb2MW
1971 04 03 0400 119.600 -22.000   0.0 2.90 MW ML2MW
1971 04 03 0635 119.000 -22.100   0.0 2.89 MW ML2MW
1972 12 07 0744 120.600 -18.100   0.0 3.32 MW ML2MW
1973 06 10 0807 119.700 -21.200  10.0 3.38 MW mb2MW
1973 09 27 2002 116.000 -22.200  10.0 3.22 MW ML2MW
1973 12 04 0930 116.300 -21.900  10.0 3.63 MW mb2MW
1974 04 16 0942 116.500 -22.000   0.0 3.13 MW mb2MW
1974 08 16 0437 114.100 -21.000   0.0 3.55 MW mb2MW
1975 02 08 1133 116.100 -24.900   0.0 3.97 MW mb2MW
1976 10 16 1811 112.000 -27.000   0.0 3.26 MW ML2MW
1977 04 23 2043 114.471 -21.710   0.0 3.23 MW ML2MW
1977 07 20 1219 120.200 -17.300   0.0 3.45 MW ML2MW
1977 11 07 1905 119.250 -18.000   0.0 3.26 MW ML2MW
1977 11 12 1853 113.200 -27.800   0.0 3.21 MW ML2MW
1978 01 17 2215 115.520 -22.720  30.0 3.13 MW ML2MW
1978 03 08 1757 120.470 -22.668  23.0 3.53 MW ML2MW
1977 08 15 1934 112.978 -27.453   0.0 2.94 MW ML2MW
1978 07 10 1648 120.140 -21.250  19.0 3.14 MW ML2MW
1978 08 31 1811 118.670 -22.030   0.0 3.00 MW ML2MW
1978 12 15 1410 111.570 -26.140  10.0 3.70 MW ML2MW
1979 02 07 2248 120.850 -21.420   0.0 3.78 MW ML2MW
1979 05 26 0418 117.340 -18.660  37.0 3.54 MW ML2MW
1978 03 13 1457 115.800 -24.320   0.0 2.85 MW ML2MW
1978 03 16 1348 112.510 -27.560   0.0 2.51 MW ML2MW
1979 06 10 2014 115.150 -24.720  16.0 3.18 MW ML2MW
1978 04 05 2032 115.120 -28.100   0.0 2.72 MW ML2MW
1979 06 17 1548 120.270 -15.330  37.0 3.03 MW ML2MW
1979 08 12 1041 114.610 -19.940  37.0 3.70 MW ML2MW
1978 05 03 0522 115.380 -27.470   0.0 2.52 MW ML2MW
1978 07 05 2257 119.220 -17.850   0.0 2.92 MW ML2MW
1979 10 31 1407 114.430 -20.630  37.0 3.71 MW ML2MW
1980 01 02 1749 122.090 -17.810  37.0 3.16 MW ML2MW
1978 08 24 1236 116.110 -20.380   0.0 2.55 MW ML2MW
1980 02 09 1850 122.740 -19.780   8.0 3.39 MW ML2MW
1978 09 02 0849 123.280 -18.450  37.0 2.98 MW ML2MW
1980 04 01 1522 123.790 -17.170   0.0 3.07 MW ML2MW
1979 01 17 1731 113.850 -22.950  70.0 2.87 MW ML2MW
1980 04 09 0542 118.790 -17.220   0.0 3.32 MW ML2MW
1980 04 19 0744 113.690 -19.370   0.0 3.98 MW ML2MW
1980 06 22 1620 119.250 -18.500   0.0 3.32 MW ML2MW
1980 08 01 2019 119.360 -17.030  37.0 3.41 MW ML2MW
1980 08 17 1851 115.580 -27.460  37.0 3.04 MW ML2MW
1979 06 27 1545 116.600 -19.940  10.0 2.91 MW ML2MW
1980 11 02 1827 113.320 -23.860  10.0 3.11 MW ML2MW
1979 06 28 0648 114.400 -23.510  10.0 2.85 MW ML2MW
1980 11 24 1954 123.868 -15.853  33.0 3.34 MW ML2MW
1980 12 23 1425 114.550 -21.200  10.0 3.07 MW ML2MW
1979 07 17 1727 113.790 -25.600  10.0 2.93 MW ML2MW
1981 01 12 2023 112.590 -21.780  10.0 3.58 MW ML2MW
1981 02 23 0711 116.610 -25.430   0.0 3.12 MW ML2MW
1981 03 15 1829 123.412 -18.590  37.0 3.27 MW ML2MW
1981 03 17 2138 123.230 -18.660  37.0 3.02 MW ML2MW
1979 12 14 2213 116.420 -19.970   0.0 3.00 MW ML2MW
1981 04 03 2000 123.150 -18.120   0.0 3.60 MW ML2MW
1981 04 21 1505 114.080 -22.410  10.0 3.06 MW ML2MW
1981 05 05 0552 121.840 -18.940  37.0 3.60 MW ML2MW
1981 06 02 1213 121.630 -18.590  37.0 3.32 MW ML2MW
1981 06 27 2333 122.654 -17.784  37.0 3.20 MW ML2MW
1981 06 29 0639 111.217 -26.356  37.0 3.60 MW ML2MW
1980 05 01 1231 118.310 -18.360  37.0 2.75 MW ML2MW
1980 05 22 0650 116.500 -25.520  10.0 2.91 MW ML2MW
1981 07 29 0452 113.880 -21.670  10.0 3.33 MW ML2MW
1981 08 15 1923 121.057 -15.986  33.0 3.34 MW ML2MW
1981 09 26 0127 112.060 -23.130  10.0 3.74 MW ML2MW
1980 07 04 0404 119.530 -17.770  37.0 3.00 MW ML2MW
1981 10 05 2101 114.370 -24.310  10.0 3.11 MW ML2MW
1981 10 11 0202 116.150 -25.290  10.0 3.29 MW ML2MW
1981 11 09 1600 116.420 -24.860  10.0 3.20 MW ML2MW
1980 08 08 0227 112.830 -27.220  19.0 2.81 MW ML2MW
1981 12 06 0140 114.169 -22.902   0.0 3.76 MW ML2MW
1981 12 14 1159 122.651 -13.902  33.0 3.80 MW mb2MW
1982 01 09 0608 120.409 -21.278  28.0 3.34 MW ML2MW
1982 02 19 0936 118.430 -18.840  10.0 3.16 MW ML2MW
1982 02 19 2026 113.900 -22.290  10.0 3.50 MW ML2MW
1982 02 26 1524 122.490 -17.670  37.0 3.20 MW ML2MW
1982 02 27 1843 121.180 -18.860  37.0 3.08 MW ML2MW
1981 01 21 0325 120.230 -20.690   0.0 2.77 MW ML2MW
1982 03 27 1543 114.000 -22.470  10.0 3.87 MW ML2MW
1981 02 07 0311 115.430 -18.830  37.0 2.76 MW ML2MW
1982 05 26 1755 120.830 -22.240  10.0 3.39 MW ML2MW
1981 02 21 0619 114.550 -29.420   0.0 2.92 MW ML2MW
1982 06 16 1513 118.470 -18.050  37.0 3.94 MW ML2MW
1981 03 02 1450 120.330 -21.190   0.0 2.56 MW ML2MW
1982 07 11 0222 114.470 -22.930  10.0 3.25 MW ML2MW
1981 03 26 1857 114.370 -21.150  10.0 2.82 MW ML2MW
1982 12 16 1431 121.150 -18.320  37.0 3.17 MW ML2MW
1983 01 13 0247 120.100 -16.400  37.0 3.74 MW ML2MW
1983 03 13 1658 118.760 -18.000  37.0 3.13 MW ML2MW
1983 04 05 0450 116.350 -25.300  10.0 3.25 MW ML2MW
1981 06 07 1451 112.180 -24.330  10.0 2.88 MW ML2MW
1983 04 09 0519 114.380 -29.290  37.0 3.04 MW ML2MW
1983 04 21 2118 118.970 -18.090  37.0 3.73 MW ML2MW
1981 06 08 0820 114.080 -22.410  10.0 2.84 MW ML2MW
1983 04 24 0820 116.930 -19.110  25.0 3.00 MW ML2MW
1983 06 07 1018 114.470 -23.940  10.0 3.02 MW ML2MW
1983 06 29 1524 122.621 -18.972  10.0 3.07 MW ML2MW
1981 07 03 2129 112.970 -25.010  10.0 2.92 MW ML2MW
1983 07 15 1704 111.810 -25.070  10.0 3.34 MW ML2MW
1983 08 06 0227 112.520 -26.270  10.0 3.02 MW ML2MW
1983 08 31 0721 120.180 -20.560  10.0 3.20 MW ML2MW
1983 09 02 1822 113.030 -23.990  10.0 3.40 MW ML2MW
1983 10 03 0751 112.940 -25.010  10.0 3.14 MW ML2MW
1983 10 24 0053 114.920 -26.940  10.0 3.50 MW ML2MW
1981 11 04 2135 120.750 -18.500  37.0 2.97 MW ML2MW
1983 10 30 0109 123.740 -16.530  37.0 3.52 MW ML2MW
1983 11 11 1821 116.340 -19.560  37.0 3.17 MW ML2MW
1983 12 18 1510 120.309 -17.084  37.0 3.25 MW ML2MW
1984 01 08 1153 115.700 -24.670  10.0 3.13 MW ML2MW
1984 03 02 0501 122.420 -17.660  10.0 3.43 MW ML2MW
1984 04 11 1354 119.340 -15.480  10.0 3.46 MW ML2MW
1984 06 02 1536 113.380 -22.750  10.0 3.28 MW ML2MW
1982 02 26 1728 116.340 -20.080  26.0 2.79 MW ML2MW
1984 06 30 1245 116.494 -19.937  10.0 3.98 MW ML2MW
1984 08 08 1524 119.340 -19.610  10.0 3.07 MW ML2MW
1984 10 27 1846 114.300 -23.560  10.0 3.04 MW ML2MW
1982 03 17 2201 113.080 -19.380  10.0 2.52 MW ML2MW
1984 12 28 2153 114.590 -23.780  10.0 3.18 MW ML2MW
1982 03 28 2104 116.020 -25.570  10.0 2.91 MW ML2MW
1982 04 22 1444 120.190 -15.710  37.0 2.98 MW ML2MW
1982 04 30 1055 120.720 -22.230  10.0 2.85 MW ML2MW
1982 09 03 1500 113.790 -22.220  10.0 2.72 MW ML2MW
1982 12 13 1619 113.020 -27.560  10.0 2.66 MW ML2MW
1983 02 22 1941 113.040 -27.710  10.0 2.33 MW ML2MW
1983 03 21 0033 113.280 -28.670  10.0 2.67 MW ML2MW
1983 04 03 2247 117.160 -25.190  10.0 2.93 MW ML2MW
1983 04 24 0918 111.220 -26.680  37.0 2.60 MW ML2MW
1983 05 10 2216 117.970 -18.860  10.0 2.84 MW ML2MW
1983 06 14 1646 119.600 -18.140  37.0 2.66 MW ML2MW
1983 08 29 0733 121.210 -15.850  37.0 2.99 MW ML2MW
1983 10 28 1201 120.700 -20.590  10.0 2.94 MW ML2MW
1983 11 01 1046 118.340 -18.320  37.0 2.96 MW ML2MW
1983 11 16 1300 113.660 -25.550  10.0 2.40 MW ML2MW
1983 12 13 2310 114.110 -28.190  10.0 2.77 MW ML2MW
1983 12 17 0853 113.480 -27.090  10.0 2.53 MW ML2MW
1984 04 17 0326 113.940 -29.200  10.0 2.97 MW ML2MW
1984 05 17 2021 115.840 -27.780  30.0 2.88 MW ML2MW
1984 06 12 1957 112.420 -23.970  10.0 2.75 MW ML2MW
1984 07 08 2314 113.900 -25.840  10.0 2.48 MW ML2MW
1984 09 01 2255 113.320 -27.140  10.0 2.75 MW ML2MW
1984 09 13 1948 111.310 -26.460  10.0 2.72 MW ML2MW
1984 11 18 2119 122.890 -17.670  37.0 2.94 MW ML2MW
1984 11 21 0428 112.390 -21.390  33.0 2.95 MW ML2MW
1984 12 07 1600 123.250 -18.630  10.0 2.82 MW ML2MW
1985 01 14 1927 114.730 -22.180  10.0 2.72 MW ML2MW
1985 02 25 2040 117.420 -18.870  37.0 2.90 MW ML2MW
1985 03 20 0833 111.580 -26.950  10.0 2.80 MW ML2MW
1985 03 28 2240 112.960 -24.150  37.0 2.91 MW ML2MW
1985 04 01 0448 113.960 -24.500  10.0 2.90 MW ML2MW
1985 04 09 1152 119.860 -21.570  10.0 2.69 MW ML2MW
1985 04 28 1551 113.770 -22.050  10.0 2.67 MW ML2MW
1985 07 03 0905 115.310 -25.530  10.0 2.46 MW ML2MW
1985 11 10 1711 111.100 -26.470  10.0 2.61 MW ML2MW
1985 11 29 1932 114.360 -25.930  10.0 2.95 MW ML2MW
1985 12 10 1133 117.010 -25.320  10.0 2.65 MW ML2MW
1986 01 27 1717 123.000 -18.290   5.0 2.89 MW ML2MW
1986 01 28 1629 113.590 -25.750   5.0 2.89 MW ML2MW
1986 02 02 2256 115.930 -20.290   5.0 2.94 MW ML2MW
1986 03 14 1654 113.710 -29.020   5.0 2.99 MW ML2MW
1986 03 30 2121 113.830 -20.020   5.0 3.00 MW ML2MW
1986 04 13 1515 120.220 -21.860   5.0 2.99 MW ML2MW
1986 05 20 1718 121.290 -21.080   5.0 2.79 MW ML2MW
1986 05 22 2100 111.300 -24.920   5.0 2.73 MW ML2MW
1986 05 26 1034 123.550 -17.590   5.0 2.79 MW ML2MW
1986 07 28 2005 115.180 -23.710   5.0 2.74 MW ML2MW
1986 09 13 1323 121.200 -18.440   5.0 2.86 MW ML2MW
1986 09 13 1913 113.250 -22.680   5.0 2.97 MW ML2MW
1986 09 23 2041 119.820 -21.500  11.0 2.82 MW ML2MW
1986 09 29 1509 118.330 -16.920   5.0 2.66 MW ML2MW
1986 10 18 1306 119.750 -22.290   5.0 2.85 MW ML2MW
1986 10 26 0552 111.190 -26.670   5.0 2.65 MW ML2MW
1986 11 01 1854 116.410 -19.960   5.0 2.74 MW ML2MW
1986 11 07 0109 114.310 -22.230   5.0 2.86 MW ML2MW
1986 11 29 2233 114.000 -27.490   5.0 2.63 MW ML2MW
1986 12 06 2054 120.650 -21.360   5.0 2.71 MW ML2MW
1986 12 30 1452 111.370 -26.060   5.0 2.48 MW ML2MW
1986 12 30 1700 116.090 -20.650   5.0 2.98 MW ML2MW
1987 02 11 0706 119.600 -21.470   3.0 2.66 MW ML2MW
1987 03 29 1539 118.840 -18.900   5.0 2.90 MW ML2MW
1987 05 17 1542 122.590 -17.470   5.0 2.94 MW ML2MW
1987 09 23 0229 123.380 -17.650   5.0 2.77 MW ML2MW
1987 09 24 1553 120.240 -21.330   5.0 2.61 MW ML2MW
1987 12 12 1206 119.570 -16.940   5.0 2.83 MW ML2MW
1988 03 25 2105 116.150 -26.110   5.0 2.65 MW ML2MW
1988 04 05 1838 115.790 -20.730   5.0 2.70 MW ML2MW
1988 05 16 1816 120.190 -21.420   5.0 2.66 MW ML2MW
1988 10 25 1005 112.900 -19.940   5.0 2.95 MW ML2MW
1988 12 29 1140 117.890 -18.680   5.0 2.94 MW ML2MW
1989 01 05 0857 123.320 -15.900   5.0 2.75 MW ML2MW
1989 03 27 1225 111.730 -25.580   5.0 2.74 MW ML2MW
1989 04 04 0311 120.093 -21.490   5.0 2.59 MW ML2MW
1989 04 17 1556 121.412 -16.366   5.0 2.59 MW ML2MW
1989 04 30 1616 117.261 -20.518   5.0 2.57 MW ML2MW
1989 05 15 1917 112.020 -20.330   5.0 2.34 MW ML2MW
1989 05 25 2217 114.906 -18.289   5.0 2.51 MW ML2MW
1989 06 20 2119 116.881 -25.410   5.0 2.66 MW ML2MW
1989 07 04 1244 113.574 -20.224   5.0 2.99 MW ML2MW
1989 07 22 0418 116.435 -21.756   5.0 2.73 MW ML2MW
1989 08 06 0554 118.300 -18.469   5.0 2.53 MW ML2MW
1989 08 14 1550 119.863 -20.631   5.0 2.34 MW ML2MW
1989 08 28 2125 113.796 -22.543   0.0 2.78 MW ML2MW
1989 09 04 0952 112.980 -25.018   5.0 2.52 MW ML2MW
1989 09 12 1007 116.081 -25.617   5.0 2.90 MW ML2MW
1989 10 02 1607 111.168 -24.416   5.0 2.72 MW ML2MW
1989 10 08 0130 113.253 -27.350   5.0 2.47 MW ML2MW
1989 12 18 1510 111.554 -26.659   5.0 2.37 MW ML2MW
1989 12 27 1310 113.320 -26.944   5.0 2.44 MW ML2MW
1990 04 14 1213 124.574 -15.809   5.0 2.76 MW ML2MW
1990 05 09 0014 114.679 -21.615   5.0 2.90 MW ML2MW
1990 07 08 1100 121.453 -18.886  28.0 2.97 MW ML2MW
1990 10 17 1432 115.214 -25.059  31.0 2.90 MW ML2MW
1990 10 29 0452 116.823 -20.709  37.0 2.97 MW ML2MW
1990 11 11 1725 120.190 -20.480   3.0 2.83 MW ML2MW
1991 01 07 1459 121.778 -15.603   5.0 2.76 MW ML2MW
1991 02 08 1657 118.100 -18.748   5.0 2.90 MW ML2MW
1991 02 21 2052 116.843 -17.784   5.0 2.97 MW ML2MW
1991 02 24 1518 112.590 -26.652   5.0 2.76 MW ML2MW
1991 03 12 1040 114.573 -27.775   5.0 2.90 MW ML2MW
1991 04 19 0340 115.705 -17.998   5.0 2.76 MW ML2MW
1991 06 22 1951 115.576 -24.423   5.0 2.83 MW ML2MW
1991 06 23 1520 113.147 -27.431   5.0 2.90 MW ML2MW
1991 08 22 0916 123.763 -16.568   5.0 2.97 MW ML2MW
1991 10 04 1746 114.126 -27.916   5.0 2.90 MW ML2MW
1991 10 24 0457 116.137 -20.340   5.0 2.90 MW ML2MW
1991 10 31 0323 120.993 -20.282   5.0 2.83 MW ML2MW
1991 11 14 1843 118.930 -21.091   5.0 2.90 MW ML2MW
1991 11 15 0223 111.891 -21.598   5.0 2.83 MW ML2MW
1991 12 06 2117 113.029 -24.072   5.0 2.76 MW ML2MW
1992 01 12 0141 112.307 -26.725   5.0 2.83 MW ML2MW
1992 03 16 2044 114.272 -22.435   5.0 2.97 MW ML2MW
1992 03 31 1722 116.218 -25.524   5.0 2.97 MW ML2MW
1992 06 15 0202 116.650 -24.410   5.0 2.90 MW ML2MW
1992 07 01 0608 120.798 -21.203   5.0 2.83 MW ML2MW
1992 07 18 0753 121.169 -15.598   5.0 2.90 MW ML2MW
1992 08 03 0151 112.739 -23.467   5.0 2.83 MW ML2MW
1992 09 09 1347 122.813 -19.527   5.0 2.76 MW ML2MW
1992 09 19 0927 116.318 -19.933  37.0 2.83 MW ML2MW
1992 10 14 1311 118.998 -18.396   5.0 2.76 MW ML2MW
1992 10 21 2050 113.839 -19.809   5.0 2.83 MW ML2MW
1992 10 28 2349 119.669 -21.330   5.0 2.83 MW ML2MW
1992 11 18 1042 116.348 -20.270   5.0 2.83 MW ML2MW
1992 11 22 1543 119.374 -18.184   5.0 2.83 MW ML2MW
1992 12 12 0709 115.992 -25.378   5.0 2.97 MW ML2MW
1992 12 24 1428 118.151 -18.362   5.0 2.83 MW ML2MW
1993 01 24 1950 113.242 -19.900   5.0 2.90 MW ML2MW
1993 02 21 1823 113.596 -22.337   5.0 2.97 MW ML2MW
1993 03 03 0723 113.955 -22.859   5.0 2.90 MW ML2MW
1993 03 11 2236 119.203 -18.256   5.0 2.76 MW ML2MW
1993 03 17 2358 121.057 -15.961   5.0 2.90 MW ML2MW
1993 04 24 1606 119.643 -20.466   5.0 2.76 MW ML2MW
1993 04 27 1155 116.497 -24.343   5.0 2.97 MW ML2MW
1993 06 02 1718 116.334 -20.026  33.0 2.90 MW ML2MW
1993 07 20 1951 120.560 -15.498   5.0 2.97 MW ML2MW
1993 07 27 1118 116.620 -24.370   5.0 2.83 MW ML2MW
1993 09 24 0526 118.827 -18.296   5.0 2.90 MW ML2MW
1994 02 12 1715 120.560 -21.647   5.0 2.83 MW ML2MW
1994 04 04 0258 116.399 -20.057   5.0 2.83 MW ML2MW
1994 04 18 0509 113.742 -28.977   5.0 2.83 MW ML2MW
1994 05 02 1230 111.727 -26.118   5.0 2.97 MW ML2MW
1994 09 29 1127 118.389 -20.010   5.0 2.76 MW ML2MW
1994 10 08 1710 114.428 -22.604   5.0 2.97 MW ML2MW
1994 11 03 1338 111.634 -25.902   5.0 2.90 MW ML2MW
1994 12 23 1906 123.583 -17.742   5.0 2.76 MW ML2MW
1995 02 16 1227 122.109 -16.943   5.0 2.97 MW ML2MW
1995 03 29 1229 112.978 -28.902   5.0 2.90 MW ML2MW
1995 04 05 2355 115.762 -25.576   5.0 2.90 MW ML2MW
1995 09 11 1903 117.100 -25.476   5.0 2.90 MW ML2MW
1995 09 12 1718 123.552 -17.724   5.0 2.76 MW ML2MW
1995 10 20 0739 116.411 -24.977   5.0 2.97 MW ML2MW
1995 10 22 1650 113.650 -27.288   5.0 2.76 MW ML2MW
1995 12 26 1259 114.526 -22.756   5.0 2.90 MW ML2MW
1995 12 28 2219 120.804 -15.996  19.0 2.83 MW ML2MW
1996 01 09 0407 112.237 -23.336   5.0 2.97 MW ML2MW
1996 03 26 1400 112.556 -23.092   5.0 2.90 MW ML2MW
1996 11 08 0038 114.852 -23.998   5.0 2.97 MW ML2MW
1997 01 22 1504 112.051 -23.659  17.0 2.97 MW ML2MW
1997 02 21 0932 114.728 -24.035   5.0 2.97 MW ML2MW
1997 02 24 1822 113.869 -27.874   9.0 2.83 MW ML2MW
1997 04 06 0221 114.809 -24.031   5.0 2.83 MW ML2MW
1997 04 25 1328 115.449 -25.336   5.0 2.90 MW ML2MW
1997 06 29 1437 119.650 -22.186   5.0 2.90 MW ML2MW
1997 08 16 2252 114.483 -22.673   5.0 2.83 MW ML2MW
1997 09 05 1152 120.820 -20.111   5.0 2.97 MW ML2MW
1997 10 04 1938 116.096 -19.235   5.0 2.90 MW ML2MW
1997 11 02 1824 115.862 -21.891   5.0 2.76 MW ML2MW
1997 11 10 1753 114.283 -23.248   5.0 2.97 MW ML2MW
1998 01 02 0133 115.230 -23.662   5.0 2.90 MW ML2MW
1998 01 07 1734 120.710 -20.920   5.0 2.83 MW ML2MW
1998 02 21 0209 113.487 -27.437   5.0 2.90 MW ML2MW
1998 03 04 1144 115.146 -23.403   5.0 2.83 MW ML2MW
1998 04 06 2056 115.968 -26.007   5.0 2.83 MW ML2MW
1998 04 17 0716 113.066 -24.875   5.0 2.97 MW ML2MW
1998 05 18 1824 114.633 -23.223   5.0 2.76 MW ML2MW
1998 05 22 1731 113.140 -25.401   5.0 2.76 MW ML2MW
1998 05 29 2150 118.707 -18.554   5.0 2.97 MW ML2MW
1998 07 16 0158 121.048 -21.252   5.0 2.76 MW ML2MW
1998 09 20 0135 119.985 -22.457   5.0 2.83 MW ML2MW
1998 11 23 1542 115.476 -20.684   5.0 2.97 MW ML2MW
1999 02 26 1014 113.774 -21.946   5.0 2.76 MW ML2MW
1999 04 15 1638 113.823 -21.773  24.0 2.76 MW ML2MW
1999 05 20 1405 116.340 -21.730   5.0 2.90 MW ML2MW
1999 06 19 1442 113.830 -28.320   5.0 2.76 MW ML2MW
1999 06 20 1143 122.680 -16.950   5.0 2.97 MW ML2MW
1999 07 14 1254 122.080 -14.920   5.0 2.97 MW ML2MW
1999 07 31 0353 116.260 -20.180   5.0 2.76 MW ML2MW
1999 08 10 1703 114.070 -23.430   5.0 2.76 MW ML2MW
1999 08 21 0714 112.260 -23.660   5.0 2.97 MW ML2MW
1999 08 21 1258 116.280 -20.290   5.0 2.76 MW ML2MW
1999 08 26 1922 115.900 -26.450   5.0 2.76 MW ML2MW
1999 09 29 1959 115.660 -22.210   5.0 2.90 MW ML2MW
1999 10 10 1327 116.420 -20.140   5.0 2.83 MW ML2MW
1999 10 12 0043 118.230 -18.530   5.0 2.90 MW ML2MW
1999 11 11 1606 115.570 -22.330   5.0 2.97 MW ML2MW
1999 12 01 0511 123.220 -17.970   5.0 2.90 MW ML2MW
2000 01 12 1731 111.210 -25.350   5.0 2.76 MW ML2MW
2000 02 28 1843 120.950 -21.580   5.0 2.90 MW ML2MW
2000 02 29 1124 120.960 -17.500   5.0 2.97 MW ML2MW
2000 04 08 2227 116.446 -20.027   5.0 2.76 MW ML2MW
2000 06 26 1947 120.953 -20.694   0.0 2.90 MW ML2MW
2000 12 13 0549 119.877 -18.175   0.0 2.97 MW ML2MW
2001 01 12 1451 113.621 -28.046  15.0 2.76 MW ML2MW
2001 03 29 1928 115.838 -22.340   0.0 2.97 MW ML2MW
2001 06 04 1407 114.390 -26.530  14.0 2.83 MW ML2MW
2001 10 15 0616 113.713 -22.479  10.0 2.62 MW ML2MW
2001 10 29 0859 117.395 -24.947  15.0 2.90 MW ML2MW
2002 03 20 1702 114.678 -23.308  20.0 2.84 MW ML2MW
2002 04 06 1135 114.450 -26.355   5.0 2.95 MW ML2MW
2003 05 01 0249 115.725 -24.596  31.0 2.84 MW ML2MW
2003 05 11 0834 114.144 -29.175  18.0 2.80 MW ML2MW
2003 06 01 0255 114.108 -21.933   1.7 2.77 MW ML2MW
2004 09 26 0903 113.761 -22.813  27.0 2.82 MW ML2MW
2005 03 06 0537 115.730 -28.097   0.0 2.82 MW ML2MW
2005 12 14 1102 113.701 -21.889  22.0 2.91 MW ML2MW
2006 02 05 2006 114.959 -23.737  15.0 2.89 MW ML2MW
2006 04 23 1423 122.075 -17.288   3.0 2.78 MW ML2MW
2006 11 22 1459 111.680 -25.788 139.0 2.82 MW ML2MW
2007 06 19 0525 116.482 -20.042  14.0 2.94 MW ML2MW
2007 07 17 1031 113.319 -25.535   0.0 2.81 MW ML2MW
2008 02 18 1918 112.770 -26.693  10.0 2.91 MW ML2MW
2010 08 26 1108 121.148 -21.221   0.0 2.99 MW ML2MW
2010 10 24 1811 116.939 -25.367   5.6 2.74 MW ML2MW
2010 11 24 1744 121.321 -17.094  10.0 2.75 MW ML2MW
2010 12 12 1226 114.607 -26.965  10.0 2.91 MW ML2MW
2011 01 16 0626 120.609 -21.872  10.0 2.82 MW ML2MW
2011 08 18 0942 116.250 -21.177   0.0 2.75 MW ML2MW
2011 09 24 0233 116.885 -25.486  10.0 2.91 MW ML2MW
2011 10 21 0745 115.418 -24.538  10.0 2.87 MW ML2MW
2012 07 20 1702 113.708 -27.303   8.0 2.83 MW ML2MW
2012 09 10 0316 113.395 -24.438   0.0 2.82 MW ML2MW
2012 12 29 1743 113.024 -24.529  10.0 2.95 MW ML2MW
2013 03 20 2314 123.373 -17.630  10.0 2.97 MW ML2MW
2013 03 27 1410 116.755 -25.001  10.0 2.72 MW ML2MW
2013 06 23 1248 114.766 -25.094   0.0 2.97 MW ML2MW
2013 07 22 0509 120.954 -21.490  10.0 2.52 MW ML2MW
2013 07 22 0707 119.500 -22.396   0.0 2.79 MW ML2MW
2013 08 13 0704 119.586 -22.340  10.0 2.77 MW ML2MW
2013 08 19 1214 114.120 -23.772  10.0 2.77 MW ML2MW
2013 10 04 1335 113.311 -23.878  10.0 2.86 MW ML2MW
2013 10 23 1952 120.234 -17.087  30.0 2.80 MW ML2MW
2014 01 17 0449 119.495 -22.377   0.0 2.91 MW ML2MW
2014 03 05 1825 114.719 -21.871   0.0 2.75 MW ML2MW
2014 04 21 0942 114.918 -24.753  10.0 2.74 MW ML2MW
2014 05 08 1808 116.590 -20.400  30.0 2.67 MW ML2MW
2014 06 17 0343 120.657 -21.819  10.0 2.95 MW ML2MW
2014 07 18 0747 116.999 -25.288  13.0 2.90 MW ML2MW
2014 07 29 0439 118.765 -18.315  40.0 2.79 MW ML2MW
2014 08 14 1708 114.219 -24.595  10.0 2.83 MW ML2MW
2014 08 23 1151 119.560 -18.297   0.0 2.61 MW ML2MW
2014 09 29 1927 120.989 -18.972  10.0 2.61 MW ML2MW
2014 11 03 1337 112.773 -26.559   0.0 2.82 MW ML2MW
2015 04 22 2049 118.845 -20.199  10.0 2.52 MW ML2MW
2015 04 23 0405 116.328 -25.542  16.0 2.98 MW ML2MW
2015 05 07 1719 116.452 -20.439  10.0 2.86 MW ML2MW
2015 05 28 1831 123.598 -18.074  15.0 2.95 MW ML2MW
2015 07 06 2254 113.626 -27.700  10.0 2.88 MW ML2MW
2015 07 20 2218 119.875 -18.557  15.0 2.71 MW ML2MW
2015 08 28 0354 115.869 -24.360  15.0 2.71 MW ML2MW
2015 10 08 2226 114.360 -28.133  20.0 2.60 MW ML2MW
2016 07 15 0547 116.570 -25.067  10.0 2.97 MW ML2MW
2016 07 22 0036 115.401 -22.536   0.0 2.90 MW ML2MW
2016 09 19 0705 119.611 -18.734  10.0 2.99 MW ML2MW
2016 09 23 1909 120.660 -22.469  10.0 2.28 MW ML2MW
2017 03 05 1914 116.244 -21.677  10.0 2.95 MW ML2MW
2017 04 25 1108 114.450 -23.009  10.0 2.75 MW ML2MW
2017 05 03 1733 117.883 -20.249  10.0 2.91 MW ML2MW
2017 08 23 1404 113.597 -25.261  10.0 2.96 MW ML2MW
2017 09 10 0919 120.405 -21.339  10.0 2.80 MW ML2MW
2017 09 10 1731 124.175 -17.291  10.0 2.93 MW ML2MW
2017 09 27 1207 120.391 -21.800  10.0 2.78 MW ML2MW
2017 10 10 1201 114.692 -22.902  10.0 2.88 MW ML2MW
2017 11 09 0524 120.200 -22.513  10.0 2.87 MW ML2MW
2017 12 18 2237 120.441 -20.968  10.0 2.66 MW ML2MW
2018 03 10 0126 118.480 -18.748  10.0 2.68 MW ML2MW
2018 04 20 0150 118.639 -20.562   3.1 2.78 MW ML2MW
2018 04 25 0052 116.225 -21.280  10.0 2.68 MW ML2MW
2018 04 26 2202 122.519 -18.178  10.0 2.90 MW ML2MW
2018 05 15 0743 113.294 -25.744  10.0 2.92 MW ML2MW
2018 09 07 1653 121.037 -21.117  10.0 2.66 MW ML2MW
2018 12 14 1948 119.263 -18.099  10.0 2.64 MW ML2MW
2018 12 20 0757 113.023 -23.708  10.0 2.87 MW ML2MW
2019 01 20 0646 113.085 -23.662  10.0 2.95 MW ML2MW
2019 01 23 1720 118.222 -19.222  10.0 2.58 MW ML2MW
2019 02 05 1725 120.677 -22.751  10.0 2.79 MW ML2MW
2019 02 23 1723 119.606 -17.928  10.0 2.64 MW ML2MW
2019 02 24 1724 119.908 -17.233  10.0 2.77 MW ML2MW
2019 02 27 1347 118.634 -20.378  10.0 2.75 MW ML2MW
2019 04 02 1146 116.938 -24.776   0.0 2.87 MW ML2MW
2019 04 04 1740 122.207 -17.326  10.0 2.74 MW ML2MW
2019 05 05 0325 121.827 -17.016  10.0 2.94 MW ML2MW
2019 07 21 1229 120.311 -17.962  10.4 2.83 MW ML2MW
2019 07 26 0348 120.672 -18.632  10.0 2.42 MW ML2MW
2019 07 26 1024 118.881 -18.926  10.0 2.34 MW ML2MW
2019 07 27 0111 120.025 -17.872  10.0 2.56 MW ML2MW
2019 07 28 0933 120.164 -18.487  10.0 2.67 MW ML2MW
2019 08 01 0652 120.490 -18.511  10.0 2.78 MW ML2MW
2019 08 01 1842 116.884 -25.328  10.0 2.65 MW ML2MW
2019 08 03 1245 120.470 -18.794  10.0 2.87 MW ML2MW
2019 08 15 1234 120.590 -18.493  10.0 2.64 MW ML2MW
2019 08 18 1011 120.051 -18.434  10.0 2.65 MW ML2MW
2019 08 19 1248 120.246 -18.549  10.0 2.67 MW ML2MW
2019 08 21 0500 120.528 -18.597  10.0 2.97 MW ML2MW
2019 08 23 0942 119.569 -17.960  10.0 2.63 MW ML2MW
2019 08 27 2140 120.480 -18.787  10.0 2.54 MW ML2MW
2019 08 30 1043 120.226 -18.548  10.0 2.53 MW ML2MW
2019 09 10 1008 112.958 -25.381  10.0 2.87 MW ML2MW
2019 09 16 0257 119.508 -17.850  10.0 2.81 MW ML2MW
2019 09 29 1334 120.331 -18.696  10.0 2.71 MW ML2MW
2019 10 01 0108 120.174 -18.653  10.0 2.69 MW ML2MW
2019 10 04 1646 120.175 -18.011  10.0 2.78 MW ML2MW
2019 10 07 1950 121.302 -17.024  10.0 2.96 MW ML2MW
2019 10 10 1233 114.759 -23.422  10.0 2.89 MW ML2MW
2019 10 23 0954 120.190 -17.713  10.0 2.80 MW ML2MW
2019 10 25 1133 120.475 -18.590  10.0 2.63 MW ML2MW
2019 10 29 0219 119.876 -17.401  10.0 2.76 MW ML2MW
2019 11 02 2050 113.632 -25.095  10.0 2.92 MW ML2MW
2019 11 21 1300 115.187 -21.432  10.0 2.65 MW ML2MW
2019 12 14 0256 120.183 -18.510  10.0 2.55 MW ML2MW
2019 12 17 1253 120.018 -19.133  10.0 2.54 MW ML2MW
2019 12 18 0916 120.324 -17.944  10.0 2.98 MW ML2MW
2019 12 20 1110 113.959 -27.436  10.0 2.66 MW ML2MW
2019 12 24 0409 121.846 -20.027  10.0 2.42 MW ML2MW
2020 01 11 0324 120.123 -18.674  10.0 2.66 MW ML2MW
2020 01 30 1107 119.748 -17.241  10.0 2.98 MW ML2MW
2020 02 26 0422 120.154 -18.502  10.0 2.63 MW ML2MW
2020 03 05 2038 120.461 -18.668  10.0 2.55 MW ML2MW
2020 03 11 1537 116.181 -25.720  10.0 2.80 MW ML2MW
2020 03 11 1546 120.475 -17.127  10.0 2.74 MW ML2MW
2020 03 15 1622 120.501 -21.338  10.0 2.62 MW ML2MW
2020 03 25 2332 119.973 -18.229  10.0 2.87 MW ML2MW
2020 04 02 1552 120.167 -17.029  10.0 2.93 MW ML2MW
2020 05 07 1116 120.055 -18.393  10.0 2.52 MW ML2MW
2020 05 17 0925 121.662 -18.868  10.0 2.77 MW ML2MW
2020 06 14 1533 123.342 -18.781  10.0 2.70 MW ML2MW
2020 06 23 2252 120.656 -18.283  10.0 2.62 MW ML2MW
2020 07 03 2258 120.554 -18.484  10.0 2.78 MW ML2MW
2020 07 28 2322 116.217 -24.686  10.0 2.83 MW ML2MW
2020 08 19 1657 115.848 -25.514  10.0 2.70 MW ML2MW
2020 08 20 0153 117.019 -25.447  10.0 2.87 MW ML2MW
2020 08 20 0620 116.211 -21.256  10.0 2.80 MW ML2MW
2020 08 30 1449 117.201 -25.389   5.0 2.87 MW ML2MW
2020 09 15 0233 116.636 -20.401  10.0 2.76 MW ML2MW
2020 10 07 1332 114.472 -26.431  10.0 2.79 MW ML2MW
2020 10 20 1131 123.703 -17.850  10.0 2.27 MW ML2MW
2020 10 24 0116 119.665 -17.971  10.0 2.59 MW ML2MW
2020 12 17 0849 120.380 -21.152  10.0 2.92 MW ML2MW
2021 08 15 1641 120.326 -20.711  10.0 2.87 MW ML2MW
2021 09 10 0554 120.998 -20.541  10.0 2.48 MW ML2MW
2021 09 19 0141 116.805 -20.358  10.0 2.63 MW ML2MW
2021 09 21 1853 118.602 -20.706   0.6 2.41 MW ML2MW
