1974 12 24 0225 153.190 -22.110  63.0 4.44 MW ML2MW
1975 06 06 0500 151.480 -34.500   7.0 3.48 MW ML2MW
1975 07 29 2311 151.730 -34.000   0.0 3.47 MW ML2MW
1975 08 07 0330 150.210 -36.760  11.0 3.17 MW ML2MW
1976 09 22 0433 154.000 -28.000  10.0 3.35 MW ML2MW
1977 09 15 1622 150.750 -36.530   0.0 3.49 MW ML2MW
1977 11 04 0841 153.680 -24.725   9.0 3.07 MW ML2MW
1978 05 03 0335 151.050 -34.990  16.0 3.10 MW ML2MW
1978 11 28 1733 152.520 -23.337   0.0 4.14 MW ML2MW
1979 01 23 1846 150.660 -36.360  16.0 2.96 MW ML2MW
1979 02 26 0821 151.770 -34.580   0.0 3.24 MW ML2MW
1979 02 28 1502 152.376 -24.002   8.0 3.28 MW ML2MW
1979 05 16 1506 153.955 -25.348   8.0 3.35 MW ML2MW
1979 05 24 1711 153.040 -24.560   8.0 3.21 MW ML2MW
1979 09 20 0109 151.320 -35.220  12.0 2.97 MW ML2MW
1980 03 03 1030 150.300 -38.060   0.0 3.11 MW ML2MW
1980 03 25 0026 152.895 -23.794   9.0 3.57 MW ML2MW
1980 10 08 1002 151.450 -35.050   0.0 3.03 MW ML2MW
1980 11 16 0019 153.353 -22.007   8.0 3.42 MW ML2MW
1981 01 07 2110 150.660 -35.770  28.0 3.18 MW ML2MW
1981 05 28 1150 150.620 -35.680  34.0 2.98 MW ML2MW
1981 06 27 0422 150.650 -35.600   0.0 2.96 MW ML2MW
1981 08 29 2037 148.800 -43.620   0.0 2.99 MW ML2MW
1981 09 14 1301 152.717 -24.201  14.0 3.07 MW ML2MW
1981 10 25 0828 150.480 -36.340  24.0 3.90 MW ML2MW
1981 12 31 1139 153.067 -18.769   4.0 3.07 MW ML2MW
1982 05 05 0636 151.410 -35.240   0.0 3.26 MW ML2MW
1982 07 13 0930 152.000 -34.250   0.0 3.09 MW ML2MW
1982 09 09 0428 152.169 -33.706   2.6 3.98 MW ML2MW
1983 03 17 1907 149.441 -18.072  25.5 2.98 MW ML2MW
1983 10 28 1409 150.790 -36.810  17.0 3.12 MW ML2MW
1984 03 30 0954 150.280 -36.900  18.0 2.95 MW ML2MW
1984 09 16 2129 150.240 -36.420  17.0 3.10 MW ML2MW
1985 02 08 0823 153.623 -25.119  16.6 3.66 MW ML2MW
1985 05 20 0128 150.590 -36.760   0.0 3.23 MW ML2MW
1986 07 21 0000 150.390 -36.270  20.0 2.90 MW ML2MW
1986 10 14 1716 151.626 -17.105   9.0 3.24 MW ML2MW
1987 10 31 0602 152.841 -23.828  10.0 3.50 MW ML2MW
1987 12 27 0716 153.673 -24.111  10.0 3.18 MW ML2MW
1988 09 29 1610 151.523 -34.395  10.0 2.96 MW ML2MW
1990 05 04 1206 150.515 -36.304   4.9 3.03 MW ML2MW
1992 03 29 2211 153.801 -22.056   8.0 3.19 MW ML2MW
1993 11 17 0618 149.067 -42.800  10.0 3.04 MW ML2MW
1993 11 25 0406 152.632 -23.922   1.7 3.66 MW ML2MW
1995 12 27 0341 154.512 -23.099   0.0 3.42 MW ML2MW
1996 06 03 1304 149.611 -18.539   0.0 3.58 MW ML2MW
1996 08 22 0413 152.530 -20.890   0.0 3.11 MW ML2MW
1996 09 28 1303 153.192 -23.510  10.0 2.94 MW ML2MW
1997 07 14 0646 153.706 -23.338   0.0 3.58 MW ML2MW
1999 04 25 1725 150.762 -35.857   4.3 3.07 MW ML2MW
1999 08 18 0014 152.263 -33.878  10.0 3.31 MW ML2MW
2001 01 01 2341 150.624 -36.770  10.0 3.35 MW ML2MW
2001 02 13 1241 150.916 -35.773   9.5 2.99 MW ML2MW
2001 10 12 0005 152.883 -24.119   2.7 3.93 MW ML2MW
2002 06 04 1759 150.943 -35.877  10.0 3.06 MW ML2MW
2004 06 21 0828 146.635 -16.930  10.0 3.65 MW ML2MW
2006 01 05 0953 151.879 -19.283   4.0 3.91 MW ML2MW
2006 07 30 0145 153.907 -26.604  10.0 2.93 MW ML2MW
2007 07 15 0126 152.635 -23.922  10.0 3.24 MW ML2MW
2007 11 08 0510 152.630 -23.290  10.0 3.29 MW ML2MW
2008 05 23 0916 150.226 -36.447  10.0 3.29 MW ML2MW
2009 01 12 0925 152.939 -23.538  10.0 2.99 MW ML2MW
2009 04 16 1119 145.925 -15.663  13.8 3.21 MW ML2MW
2009 06 10 0057 150.731 -37.351  10.0 3.42 MW ML2MW
2009 08 08 0155 153.582 -31.863  10.0 3.82 MW ML2MW
2010 03 13 0008 150.481 -36.972  10.0 3.01 MW ML2MW
2010 08 19 0847 153.594 -24.684  10.0 3.15 MW ML2MW
2010 10 25 0305 151.381 -20.199   5.0 3.61 MW ML2MW
2010 12 04 0714 153.629 -24.135   5.0 3.52 MW ML2MW
2011 02 21 2243 153.132 -24.131   5.0 3.56 MW ML2MW
2011 03 13 0332 152.595 -23.890   5.0 3.55 MW ML2MW
2011 11 02 1632 152.254 -23.664  10.0 3.77 MW ML2MW
2012 03 20 1528 151.782 -33.872   0.0 2.94 MW ML2MW
2012 07 30 1725 150.663 -37.666   6.2 3.77 MW ML2MW
2012 09 16 1557 149.788 -39.492  10.0 3.17 MW ML2MW
2013 02 28 0549 153.177 -23.867  29.6 4.01 MW ML2MW
2013 11 22 0820 151.019 -35.371  10.0 3.03 MW ML2MW
2013 12 30 0022 152.700 -24.337  10.0 3.20 MW ML2MW
2014 02 24 0603 152.800 -24.372  10.3 3.22 MW ML2MW
2014 03 17 0149 152.798 -24.324  10.0 3.11 MW ML2MW
2015 09 12 0116 150.251 -37.985  10.0 2.91 MW ML2MW
2015 12 30 2127 150.419 -36.846  10.0 2.97 MW ML2MW
2016 04 21 2307 153.134 -23.529  10.0 3.37 MW ML2MW
2016 05 06 1315 150.594 -37.722  10.0 3.00 MW ML2MW
2016 05 07 1343 153.244 -22.427  10.0 3.26 MW ML2MW
2016 05 17 0344 153.406 -24.160  10.0 3.47 MW ML2MW
2016 06 07 0002 152.615 -33.477   7.0 4.03 MW ML2MW
2016 08 13 1531 152.910 -23.743  10.0 4.45 MW ML2MW
2016 09 20 1334 153.749 -23.323  10.0 3.50 MW ML2MW
2017 04 19 0855 153.238 -32.278  10.0 3.35 MW ML2MW
2017 09 30 0829 154.038 -25.511  10.0 3.22 MW ML2MW
2018 04 19 1300 151.798 -34.075  10.0 3.00 MW ML2MW
2019 05 28 0915 151.267 -35.602  10.0 3.02 MW ML2MW
2019 10 04 0107 152.500 -22.680  10.0 3.57 MW ML2MW
2019 12 24 0440 150.386 -36.097  10.0 3.21 MW ML2MW
2021 03 05 1925 153.963 -25.722  10.0 3.14 MW ML2MW
2021 03 15 1141 150.592 -37.398   0.8 3.01 MW ML2MW
2021 03 26 1137 151.095 -35.741  10.0 3.31 MW ML2MW
2022 03 23 0016 152.366 -33.523   4.7 3.50 MW ML2MW
