1941 06 27 0755 137.340 -25.950   0.0 6.52 MW MS2MW
1965 06 03 2159 150.220 -28.080  10.0 4.77 MW ML2MW
1968 12 31 1608 149.260 -31.040   0.0 4.52 MW ML2MW
1970 08 08 1605 148.350 -29.080   0.0 4.09 MW ML2MW
1977 03 05 0604 150.350 -28.136  33.0 4.26 MW ML2MW
1980 02 08 1940 141.620 -24.710   0.0 3.45 MW ML2MW
1981 11 25 1310 149.350 -31.340   0.0 3.45 MW ML2MW
1983 04 08 1933 142.068 -29.786  45.0 4.57 MW mb2MW
1983 05 08 1217 143.519 -34.451  17.2 3.43 MW ML2MW
1983 06 20 1732 141.885 -30.453  16.6 3.92 MW ML2MW
1985 06 05 2107 149.372 -27.979   3.0 3.80 MW ML2MW
1985 08 12 0702 149.259 -28.709   0.0 4.19 MW ML2MW
1986 09 22 1421 145.566 -34.264  17.2 3.79 MW ML2MW
1987 12 16 0455 142.801 -24.864  10.0 3.46 MW ML2MW
1987 12 22 1506 141.479 -36.158  15.7 4.72 MW ML2MW
1989 05 23 1208 143.978 -28.843   5.0 3.62 MW ML2MW
1990 02 08 0823 137.342 -27.891   9.0 4.35 MW ML2MW
1990 09 27 1241 137.510 -25.910  10.0 3.74 MW ML2MW
1991 01 04 0247 146.732 -28.930  10.0 3.58 MW ML2MW
1991 09 24 0436 149.051 -27.890   7.6 3.99 MW ML2MW
1994 07 09 1430 144.997 -31.996   6.3 4.08 MW ML2MW
1995 01 14 0223 145.980 -30.815  10.0 3.58 MW ML2MW
1995 05 29 2033 136.600 -24.800   5.0 3.26 MW ML2MW
1995 11 17 1301 145.133 -33.126  10.0 3.50 MW ML2MW
1996 01 06 0208 140.282 -25.688   0.0 3.04 MW ML2MW
1996 06 04 0827 144.257 -29.037   8.5 3.42 MW ML2MW
1996 08 13 0430 143.613 -30.141   8.1 4.91 MW ML2MW
1996 09 12 1453 146.529 -28.354  10.0 3.74 MW ML2MW
1997 01 02 0711 148.778 -28.454  17.2 3.17 MW ML2MW
1997 02 05 0015 139.241 -28.710  11.5 4.17 MW ML2MW
1997 07 30 1530 142.600 -28.090  11.0 3.26 MW ML2MW
1998 01 30 1336 140.351 -35.272   7.5 3.02 MW ML2MW
1998 08 11 1825 144.432 -32.258  16.2 3.74 MW ML2MW
1998 11 19 0642 137.790 -25.000   0.0 3.04 MW ML2MW
1999 02 02 2359 140.080 -26.288  10.0 3.26 MW ML2MW
1999 02 21 0651 142.960 -28.770   0.0 3.34 MW ML2MW
1999 03 01 0128 137.590 -25.800   0.0 3.50 MW ML2MW
1999 03 06 2354 139.137 -28.565   6.9 3.99 MW ML2MW
1999 05 31 1915 140.140 -25.850  10.0 3.19 MW ML2MW
2000 08 03 0931 143.302 -28.676   0.0 3.26 MW ML2MW
2000 10 23 2138 141.755 -34.464  11.9 3.62 MW ML2MW
2001 02 27 0102 141.888 -28.470  10.0 3.40 MW ML2MW
2001 03 09 1609 141.970 -28.528  10.0 3.26 MW ML2MW
2001 04 12 1822 137.370 -25.673  10.0 3.36 MW ML2MW
2001 04 12 2237 137.692 -25.843  10.0 3.42 MW ML2MW
2001 05 20 1147 146.500 -32.190  10.0 3.04 MW ML2MW
2001 09 04 1829 141.811 -26.462   0.0 3.04 MW ML2MW
2001 11 11 1158 144.180 -29.320   6.0 3.32 MW ML2MW
2001 12 06 2010 148.898 -28.689  10.0 3.04 MW ML2MW
2002 03 01 0559 146.980 -32.290   0.0 3.26 MW ML2MW
2002 04 13 0037 137.714 -26.480  12.0 3.04 MW ML2MW
2002 07 05 0414 148.693 -32.361  10.0 3.03 MW ML2MW
2002 08 22 0658 149.069 -28.443   0.0 3.16 MW ML2MW
2002 09 23 1400 141.724 -26.446  10.0 3.11 MW ML2MW
2002 10 24 2203 142.250 -35.666  10.0 3.22 MW ML2MW
2002 10 29 1525 142.026 -30.583  16.3 3.52 MW ML2MW
2003 01 15 0203 137.306 -25.947  10.0 3.18 MW ML2MW
2003 05 03 2237 138.140 -28.062   3.1 3.13 MW ML2MW
2003 12 05 1745 140.618 -27.793   6.7 3.70 MW ML2MW
2003 12 18 0731 144.131 -29.041  10.0 3.31 MW ML2MW
2004 07 28 1408 141.407 -29.928   0.0 3.08 MW ML2MW
2004 10 01 1946 146.377 -26.907   0.0 3.11 MW ML2MW
2004 10 10 0658 142.603 -36.367   0.0 3.08 MW ML2MW
2005 04 14 1316 149.272 -28.550   0.0 3.31 MW ML2MW
2005 07 11 2019 144.777 -31.253   9.0 3.11 MW ML2MW
2005 09 09 0401 142.166 -30.328   0.0 3.37 MW ML2MW
2005 09 12 1604 140.558 -27.737   2.0 3.17 MW ML2MW
2005 12 28 2054 147.894 -28.191   0.0 4.04 MW ML2MW
2006 04 24 1245 137.742 -25.734   0.0 3.03 MW mb2MW
2006 05 02 0247 137.341 -25.877  10.0 3.51 MW ML2MW
2006 06 15 1801 146.982 -27.904  10.0 3.04 MW ML2MW
2006 10 01 0724 140.969 -35.549   7.7 3.23 MW ML2MW
2007 05 22 1930 142.048 -29.776  10.3 3.47 MW ML2MW
2007 08 12 1524 144.649 -32.448  10.0 3.53 MW ML2MW
2007 08 24 1347 148.493 -32.294  10.0 3.10 MW ML2MW
2007 09 14 0906 148.631 -29.850  10.0 3.46 MW ML2MW
2008 02 13 2157 146.593 -27.523  10.0 4.14 MW ML2MW
2008 03 17 0656 137.427 -25.975  10.0 3.59 MW ML2MW
2008 03 18 0102 148.433 -32.519  11.0 3.66 MW ML2MW
2008 06 09 0137 146.881 -30.167  10.0 3.70 MW ML2MW
2009 04 09 0304 148.728 -32.418  10.0 3.56 MW ML2MW
2010 02 03 0502 138.098 -28.157   7.6 3.79 MW ML2MW
2010 06 10 1749 138.263 -27.989   0.0 3.08 MW ML2MW
2010 09 29 0909 144.097 -29.636  10.0 4.09 MW ML2MW
2010 10 27 0825 135.708 -25.995   0.0 3.64 MW ML2MW
2010 10 27 1418 143.594 -29.438   7.3 4.35 MW ML2MW
2011 01 23 1940 148.475 -28.386  18.0 3.44 MW ML2MW
2011 05 26 1228 147.232 -26.801  10.0 3.53 MW ML2MW
2011 07 29 0337 143.839 -29.604  15.0 3.54 MW ML2MW
2011 11 26 2059 138.351 -26.012  28.2 3.31 MW ML2MW
2012 01 03 0521 142.648 -29.945   3.1 3.30 MW ML2MW
2012 02 16 1048 147.963 -27.051  10.0 3.49 MW ML2MW
2012 11 28 1637 140.460 -27.895  10.0 3.12 MW ML2MW
2012 11 29 1921 140.659 -27.756   5.0 3.88 MW ML2MW
2013 02 05 2307 148.743 -31.379  10.0 3.01 MW ML2MW
2013 02 26 1253 140.821 -27.750  19.6 3.35 MW ML2MW
2013 06 03 1944 149.014 -29.030  10.0 3.31 MW ML2MW
2013 11 27 0924 145.551 -28.230  15.0 3.15 MW ML2MW
2013 11 30 0549 139.480 -28.545  21.5 3.80 MW ML2MW
2013 12 11 2047 143.843 -29.569  10.0 3.02 MW ML2MW
2013 12 27 1333 139.889 -25.638   9.5 3.34 MW ML2MW
2014 07 20 2026 147.876 -28.249  15.0 3.70 MW ML2MW
2014 08 02 1413 148.988 -28.508  10.0 3.20 MW ML2MW
2014 08 13 1522 142.053 -33.520  10.0 3.47 MW ML2MW
2014 09 01 1418 139.617 -26.190  23.1 3.45 MW ML2MW
2014 10 19 0334 140.730 -27.771  20.0 3.16 MW ML2MW
2015 01 24 1844 143.344 -23.751  10.0 3.25 MW ML2MW
2015 12 25 0712 138.109 -25.613  32.1 3.24 MW ML2MW
2016 06 04 1106 141.233 -30.082  12.0 3.04 MW ML2MW
2016 09 22 0926 147.235 -26.858  10.0 3.12 MW ML2MW
2016 12 26 1259 137.217 -27.210  10.0 3.64 MW ML2MW
2017 01 22 1534 142.624 -28.105  10.0 3.32 MW ML2MW
2017 05 15 1022 146.571 -32.117  10.0 3.16 MW ML2MW
2017 09 01 0236 148.645 -27.575  10.0 3.45 MW ML2MW
2017 10 11 0509 147.512 -33.463   0.0 3.20 MW ML2MW
2018 01 06 1301 141.744 -35.532  10.0 3.30 MW ML2MW
2018 02 22 0638 144.470 -27.430  10.0 3.20 MW ML2MW
2018 03 30 2217 138.596 -27.019  10.0 3.28 MW ML2MW
2018 05 12 0050 139.331 -28.798  10.0 4.18 MW ML2MW
2018 12 05 2152 141.526 -29.833  10.0 3.34 MW ML2MW
2018 12 12 0011 148.026 -32.311  10.0 3.10 MW ML2MW
2019 02 24 1843 147.048 -27.129  10.0 3.23 MW ML2MW
2019 06 08 1649 147.901 -32.460   0.0 3.09 MW ML2MW
2019 10 04 1635 136.987 -25.643  10.0 3.86 MW ML2MW
2019 10 24 1627 141.471 -24.286  10.0 3.07 MW ML2MW
2020 05 14 2028 147.672 -34.021  10.0 3.00 MW ML2MW
2020 08 26 0033 142.060 -33.429  10.0 3.34 MW ML2MW
2021 01 31 2020 149.510 -28.639   9.1 3.07 MW ML2MW
2021 09 05 1207 142.835 -28.233  10.0 3.04 MW ML2MW
