1967 10 12 1031 123.900 -17.900  18.0 4.14 MW mb2MW
1968 01 08 0543 128.560 -16.620  18.0 4.05 MW mb2MW
1969 06 23 1414 123.100 -17.600   7.0 4.47 MW mb2MW
1969 09 14 2258 123.100 -17.900   7.0 4.39 MW mb2MW
1972 04 07 2208 124.900 -18.290   0.0 3.87 MW ML2MW
1972 05 28 1359 128.600 -16.500   0.0 3.12 MW ML2MW
1972 12 07 0744 120.600 -18.100   0.0 3.32 MW ML2MW
1974 09 26 1638 128.130 -17.240   0.0 3.61 MW ML2MW
1974 03 08 1200 128.500 -17.200   0.0 2.89 MW ML2MW
1975 03 30 0210 129.500 -16.200   0.0 3.01 MW ML2MW
1975 01 06 0900 128.900 -16.180   0.0 2.60 MW ML2MW
1975 08 05 1127 127.420 -16.450   0.0 3.65 MW ML2MW
1976 06 11 0427 125.250 -18.670   0.0 3.23 MW ML2MW
1975 04 18 1445 128.640 -16.040   0.0 2.41 MW ML2MW
1976 11 07 0347 128.663 -16.115   6.0 3.80 MW ML2MW
1976 12 04 2027 128.100 -17.100   0.0 3.04 MW ML2MW
1976 03 28 0735 127.600 -17.000   0.0 2.80 MW ML2MW
1977 05 18 0611 126.700 -17.500   0.0 3.31 MW ML2MW
1976 03 29 0126 127.700 -16.900   0.0 2.84 MW ML2MW
1977 07 27 2109 128.560 -16.987  33.0 3.42 MW ML2MW
1976 05 21 0543 128.250 -16.450   0.0 2.74 MW ML2MW
1979 03 26 0014 126.070 -16.350   0.0 3.02 MW ML2MW
1979 03 31 0445 127.030 -18.040   0.0 3.19 MW ML2MW
1977 02 26 0549 128.360 -16.500   0.0 2.87 MW ML2MW
1979 10 26 0256 128.570 -16.460   0.0 3.18 MW ML2MW
1979 11 05 0942 127.300 -16.450   0.0 3.28 MW ML2MW
1978 02 13 0614 128.660 -16.500   0.0 2.76 MW ML2MW
1980 01 02 1749 122.090 -17.810  37.0 3.16 MW ML2MW
1980 02 09 1850 122.740 -19.780   8.0 3.39 MW ML2MW
1978 03 06 0159 127.260 -17.980   9.0 2.73 MW ML2MW
1980 04 01 1522 123.790 -17.170   0.0 3.07 MW ML2MW
1978 09 02 0849 123.280 -18.450  37.0 2.98 MW ML2MW
1978 11 12 0909 128.440 -12.570   0.0 2.87 MW ML2MW
1980 11 24 1954 123.868 -15.853  33.0 3.34 MW ML2MW
1978 11 27 0422 128.930 -14.320   0.0 2.95 MW ML2MW
1978 12 25 1340 128.200 -15.660   0.0 2.35 MW ML2MW
1981 03 15 1829 123.412 -18.590  37.0 3.27 MW ML2MW
1981 03 17 2138 123.230 -18.660  37.0 3.02 MW ML2MW
1979 05 23 1056 129.590 -15.350   0.0 2.89 MW ML2MW
1981 04 03 2000 123.150 -18.120   0.0 3.60 MW ML2MW
1981 05 05 0552 121.840 -18.940  37.0 3.60 MW ML2MW
1981 06 02 1213 121.630 -18.590  37.0 3.32 MW ML2MW
1981 06 27 2333 122.654 -17.784  37.0 3.20 MW ML2MW
1981 06 28 0823 126.500 -17.880  17.0 3.01 MW ML2MW
1981 07 03 1739 128.760 -16.530  10.0 3.13 MW ML2MW
1981 12 06 1255 128.730 -16.820  10.0 3.11 MW ML2MW
1981 12 15 0043 125.120 -19.400   0.0 3.08 MW ML2MW
1980 03 18 0546 127.550 -17.620  10.0 2.85 MW ML2MW
1982 02 19 0111 123.349 -18.902   0.0 3.63 MW ML2MW
1982 02 26 1524 122.490 -17.670  37.0 3.20 MW ML2MW
1980 07 26 0641 128.370 -16.880  19.0 2.94 MW ML2MW
1982 02 27 1843 121.180 -18.860  37.0 3.08 MW ML2MW
1982 03 17 0429 127.600 -14.974  10.0 3.53 MW ML2MW
1980 08 01 1824 128.710 -16.440  37.0 2.45 MW ML2MW
1982 11 20 0200 127.090 -19.036  19.0 3.57 MW ML2MW
1982 12 16 1431 121.150 -18.320  37.0 3.17 MW ML2MW
1980 11 29 1338 125.040 -18.190  37.0 2.85 MW ML2MW
1980 12 05 0841 128.370 -16.650   0.0 2.93 MW ML2MW
1983 03 14 0329 128.597 -16.676  10.0 3.13 MW ML2MW
1983 06 07 0616 125.581 -15.009  10.0 3.65 MW ML2MW
1983 06 29 1524 122.621 -18.972  10.0 3.07 MW ML2MW
1983 09 14 2051 130.320 -11.290  10.0 3.03 MW ML2MW
1983 10 30 0109 123.740 -16.530  37.0 3.52 MW ML2MW
1981 05 06 1835 123.320 -19.230  10.0 2.84 MW ML2MW
1984 03 02 0501 122.420 -17.660  10.0 3.43 MW ML2MW
1984 08 07 2051 127.320 -15.550   0.0 3.46 MW ML2MW
1984 10 01 1547 126.830 -18.760  10.0 3.16 MW ML2MW
1984 12 28 2148 125.810 -19.270  10.0 3.01 MW ML2MW
1981 11 04 2135 120.750 -18.500  37.0 2.97 MW ML2MW
1981 11 06 2051 127.360 -17.610  10.0 2.80 MW ML2MW
1983 09 08 1846 126.220 -16.940  10.0 2.88 MW ML2MW
1984 01 04 1618 126.860 -15.670  10.0 2.91 MW ML2MW
1984 11 18 2119 122.890 -17.670  37.0 2.94 MW ML2MW
1984 12 07 1600 123.250 -18.630  10.0 2.82 MW ML2MW
1985 09 13 2116 127.970 -17.750  10.0 2.91 MW ML2MW
1986 01 27 1717 123.000 -18.290   5.0 2.89 MW ML2MW
1986 05 26 1034 123.550 -17.590   5.0 2.79 MW ML2MW
1986 09 13 1323 121.200 -18.440   5.0 2.86 MW ML2MW
1987 05 17 1542 122.590 -17.470   5.0 2.94 MW ML2MW
1987 09 23 0229 123.380 -17.650   5.0 2.77 MW ML2MW
1988 01 06 0656 128.460 -17.040   5.0 2.84 MW ML2MW
1988 01 09 1613 126.690 -17.670   5.0 2.89 MW ML2MW
1989 01 05 0857 123.320 -15.900   5.0 2.75 MW ML2MW
1989 01 19 1508 128.590 -16.870   5.0 2.78 MW ML2MW
1989 06 06 0507 127.736 -18.368   5.0 2.49 MW ML2MW
1990 04 14 1213 124.574 -15.809   5.0 2.76 MW ML2MW
1990 07 08 1100 121.453 -18.886  28.0 2.97 MW ML2MW
1990 11 27 1849 128.440 -16.680   2.0 2.76 MW ML2MW
1991 08 22 0916 123.763 -16.568   5.0 2.97 MW ML2MW
1991 12 22 1601 128.547 -16.383   5.0 2.97 MW ML2MW
1991 12 24 2006 126.197 -17.289   5.0 2.76 MW ML2MW
1992 09 09 1347 122.813 -19.527   5.0 2.76 MW ML2MW
1993 09 19 2002 127.403 -15.764   5.0 2.97 MW ML2MW
1993 12 31 1040 126.731 -19.881   5.0 2.90 MW ML2MW
1994 01 07 1312 128.547 -16.575   5.0 2.83 MW ML2MW
1994 04 26 0408 128.632 -16.477   5.0 2.90 MW ML2MW
1994 12 23 1906 123.583 -17.742   5.0 2.76 MW ML2MW
1995 02 16 1227 122.109 -16.943   5.0 2.97 MW ML2MW
1995 06 26 1049 128.605 -16.614   5.0 2.76 MW ML2MW
1995 09 12 1718 123.552 -17.724   5.0 2.76 MW ML2MW
1995 12 09 1015 128.319 -16.635   5.0 2.90 MW ML2MW
1996 07 16 1857 126.628 -18.083   5.0 2.97 MW ML2MW
1996 12 29 0745 128.583 -16.892   5.0 2.97 MW ML2MW
1997 02 08 1337 129.310 -11.550 281.0 2.96 MW mb2MW
1998 09 14 0608 127.300 -17.155   5.0 2.90 MW ML2MW
1998 10 27 2240 128.472 -17.002   5.0 2.90 MW ML2MW
1999 03 07 1959 128.085 -17.275   5.0 2.97 MW ML2MW
1999 03 29 1512 128.375 -15.126   5.0 2.97 MW ML2MW
1999 05 24 1920 127.780 -15.470   5.0 2.90 MW ML2MW
1999 06 20 1143 122.680 -16.950   5.0 2.97 MW ML2MW
1999 10 14 0018 127.580 -16.710   5.0 2.83 MW ML2MW
1999 12 01 0511 123.220 -17.970   5.0 2.90 MW ML2MW
2000 02 21 1615 126.430 -16.740   5.0 2.97 MW ML2MW
2000 02 29 1124 120.960 -17.500   5.0 2.97 MW ML2MW
2000 03 30 1555 128.560 -16.640   5.0 2.97 MW ML2MW
2002 04 14 0444 128.429 -17.010   0.0 2.97 MW ML2MW
2005 07 09 1348 124.660 -14.950  37.0 2.73 MW ML2MW
2005 09 11 2140 128.730 -16.518   5.0 2.90 MW ML2MW
2006 04 23 1423 122.075 -17.288   3.0 2.78 MW ML2MW
2006 05 08 0122 127.859 -17.673   0.0 2.92 MW ML2MW
2006 05 14 0927 127.311 -18.327   0.0 2.94 MW ML2MW
2007 12 11 1605 128.777 -16.430   9.0 2.79 MW ML2MW
2008 06 23 1317 127.722 -18.176   0.0 2.99 MW ML2MW
2010 11 24 1744 121.321 -17.094  10.0 2.75 MW ML2MW
2010 12 02 1830 128.594 -14.658   2.0 2.86 MW ML2MW
2010 12 09 1653 127.410 -17.223   5.0 2.42 MW ML2MW
2011 01 08 1257 128.795 -14.771  10.0 2.83 MW ML2MW
2011 04 04 1203 127.984 -17.452   0.0 2.98 MW ML2MW
2011 04 26 0756 128.469 -16.631   0.0 2.71 MW mb2MW
2013 03 20 2314 123.373 -17.630  10.0 2.97 MW ML2MW
2014 09 29 1927 120.989 -18.972  10.0 2.61 MW ML2MW
2015 05 11 1331 127.779 -18.152  10.0 2.99 MW ML2MW
2015 05 28 1831 123.598 -18.074  15.0 2.95 MW ML2MW
2015 06 08 1539 129.764 -14.588   3.0 2.97 MW ML2MW
2016 09 11 1622 126.303 -16.798   9.0 2.97 MW ML2MW
2017 09 10 1731 124.175 -17.291  10.0 2.93 MW ML2MW
2018 03 14 1907 129.668 -13.324  10.0 2.67 MW ML2MW
2018 04 26 2202 122.519 -18.178  10.0 2.90 MW ML2MW
2018 04 30 1649 129.621 -15.045  10.0 2.93 MW ML2MW
2019 01 23 1325 125.316 -17.055  10.0 2.99 MW ML2MW
2019 02 11 1103 128.813 -16.748   0.0 2.94 MW ML2MW
2019 02 11 1751 128.711 -16.544  10.0 2.73 MW ML2MW
2019 02 11 2004 128.874 -16.675  10.0 2.78 MW ML2MW
2019 04 04 1740 122.207 -17.326  10.0 2.74 MW ML2MW
2019 05 05 0325 121.827 -17.016  10.0 2.94 MW ML2MW
2019 06 02 1409 129.936 -14.854  10.0 2.87 MW ML2MW
2019 06 16 1408 128.545 -16.972  10.0 2.98 MW ML2MW
2019 07 26 0348 120.672 -18.632  10.0 2.42 MW ML2MW
2019 08 01 0652 120.490 -18.511  10.0 2.78 MW ML2MW
2019 08 03 1245 120.470 -18.794  10.0 2.87 MW ML2MW
2019 08 15 1234 120.590 -18.493  10.0 2.64 MW ML2MW
2019 08 19 1248 120.246 -18.549  10.0 2.67 MW ML2MW
2019 08 21 0500 120.528 -18.597  10.0 2.97 MW ML2MW
2019 08 27 2140 120.480 -18.787  10.0 2.54 MW ML2MW
2019 08 30 1043 120.226 -18.548  10.0 2.53 MW ML2MW
2019 09 29 1334 120.331 -18.696  10.0 2.71 MW ML2MW
2019 10 01 0108 120.174 -18.653  10.0 2.69 MW ML2MW
2019 10 07 1950 121.302 -17.024  10.0 2.96 MW ML2MW
2019 10 25 1133 120.475 -18.590  10.0 2.63 MW ML2MW
2019 11 22 0355 125.295 -19.540  10.0 2.97 MW ML2MW
2019 12 14 0256 120.183 -18.510  10.0 2.55 MW ML2MW
2019 12 17 1253 120.018 -19.133  10.0 2.54 MW ML2MW
2020 01 11 0324 120.123 -18.674  10.0 2.66 MW ML2MW
2020 03 05 2038 120.461 -18.668  10.0 2.55 MW ML2MW
2020 05 17 0925 121.662 -18.868  10.0 2.77 MW ML2MW
2020 06 14 1533 123.342 -18.781  10.0 2.70 MW ML2MW
2020 06 23 2252 120.656 -18.283  10.0 2.62 MW ML2MW
2020 07 03 2258 120.554 -18.484  10.0 2.78 MW ML2MW
2020 10 20 1131 123.703 -17.850  10.0 2.27 MW ML2MW
2021 03 25 1729 124.954 -19.533  10.0 2.53 MW ML2MW
2021 07 04 1015 127.983 -16.320  10.0 2.91 MW ML2MW
