1969 01 29 1503 139.115 -31.797  20.3 4.06 MW ML2MW
1970 09 16 1740 138.577 -33.209   0.0 3.53 MW ML2MW
1971 10 08 1542 138.977 -32.501   6.4 3.44 MW ML2MW
1972 11 07 1032 138.736 -32.409   6.8 3.19 MW ML2MW
1972 11 10 1400 139.054 -32.283   7.7 3.04 MW ML2MW
1974 01 19 1954 138.796 -32.177   3.6 3.53 MW ML2MW
1975 04 29 2207 138.943 -32.164   0.0 3.61 MW ML2MW
1975 05 11 0943 139.031 -33.110   5.3 3.04 MW ML2MW
1975 06 23 0027 138.987 -32.790  14.8 3.26 MW ML2MW
1976 11 04 0130 138.803 -32.383  10.6 3.44 MW ML2MW
1977 11 04 1237 138.632 -33.145   4.9 2.97 MW ML2MW
1978 01 17 0145 138.960 -32.025   0.0 2.97 MW ML2MW
1978 03 26 2236 138.923 -32.389  16.4 4.00 MW ML2MW
1979 03 15 2004 138.645 -32.414   6.3 3.45 MW ML2MW
1979 08 03 0019 138.631 -33.163   6.2 3.45 MW ML2MW
1980 04 22 0124 138.722 -32.027  12.1 3.67 MW ML2MW
1980 11 08 0317 138.595 -32.176  18.4 3.11 MW ML2MW
1981 10 02 1755 138.878 -32.476   6.8 3.82 MW ML2MW
1981 12 26 1351 139.009 -32.284   0.0 3.19 MW ML2MW
1982 02 08 0138 139.082 -32.069  22.3 2.97 MW ML2MW
1982 04 19 1558 138.610 -32.354  13.2 3.46 MW ML2MW
1982 07 08 1432 138.628 -32.809   3.9 3.26 MW ML2MW
1984 03 17 0423 139.158 -33.287  10.0 3.49 MW ML2MW
1985 11 10 2208 138.386 -32.740  20.4 3.65 MW ML2MW
1985 11 19 0439 139.062 -32.703   6.0 3.04 MW ML2MW
1986 05 20 1358 138.555 -32.610   9.4 3.04 MW ML2MW
1987 10 01 0013 139.196 -33.457  15.8 3.11 MW ML2MW
1989 10 15 1135 138.668 -32.272  15.0 3.11 MW ML2MW
1990 03 05 0655 139.047 -33.047   6.6 3.11 MW ML2MW
1990 12 13 0628 138.987 -33.017   6.0 3.04 MW ML2MW
1991 09 02 2213 138.998 -32.724   2.8 3.66 MW ML2MW
1991 11 03 1155 138.712 -33.169  13.0 2.97 MW ML2MW
1992 05 27 1017 138.487 -33.076   2.2 3.04 MW ML2MW
1992 12 17 1803 138.996 -33.030   6.5 3.74 MW ML2MW
1993 04 20 1446 138.909 -33.035   8.4 3.34 MW ML2MW
1993 08 13 0036 139.025 -33.073   2.9 2.97 MW ML2MW
1994 04 17 1258 138.973 -33.035   8.3 3.11 MW ML2MW
1995 11 13 0400 138.466 -32.584   7.8 3.91 MW ML2MW
1996 12 16 2302 138.983 -33.530  11.1 2.97 MW ML2MW
1998 01 28 0845 138.598 -32.885   4.6 3.34 MW ML2MW
1998 12 17 2354 138.371 -32.382   8.4 3.19 MW ML2MW
1999 03 29 1041 138.849 -32.623   3.2 3.04 MW ML2MW
1999 04 20 0146 138.766 -33.128   9.2 3.12 MW ML2MW
1999 10 31 1236 138.572 -32.407   5.2 3.50 MW ML2MW
2000 07 12 2121 138.534 -32.596  13.8 3.12 MW ML2MW
2001 04 04 1417 138.949 -33.149   7.6 3.04 MW ML2MW
2002 08 01 1858 138.730 -32.289  11.8 3.12 MW ML2MW
2002 12 30 1801 138.613 -33.101   8.7 2.97 MW ML2MW
2003 02 08 2231 138.417 -32.571  14.6 2.90 MW ML2MW
2003 05 17 0452 139.037 -32.982   1.4 2.97 MW ML2MW
2004 04 15 0554 138.756 -31.980  16.0 3.52 MW ML2MW
2004 11 08 0732 138.933 -32.412  14.0 2.97 MW ML2MW
2004 12 13 1848 138.718 -32.361   9.4 3.27 MW ML2MW
2005 01 12 2253 138.574 -33.097   7.4 2.97 MW ML2MW
2005 08 24 0337 138.738 -32.322   8.4 3.34 MW ML2MW
2005 09 18 1036 138.593 -32.739  10.3 3.19 MW ML2MW
2006 02 18 1716 138.573 -32.804  16.5 2.97 MW ML2MW
2006 05 14 0434 139.241 -33.565  14.0 3.12 MW ML2MW
2006 06 15 0801 139.173 -32.121  11.0 3.76 MW ML2MW
2006 07 15 1448 138.763 -32.988   4.3 2.97 MW ML2MW
2008 01 23 1936 138.672 -33.139   9.6 2.90 MW ML2MW
2008 05 29 0535 138.814 -31.814  11.8 3.12 MW ML2MW
2008 07 01 0650 138.691 -33.079   5.3 3.27 MW ML2MW
2008 10 07 1238 138.634 -32.078  11.2 3.19 MW ML2MW
2008 10 18 0202 138.781 -32.933   8.3 3.27 MW ML2MW
2009 01 02 1251 138.921 -33.030   5.7 3.27 MW ML2MW
2009 01 19 0435 138.933 -31.960  16.7 2.90 MW ML2MW
2009 01 26 0029 138.988 -32.763   8.3 3.90 MW Ghasemi et al (2016)
2009 10 26 2241 139.070 -32.719   1.8 3.60 MW ML2MW
2010 06 22 2041 138.537 -32.641  13.5 2.97 MW ML2MW
2011 02 13 1448 138.699 -33.202   8.2 2.97 MW ML2MW
2011 02 20 1530 138.436 -32.571  10.9 3.17 MW ML2MW
2011 07 23 2047 138.816 -32.026  10.1 3.34 MW ML2MW
2011 09 04 1115 138.693 -33.086   4.0 4.18 MW Ghasemi et al (2016)
2011 09 23 1642 138.559 -32.626   3.4 3.35 MW ML2MW
2011 10 15 1038 138.799 -32.390   4.7 4.07 MW Ghasemi et al (2016)
2011 12 17 0324 138.458 -32.931  14.7 2.97 MW ML2MW
2012 01 04 1955 138.765 -32.178  13.0 2.97 MW ML2MW
2012 06 11 2107 138.558 -32.332  18.1 3.11 MW ML2MW
2014 01 05 1801 138.685 -31.949  15.7 3.31 MW ML2MW
2014 09 17 1416 139.023 -33.463   8.7 3.17 MW ML2MW
2015 06 21 1846 138.661 -31.977  13.5 3.00 MW ML2MW
2015 06 23 1105 138.637 -33.191   4.1 2.92 MW ML2MW
2015 06 25 0628 138.580 -32.851   5.3 2.97 MW ML2MW
2015 07 13 0512 138.630 -32.049  21.6 3.19 MW ML2MW
2015 07 20 0945 139.169 -32.107  11.6 3.34 MW ML2MW
2015 09 07 0017 138.490 -32.438  21.9 3.00 MW ML2MW
2016 01 04 0333 138.935 -32.451   7.3 3.49 MW ML2MW
2016 07 25 2010 138.555 -32.638   0.0 3.10 MW ML2MW
2017 04 24 0737 138.399 -32.440  10.0 3.63 MW ML2MW
2018 05 25 0159 138.652 -32.241  10.0 2.96 MW ML2MW
2018 07 27 0253 139.109 -33.266  10.0 2.96 MW ML2MW
2018 08 28 0914 138.710 -33.201  10.0 2.97 MW ML2MW
2018 09 16 0444 138.507 -32.569   0.0 2.99 MW ML2MW
2018 11 02 2127 138.767 -32.100   0.0 3.35 MW ML2MW
2019 03 05 2247 139.107 -33.467   0.0 2.92 MW ML2MW
2019 04 19 1159 138.995 -33.347   1.8 2.91 MW ML2MW
2019 05 12 1957 138.939 -33.237  10.0 3.06 MW ML2MW
2019 06 16 1837 138.895 -33.350   2.0 3.44 MW ML2MW
2019 10 13 0004 138.901 -32.349  10.0 2.92 MW ML2MW
2020 02 14 1349 138.813 -32.836  10.0 3.88 MW ML2MW
2020 04 11 2040 138.709 -33.070  10.0 3.52 MW ML2MW
2020 06 07 0239 138.706 -33.202  10.0 2.94 MW ML2MW
2020 08 04 0009 139.002 -33.319   2.3 3.26 MW ML2MW
2020 09 12 2050 139.064 -33.440   2.4 2.96 MW ML2MW
2020 09 24 1453 138.898 -33.320   1.1 3.09 MW ML2MW
2021 01 16 0947 138.392 -32.516   3.1 3.11 MW ML2MW
2021 02 27 2019 138.855 -31.995  10.0 3.19 MW ML2MW
2021 04 20 1226 138.529 -32.413   1.1 3.18 MW ML2MW
2021 06 15 1008 138.573 -32.337   2.1 3.11 MW ML2MW
2021 06 18 0915 138.452 -32.592   4.0 3.05 MW ML2MW
2021 07 03 1323 138.495 -32.418   0.6 3.02 MW ML2MW
2021 08 29 0835 138.687 -32.620   2.3 3.00 MW ML2MW
2022 04 03 1038 138.513 -32.283  10.0 3.34 MW ML2MW
2022 11 14 1248 138.375 -32.768  10.0 2.93 MW ML2MW
