1921 04 23 1900 138.833 -33.267   0.0 4.61 MW ML2MW
1887 04 16 1310 139.000 -33.500  10.0 4.03 MW ML2MW
1866 12 02 2020 139.133 -33.367   8.0 3.20 MW ML2MW
1902 05 07 0510 138.500 -32.750   0.0 4.35 MW ML2MW
1871 01 12 1155 139.000 -32.667  11.0 3.27 MW ML2MW
1911 02 19 1340 139.083 -32.883   6.0 4.35 MW ML2MW
1884 09 15 1341 138.833 -32.983   6.0 2.87 MW ML2MW
1887 08 07 0410 138.450 -32.533   8.0 3.71 MW ML2MW
1890 07 23 2130 138.700 -32.850   8.0 3.87 MW ML2MW
1913 12 06 2205 138.867 -33.150   7.0 3.64 MW ML2MW
1963 06 18 0240 138.600 -32.600   0.0 3.05 MW ML2MW
1965 06 05 2113 138.584 -33.219  17.3 3.02 MW ML2MW
1966 12 07 0249 138.913 -33.339  18.6 3.44 MW ML2MW
1968 04 10 1825 138.813 -32.531   0.0 3.04 MW ML2MW
1969 01 19 1809 138.492 -33.051   7.5 2.97 MW ML2MW
1968 04 25 2340 138.814 -33.422   3.3 2.83 MW ML2MW
1969 09 07 0706 138.583 -33.192   9.7 3.11 MW ML2MW
1968 04 29 0508 138.998 -32.817  21.3 2.90 MW ML2MW
1969 08 10 1010 138.489 -32.517   0.0 2.76 MW ML2MW
1970 11 10 1047 139.197 -33.410   7.1 2.76 MW ML2MW
1972 04 07 0856 138.813 -32.010   3.5 2.76 MW ML2MW
1973 01 14 1224 139.092 -32.292   7.5 2.76 MW ML2MW
1973 02 20 2236 138.961 -32.938   7.2 2.76 MW ML2MW
1973 06 23 1513 138.718 -33.177  14.0 2.83 MW ML2MW
1974 08 17 0650 138.646 -33.165  11.5 2.76 MW ML2MW
1975 03 16 2253 138.944 -32.133   8.0 2.76 MW ML2MW
1977 02 22 0058 138.861 -32.222  18.3 2.76 MW ML2MW
1977 05 16 1823 138.759 -32.124   9.3 2.76 MW ML2MW
1979 01 10 1501 138.512 -33.093  10.8 2.83 MW ML2MW
1979 10 08 0828 139.208 -33.212   0.6 2.76 MW ML2MW
1979 10 23 1854 138.919 -32.381   0.0 2.90 MW ML2MW
1980 01 06 1803 139.211 -33.209   1.3 2.90 MW ML2MW
1980 11 12 0747 138.705 -33.171   0.0 2.83 MW ML2MW
1982 01 13 0657 138.972 -32.331   3.1 2.83 MW ML2MW
1982 01 18 0316 138.772 -32.143  13.1 2.76 MW ML2MW
1983 08 30 1638 138.652 -32.230   5.4 2.90 MW ML2MW
1984 04 02 0506 138.763 -32.313   2.5 2.76 MW ML2MW
1984 07 10 1413 138.918 -32.331   4.4 2.90 MW ML2MW
1985 09 24 2322 138.536 -32.729  18.1 2.76 MW ML2MW
1985 11 21 0735 138.648 -33.169   4.6 2.90 MW ML2MW
1985 12 21 0209 138.459 -32.291  20.5 2.76 MW ML2MW
1986 01 19 0537 138.804 -31.939   3.1 2.76 MW ML2MW
1987 01 26 2252 138.381 -32.509  14.5 2.76 MW ML2MW
1987 08 21 0658 138.692 -32.343  12.4 2.76 MW ML2MW
1988 09 23 1753 138.829 -33.116   3.2 2.76 MW ML2MW
1989 01 11 0551 138.985 -33.281  11.8 2.90 MW ML2MW
1989 04 08 0418 138.575 -32.818   0.0 2.76 MW ML2MW
1989 05 03 0432 138.398 -32.720  20.8 2.83 MW ML2MW
1989 09 29 2203 138.757 -31.915  13.4 2.76 MW ML2MW
1990 03 31 2018 138.927 -32.223   2.0 2.83 MW ML2MW
1990 08 21 1049 138.691 -32.016   6.1 2.83 MW ML2MW
1991 01 13 0303 138.984 -32.063   8.0 2.76 MW ML2MW
1991 05 16 1443 139.005 -32.342  10.0 2.83 MW ML2MW
1991 10 08 1515 138.867 -32.210  12.6 2.76 MW ML2MW
1993 01 18 2305 138.943 -33.095  12.9 2.76 MW ML2MW
1993 04 05 2142 138.915 -33.070   9.3 2.76 MW ML2MW
1993 09 19 2327 138.795 -32.080   9.4 2.76 MW ML2MW
1994 09 12 2123 138.969 -33.032   5.0 2.83 MW ML2MW
1995 05 17 1746 138.705 -32.116  15.4 2.76 MW ML2MW
1995 10 10 0414 138.510 -32.601   5.0 2.83 MW ML2MW
1996 06 27 0133 138.711 -32.116  10.4 2.76 MW ML2MW
1997 09 08 1528 138.544 -32.906  10.3 2.83 MW ML2MW
1997 12 13 2310 138.793 -32.380   8.7 2.90 MW ML2MW
1998 09 10 2028 138.788 -33.090   3.7 2.83 MW ML2MW
2003 11 11 1919 138.614 -33.241  10.0 2.83 MW ML2MW
2004 06 11 0941 138.473 -32.665  55.0 2.83 MW ML2MW
2007 09 17 1959 138.659 -32.261   3.2 2.83 MW ML2MW
2010 07 26 2057 138.851 -31.885  11.4 2.69 MW ML2MW
2010 09 19 2211 138.817 -31.884   4.1 2.78 MW ML2MW
2011 05 25 2205 138.848 -32.349   4.3 2.87 MW ML2MW
2011 12 12 0303 138.726 -33.250   7.3 2.88 MW ML2MW
2012 08 17 0107 138.496 -32.260  10.0 2.79 MW ML2MW
2012 08 31 1221 138.449 -32.578   5.3 2.80 MW ML2MW
2012 12 20 2330 138.727 -32.040  11.1 2.71 MW ML2MW
2012 12 25 0245 138.702 -32.532   2.2 2.76 MW ML2MW
2013 01 22 1422 138.749 -33.245   5.4 2.83 MW ML2MW
2013 04 22 2102 139.056 -33.256   7.6 2.87 MW ML2MW
2014 01 01 0832 138.813 -31.914  10.0 2.63 MW ML2MW
2014 01 30 1717 138.959 -33.236   2.5 2.79 MW ML2MW
2014 05 22 1544 138.673 -32.020  16.9 2.68 MW ML2MW
2015 01 17 2130 138.670 -32.001  14.9 2.80 MW ML2MW
2016 06 05 0946 138.927 -32.201   3.3 2.87 MW ML2MW
2017 07 16 2050 138.907 -32.808  10.0 2.53 MW ML2MW
2017 07 16 2241 138.635 -32.416  10.0 2.80 MW ML2MW
2017 07 23 0521 138.974 -31.984  10.0 2.51 MW ML2MW
2017 07 24 0653 138.779 -32.393  10.0 2.72 MW ML2MW
2017 08 25 1551 138.607 -33.203  10.0 2.42 MW ML2MW
2017 10 08 1706 138.639 -33.157   0.0 2.77 MW ML2MW
2017 10 19 0212 138.810 -32.063  10.0 2.75 MW ML2MW
2017 11 05 2308 138.894 -32.694  10.0 2.59 MW ML2MW
2017 12 01 0820 138.394 -32.498  10.0 2.26 MW ML2MW
2017 12 13 0341 138.397 -32.739  10.0 2.86 MW ML2MW
2017 12 15 0213 138.563 -32.408  10.0 2.19 MW ML2MW
2018 01 10 1112 138.905 -32.337  10.0 2.56 MW ML2MW
2018 01 22 0542 138.372 -32.654  10.0 2.46 MW ML2MW
2018 01 31 1929 138.562 -32.605  10.0 2.34 MW ML2MW
2018 03 02 1658 138.740 -33.109  10.0 2.55 MW ML2MW
2018 03 07 1637 138.657 -32.028  10.0 2.76 MW ML2MW
2018 03 30 0955 139.141 -33.246  10.0 2.46 MW ML2MW
2018 04 06 0435 139.087 -33.188  10.0 2.57 MW ML2MW
2018 04 12 2021 138.467 -32.890  10.0 2.72 MW ML2MW
2018 08 02 0426 138.416 -32.761  10.1 2.76 MW ML2MW
2018 09 20 1540 138.477 -32.757   7.7 2.27 MW ML2MW
2018 10 01 1026 138.967 -32.741   0.0 2.82 MW ML2MW
2018 10 14 0900 138.698 -32.465   0.0 2.77 MW ML2MW
2018 11 19 0140 138.675 -31.998  10.0 2.64 MW ML2MW
2018 12 11 1326 139.204 -32.034  10.0 2.57 MW ML2MW
2019 02 12 0304 138.468 -32.608  10.0 2.31 MW ML2MW
2019 02 15 1643 138.656 -33.147   0.0 2.45 MW ML2MW
2019 03 21 0304 138.398 -32.587   2.0 2.15 MW ML2MW
2019 04 09 1356 139.090 -33.280  10.0 2.66 MW ML2MW
2019 06 09 0816 138.525 -33.125  10.0 2.24 MW ML2MW
2019 06 26 0233 138.804 -32.276  10.0 2.15 MW ML2MW
2019 06 27 1004 138.635 -33.171   0.0 2.74 MW ML2MW
2019 07 03 0506 138.378 -32.816  10.0 2.87 MW ML2MW
2019 07 11 0711 138.871 -32.139  10.0 2.37 MW ML2MW
2020 04 11 2138 138.863 -33.037  10.0 2.54 MW ML2MW
2020 09 14 0046 138.736 -32.449   3.9 2.76 MW ML2MW
2021 09 17 1131 138.838 -31.919   2.6 2.87 MW ML2MW
