1963 08 27 1915 128.600 -16.600  33.0 4.89 MW mb2MW
1968 06 19 0555 124.900 -19.100  18.0 4.79 MW mb2MW
1975 03 06 2351 126.488 -17.212   0.0 4.89 MW mb2MW
1978 05 06 1952 126.560 -19.550  17.0 4.89 MW mb2MW
1979 07 16 2039 127.049 -17.224  10.0 4.48 MW ML2MW
1985 03 03 1104 126.590 -18.270  10.0 3.12 MW ML2MW
1985 07 23 0947 126.797 -19.310  10.0 4.23 MW ML2MW
1986 04 24 0823 127.880 -18.090   5.0 3.05 MW ML2MW
1987 05 21 0315 128.348 -16.842   0.0 3.30 MW ML2MW
1987 08 30 1423 128.679 -16.739  14.0 4.13 MW ML2MW
1988 03 12 1359 128.829 -16.640   5.0 3.11 MW ML2MW
1988 06 23 1131 128.606 -16.814  10.0 4.08 MW ML2MW
1988 07 14 2236 128.783 -16.862  33.0 3.94 MW ML2MW
1988 08 25 2133 128.583 -16.694  10.0 3.22 MW ML2MW
1988 09 21 0228 128.130 -17.380   5.0 3.41 MW ML2MW
1988 12 15 1856 124.583 -19.164   5.0 3.68 MW ML2MW
1989 04 01 0517 127.770 -19.280  10.0 3.18 MW ML2MW
1989 04 10 0737 126.618 -17.124   5.0 3.28 MW ML2MW
1989 11 04 0057 127.798 -17.236   5.0 3.33 MW ML2MW
1990 02 20 1418 128.532 -16.713  10.0 3.19 MW ML2MW
1990 03 20 2109 124.310 -18.506   5.0 3.42 MW ML2MW
1990 06 26 2030 126.799 -18.698   5.0 3.34 MW ML2MW
1991 08 18 1156 128.607 -16.770  10.0 3.82 MW ML2MW
1991 10 06 2259 129.087 -16.877   5.0 3.58 MW ML2MW
1991 10 09 1646 128.663 -16.706   5.0 3.66 MW ML2MW
1992 01 18 0249 126.708 -19.856   5.0 3.11 MW ML2MW
1992 03 31 0214 126.875 -18.820  10.0 3.94 MW mb2MW
1992 08 02 0734 126.730 -19.906   5.0 3.26 MW ML2MW
1992 11 16 2104 127.206 -17.034   5.0 3.26 MW ML2MW
1993 08 11 1914 126.841 -19.514  10.0 3.50 MW ML2MW
1993 08 28 1926 127.925 -16.133   5.0 3.26 MW ML2MW
1994 10 09 1501 128.070 -16.652   5.0 3.58 MW ML2MW
1995 12 12 2211 124.282 -18.527   5.0 3.34 MW ML2MW
1996 03 11 2324 127.149 -16.578   5.0 3.58 MW ML2MW
1996 04 28 2052 128.651 -16.663  18.0 3.11 MW ML2MW
1996 09 02 0546 128.652 -16.563   1.0 3.11 MW ML2MW
1996 10 23 1823 128.650 -16.598   5.0 3.58 MW ML2MW
1997 03 03 0305 127.003 -16.597   5.0 3.34 MW ML2MW
1997 11 11 1226 128.168 -16.504   5.0 3.50 MW ML2MW
1997 11 23 0420 128.496 -16.798  33.0 3.04 MW ML2MW
1998 04 08 1641 126.642 -17.925   5.0 3.04 MW ML2MW
1998 04 12 1510 128.551 -16.924   5.0 3.04 MW ML2MW
1998 11 13 1154 124.887 -19.132   7.0 3.74 MW ML2MW
1999 03 22 0122 127.312 -16.692   5.0 3.50 MW ML2MW
1999 04 10 2227 124.752 -19.621   5.0 3.26 MW ML2MW
1999 12 16 1236 125.880 -16.840   5.0 3.11 MW ML2MW
2000 04 13 0314 128.635 -16.421  15.0 3.70 MW ML2MW
2001 01 25 1406 126.450 -18.350   0.0 3.42 MW ML2MW
2001 04 21 0856 127.611 -20.013  10.0 3.41 MW ML2MW
2001 07 27 0423 124.366 -18.384   0.0 3.48 MW ML2MW
2003 05 20 1232 128.431 -16.846   5.0 3.03 MW ML2MW
2003 07 27 2257 125.142 -19.012  10.0 3.26 MW ML2MW
2003 12 05 2226 126.844 -18.387  10.0 3.83 MW mb2MW
2004 04 03 0729 128.715 -16.756  10.0 3.26 MW ML2MW
2004 09 25 1510 129.152 -16.776  10.0 3.99 MW ML2MW
2004 10 18 2227 127.437 -16.527   9.0 3.02 MW ML2MW
2004 11 01 1315 124.844 -19.111   8.9 3.89 MW ML2MW
2004 11 23 1050 127.153 -16.937  10.0 3.95 MW ML2MW
2004 12 16 0955 125.120 -17.597  11.8 3.50 MW ML2MW
2005 04 02 0914 127.241 -16.645   0.0 3.08 MW ML2MW
2005 11 15 1450 128.666 -16.486   2.0 3.20 MW ML2MW
2005 12 26 0750 128.746 -16.133   0.0 3.06 MW ML2MW
2006 05 24 2200 127.138 -16.534   2.3 3.08 MW ML2MW
2006 05 26 0738 128.691 -16.664   0.0 3.11 MW ML2MW
2007 02 05 1717 125.413 -19.294   5.0 3.18 MW ML2MW
2007 02 17 1344 126.617 -17.903   0.0 3.42 MW ML2MW
2007 04 25 2027 127.151 -18.119   0.0 3.17 MW ML2MW
2007 08 24 0609 128.672 -16.657   0.0 3.04 MW ML2MW
2008 07 27 0644 127.744 -18.144   0.0 3.14 MW ML2MW
2010 01 05 0555 128.600 -17.009  10.0 3.36 MW ML2MW
2011 08 17 1109 128.677 -16.919   0.0 3.47 MW ML2MW
2012 06 03 0920 129.173 -17.083  15.0 3.25 MW ML2MW
2012 12 01 1719 127.661 -16.195  10.0 3.54 MW ML2MW
2013 11 18 1743 128.660 -16.606   0.0 3.16 MW ML2MW
2013 11 25 1539 124.529 -19.312  10.0 3.12 MW ML2MW
2013 12 30 0907 128.700 -16.604   0.0 3.34 MW ML2MW
2014 05 01 0817 126.419 -18.205   5.0 3.00 MW ML2MW
2014 10 09 1545 127.132 -18.137   9.0 3.09 MW ML2MW
2014 11 12 0200 125.666 -18.287  18.0 3.53 MW ML2MW
2014 12 06 0609 127.388 -17.616  10.0 3.47 MW ML2MW
2015 04 28 1816 124.700 -18.383  10.0 3.15 MW ML2MW
2015 05 23 2107 128.744 -16.873  10.0 3.45 MW ML2MW
2015 11 28 1952 128.752 -16.593   6.0 3.04 MW ML2MW
2016 08 25 0405 124.792 -19.502  10.0 3.06 MW ML2MW
2016 09 11 1622 126.303 -16.798   9.0 3.14 MW ML2MW
2017 03 22 1449 125.259 -17.323  10.0 3.23 MW ML2MW
2018 03 03 2200 128.818 -16.767  10.0 3.49 MW ML2MW
2018 12 03 1954 124.578 -18.662   0.0 3.22 MW ML2MW
2018 12 11 1103 128.771 -16.505   7.5 3.22 MW ML2MW
2019 01 23 1325 125.316 -17.055  10.0 3.06 MW ML2MW
2019 10 15 2018 125.221 -19.496  10.0 3.06 MW ML2MW
2019 11 22 0355 125.295 -19.540  10.0 3.13 MW ML2MW
2020 04 24 0459 126.944 -18.064  10.0 3.30 MW ML2MW
2020 06 13 1540 128.526 -16.626  10.0 3.25 MW ML2MW
2020 07 16 1943 128.512 -16.682  10.0 3.21 MW ML2MW
2020 12 17 0413 124.685 -19.057  10.0 3.36 MW ML2MW
2021 05 11 0917 128.907 -16.591  10.0 3.14 MW ML2MW
2021 05 14 1651 127.266 -16.791  10.0 3.37 MW ML2MW
2021 06 09 1458 124.414 -18.652  10.0 3.25 MW ML2MW
2021 06 17 0552 128.722 -16.624  10.0 3.34 MW ML2MW
2021 08 25 2217 127.774 -16.522  10.0 3.65 MW ML2MW
2022 03 06 1747 124.532 -18.504  10.0 3.04 MW ML2MW
2022 06 15 0348 125.192 -18.988   5.9 3.33 MW ML2MW
2022 07 08 1139 128.652 -16.462  10.0 3.11 MW ML2MW
2022 08 30 2014 127.304 -16.670  10.0 3.58 MW ML2MW
2022 10 17 1839 128.848 -16.540   9.8 3.27 MW ML2MW
2022 10 17 1840 129.041 -16.566  10.0 3.20 MW ML2MW
2022 10 20 0702 128.666 -16.663   9.9 3.40 MW ML2MW
