1941 06 27 0755 137.340 -25.950   0.0 6.52 MW MS2MW
1961 06 18 1613 119.300 -20.100  13.0 5.21 MW ML2MW
1964 03 23 2241 123.042 -17.875  27.3 4.64 MW mb2MW
1965 09 10 1224 122.200 -18.100  18.0 4.91 MW ML2MW
1967 10 12 1031 123.900 -17.900  18.0 4.14 MW mb2MW
1968 06 13 0644 131.183 -20.973  33.0 4.14 MW mb2MW
1968 06 19 0555 124.900 -19.100  18.0 4.64 MW mb2MW
1968 08 02 2045 133.100 -22.780  30.0 4.39 MW mb2MW
1968 08 06 1908 123.200 -18.500  18.0 4.93 MW mb2MW
1968 11 12 1023 124.000 -31.600  18.0 4.22 MW mb2MW
1969 06 17 1954 116.730 -25.260   0.0 4.55 MW ML2MW
1969 06 23 1414 123.100 -17.600   7.0 4.47 MW mb2MW
1969 09 14 2258 123.100 -17.900   7.0 4.39 MW mb2MW
1969 10 27 1139 131.320 -22.800   0.0 4.14 MW mb2MW
1970 02 08 1631 125.080 -27.400   1.0 4.64 MW mb2MW
1970 03 24 1035 126.673 -22.059  15.0 5.90 MW MS2MW
1971 05 12 0916 115.200 -22.900   0.0 3.55 MW mb2MW
1971 05 19 0422 115.500 -22.900   0.0 3.80 MW mb2MW
1971 07 12 1156 136.151 -28.786   5.8 3.19 MW ML2MW
1971 09 10 1634 127.280 -26.310   0.0 3.88 MW mb2MW
1971 11 05 1611 139.778 -30.314   7.2 3.61 MW ML2MW
1972 01 16 0343 124.000 -31.000   0.0 3.22 MW ML2MW
1972 01 18 1033 126.580 -22.980   0.0 3.91 MW ML2MW
1972 01 29 0410 124.500 -21.000   0.0 3.04 MW ML2MW
1972 02 05 1620 125.610 -27.070   0.0 3.64 MW ML2MW
1972 04 07 2208 124.900 -18.290   0.0 3.87 MW ML2MW
1972 04 08 0751 126.800 -23.140   0.0 3.63 MW ML2MW
1972 04 20 0929 118.200 -23.330   0.0 3.80 MW mb2MW
1972 05 20 0347 124.600 -28.100   0.0 3.72 MW mb2MW
1972 07 22 0419 126.710 -28.030   0.0 4.30 MW mb2MW
1972 07 25 0243 119.050 -22.730   0.0 3.53 MW ML2MW
1972 08 28 0218 136.326 -24.992  13.4 5.42 MW mb2MW
1972 10 21 0233 115.550 -24.880   0.0 4.53 MW ML2MW
1972 12 07 0744 120.600 -18.100   0.0 3.32 MW ML2MW
1972 12 21 1343 124.300 -30.700   0.0 3.80 MW mb2MW
1973 01 26 0441 138.350 -25.510   0.0 3.45 MW ML2MW
1973 03 11 1604 127.418 -21.889  10.0 4.55 MW mb2MW
1973 09 27 2002 116.000 -22.200  10.0 3.22 MW ML2MW
1973 12 04 0930 116.300 -21.900  10.0 3.63 MW mb2MW
1974 04 16 0942 116.500 -22.000   0.0 3.13 MW mb2MW
1974 04 17 0721 123.986 -29.581  33.0 4.37 MW ML2MW
1975 01 10 0820 126.110 -27.740   0.0 5.42 MW mb2MW
1975 02 08 1133 116.100 -24.900   0.0 3.97 MW mb2MW
1975 03 07 2013 126.580 -25.860   0.0 4.47 MW mb2MW
1975 05 11 0046 122.770 -21.150  10.0 3.72 MW ML2MW
1975 08 25 1128 123.286 -18.958   0.0 4.30 MW mb2MW
1975 11 28 1755 115.560 -21.530   0.0 4.39 MW mb2MW
1976 03 15 1538 125.470 -32.340  10.0 4.77 MW mb2MW
1976 04 18 1950 126.546 -22.184  51.0 4.22 MW mb2MW
1976 06 11 0427 125.250 -18.670   0.0 3.23 MW ML2MW
1976 10 21 1112 126.665 -22.347  33.0 4.47 MW mb2MW
1976 11 28 1834 122.417 -18.618  33.0 4.05 MW mb2MW
1977 03 11 0228 134.749 -29.236   4.6 3.02 MW ML2MW
1977 04 09 0947 117.440 -34.440   0.0 3.42 MW ML2MW
1977 05 15 1916 117.950 -35.000  10.0 4.19 MW ML2MW
1977 08 17 2116 125.424 -29.797   0.0 3.89 MW ML2MW
1977 09 06 0122 138.566 -28.948  25.9 3.13 MW ML2MW
1977 09 14 1638 135.518 -27.149  25.7 3.19 MW ML2MW
1977 10 24 1220 124.510 -23.860   0.0 3.11 MW ML2MW
1977 11 03 0356 127.000 -22.600  10.0 3.72 MW mb2MW
1977 11 22 0800 120.400 -19.600   0.0 4.13 MW ML2MW
1977 12 30 1009 117.172 -25.245  33.0 4.65 MW ML2MW
1978 01 17 2215 115.520 -22.720  30.0 3.13 MW ML2MW
1978 03 23 0235 131.000 -22.980  10.0 3.37 MW ML2MW
1978 05 01 0342 115.503 -23.464   0.0 4.47 MW mb2MW
1978 05 06 1952 126.560 -19.550  17.0 4.77 MW mb2MW
1978 08 05 1208 130.770 -23.230   0.0 3.40 MW ML2MW
1978 11 18 0511 136.361 -27.992  19.1 3.34 MW ML2MW
1978 12 12 0651 126.420 -22.052  19.0 3.98 MW ML2MW
1979 04 24 2314 129.160 -26.340   0.0 4.15 MW ML2MW
1979 06 10 0033 140.265 -28.306  15.3 3.16 MW ML2MW
1979 06 18 2015 123.925 -29.643   0.0 3.58 MW ML2MW
1979 07 14 0940 122.755 -18.103  15.0 5.04 MW GCMT
1980 01 02 1749 122.090 -17.810  37.0 3.16 MW ML2MW
1980 02 09 1433 138.828 -28.822  17.7 3.22 MW ML2MW
1980 02 09 1850 122.740 -19.780   8.0 3.39 MW ML2MW
1980 02 12 2241 130.099 -23.020   0.0 3.29 MW ML2MW
1980 03 08 0051 124.410 -31.130  19.0 3.29 MW ML2MW
1980 03 15 0709 121.640 -18.770   0.0 4.11 MW ML2MW
1980 04 01 1522 123.790 -17.170   0.0 3.07 MW ML2MW
1980 06 03 1401 127.840 -21.260   0.0 3.08 MW ML2MW
1980 06 07 0515 130.260 -22.100   0.0 3.02 MW ML2MW
1980 07 31 1219 120.960 -19.510   0.0 4.00 MW ML2MW
1980 08 07 2047 123.534 -29.304   0.0 3.89 MW ML2MW
1980 12 21 1320 126.570 -22.000  30.0 3.41 MW ML2MW
1980 12 24 0626 116.670 -34.690   0.0 3.20 MW ML2MW
1981 01 01 0900 122.756 -17.510  33.0 4.14 MW ML2MW
1981 02 23 0711 116.610 -25.430   0.0 3.12 MW ML2MW
1981 03 15 1829 123.412 -18.590  37.0 3.27 MW ML2MW
1981 03 17 2138 123.230 -18.660  37.0 3.02 MW ML2MW
1981 04 03 2000 123.150 -18.120   0.0 3.60 MW ML2MW
1981 04 15 2314 126.500 -22.170  19.0 3.54 MW ML2MW
1981 04 16 1913 121.460 -33.100  10.0 3.17 MW ML2MW
1981 04 24 2103 129.100 -26.330  10.0 3.39 MW ML2MW
1981 05 05 0552 121.840 -18.940  37.0 3.60 MW ML2MW
1981 06 02 1213 121.630 -18.590  37.0 3.32 MW ML2MW
1981 06 27 2333 122.654 -17.784  37.0 3.20 MW ML2MW
1981 06 28 2002 117.210 -25.613   6.0 3.68 MW ML2MW
1981 07 24 1423 135.592 -27.493   4.6 3.04 MW ML2MW
1981 09 04 1227 136.628 -25.178  15.1 2.98 MW ML2MW
1981 10 11 0202 116.150 -25.290  10.0 3.29 MW ML2MW
1981 11 09 1600 116.420 -24.860  10.0 3.20 MW ML2MW
1981 12 15 0043 125.120 -19.400   0.0 3.08 MW ML2MW
1982 01 27 2312 125.390 -27.350  10.0 3.53 MW ML2MW
1982 02 13 0826 126.643 -22.096  10.0 4.39 MW mb2MW
1982 02 19 0111 123.349 -18.902   0.0 3.63 MW ML2MW
1982 02 26 1524 122.490 -17.670  37.0 3.20 MW ML2MW
1982 02 27 1843 121.180 -18.860  37.0 3.08 MW ML2MW
1982 07 04 0705 131.010 -26.470  10.0 3.04 MW ML2MW
1982 07 11 0222 114.470 -22.930  10.0 3.25 MW ML2MW
1982 08 24 0232 131.420 -26.410  10.0 3.86 MW ML2MW
1982 10 03 1700 115.850 -22.090  10.0 4.19 MW ML2MW
1982 11 03 0240 120.480 -20.530  37.0 4.31 MW ML2MW
1982 11 20 0200 127.090 -19.036  19.0 3.57 MW ML2MW
1982 12 16 1431 121.150 -18.320  37.0 3.17 MW ML2MW
1982 12 31 2219 124.142 -17.450  33.0 4.14 MW mb2MW
1983 01 17 2157 125.230 -32.320  10.0 3.32 MW ML2MW
1983 04 05 0450 116.350 -25.300  10.0 3.25 MW ML2MW
1983 05 17 1011 136.313 -27.886  31.3 3.32 MW ML2MW
1983 06 29 1524 122.621 -18.972  10.0 3.07 MW ML2MW
1983 10 04 0012 130.250 -24.140  10.0 3.11 MW ML2MW
1983 10 12 1925 130.330 -25.610  10.0 3.30 MW ML2MW
1983 10 30 0109 123.740 -16.530  37.0 3.52 MW ML2MW
1983 11 21 0304 138.099 -25.749   0.0 3.05 MW ML2MW
1983 11 28 1346 136.375 -24.989  20.0 3.60 MW ML2MW
1983 12 01 1545 126.450 -21.960  10.0 3.49 MW ML2MW
1984 01 08 1153 115.700 -24.670  10.0 3.13 MW ML2MW
1984 01 09 0829 130.920 -26.170   0.0 3.24 MW ML2MW
1984 01 11 1048 138.715 -26.758  30.3 3.30 MW ML2MW
1984 01 24 1441 129.700 -21.972   0.0 3.40 MW ML2MW
1984 02 03 1502 119.570 -34.370  10.0 3.20 MW ML2MW
1984 03 02 0501 122.420 -17.660  10.0 3.43 MW ML2MW
1984 03 23 1938 125.520 -21.290  19.0 3.37 MW ML2MW
1984 03 30 1015 124.550 -27.140  10.0 3.19 MW ML2MW
1984 04 12 2046 129.883 -21.512  18.0 3.26 MW ML2MW
1984 05 17 0412 123.060 -21.370  15.0 3.23 MW ML2MW
1984 06 11 1321 122.780 -26.180   0.0 3.61 MW ML2MW
1984 07 07 0439 126.659 -28.219  33.0 4.17 MW ML2MW
1984 08 08 0357 130.150 -23.200   0.0 3.35 MW ML2MW
1984 08 08 1524 119.340 -19.610  10.0 3.07 MW ML2MW
1984 09 10 0751 123.550 -31.590  10.0 3.20 MW ML2MW
1984 09 12 2102 126.446 -22.016  33.0 3.73 MW ML2MW
1984 09 15 1623 130.860 -26.050   0.0 3.16 MW ML2MW
1984 10 01 1547 126.830 -18.760  10.0 3.16 MW ML2MW
1984 12 13 1648 124.910 -26.250  10.0 3.19 MW ML2MW
1984 12 28 2148 125.810 -19.270  10.0 3.01 MW ML2MW
1985 02 10 1559 129.910 -25.310   0.0 3.25 MW ML2MW
1985 02 13 2121 130.680 -20.170   0.0 3.30 MW ML2MW
1985 03 22 0023 125.570 -22.840  10.0 3.45 MW ML2MW
1985 04 03 0150 132.455 -23.016   9.0 4.55 MW ML2MW
1985 04 09 0718 120.520 -20.490  10.0 3.13 MW ML2MW
1985 04 21 1456 121.897 -19.965  10.0 3.54 MW ML2MW
1985 05 05 1650 116.630 -25.960  10.0 3.84 MW ML2MW
1985 05 07 1004 118.880 -18.950  10.0 3.90 MW ML2MW
1985 05 20 2258 120.860 -18.410  10.0 3.44 MW ML2MW
1985 06 05 0341 122.430 -32.650  10.0 3.11 MW ML2MW
1985 07 02 2345 125.300 -27.700  10.0 3.38 MW ML2MW
1985 07 10 0824 132.000 -25.500   0.0 3.11 MW ML2MW
1985 07 23 0947 126.797 -19.310  10.0 4.23 MW ML2MW
1985 07 28 0739 122.582 -32.554   5.8 4.72 MW ML2MW
1985 07 29 0713 124.260 -28.100  10.0 3.20 MW ML2MW
1986 01 20 2331 124.220 -29.050  10.0 3.37 MW ML2MW
1986 03 16 0644 126.610 -28.100   5.0 3.43 MW ML2MW
1986 03 30 0853 132.734 -26.310   5.0 5.71 MW GCMT
1986 04 14 1932 131.345 -24.879  10.0 3.83 MW ML2MW
1986 04 16 0601 123.480 -20.450   5.0 3.23 MW ML2MW
1986 04 24 0823 127.880 -18.090   5.0 3.05 MW ML2MW
1986 05 02 2224 137.543 -25.957   5.0 3.38 MW ML2MW
1986 05 21 2042 116.220 -25.310   5.0 3.35 MW ML2MW
1986 05 26 0555 128.992 -27.768   5.0 4.06 MW ML2MW
1986 06 15 0233 125.930 -25.340   5.0 3.01 MW ML2MW
1986 06 23 1530 124.780 -27.590   5.0 3.60 MW ML2MW
1986 07 20 0125 126.460 -21.980   5.0 3.11 MW ML2MW
1986 08 24 0454 126.705 -21.648  10.0 3.38 MW ML2MW
1986 09 06 1041 119.050 -22.730   5.0 3.10 MW ML2MW
1986 10 16 2136 114.590 -22.610   5.0 3.96 MW ML2MW
1986 11 28 1546 129.779 -25.433   5.0 3.86 MW ML2MW
1986 12 14 0932 121.510 -19.180   5.0 3.36 MW ML2MW
1986 12 18 0126 122.808 -17.265   5.0 3.27 MW ML2MW
1987 03 30 0510 131.519 -26.062  33.0 3.64 MW ML2MW
1987 04 10 0643 122.100 -17.250   5.0 3.15 MW ML2MW
1987 04 17 1658 115.980 -25.460  23.0 3.00 MW ML2MW
1987 05 12 0900 135.632 -27.296  11.1 3.11 MW ML2MW
1987 07 05 1105 120.700 -18.470   5.0 3.04 MW ML2MW
1987 08 19 1621 128.619 -24.455   0.0 3.20 MW ML2MW
1987 08 21 0939 122.370 -32.660   5.0 3.04 MW ML2MW
1987 10 12 0453 118.470 -34.910   5.0 3.26 MW ML2MW
1987 11 01 1527 126.600 -22.080   5.0 3.10 MW ML2MW
1987 12 04 1315 120.624 -17.655  10.0 4.24 MW ML2MW
1987 12 13 1529 126.270 -29.610   5.0 3.08 MW ML2MW
1988 04 23 2338 126.628 -21.817   5.0 3.14 MW ML2MW
1988 05 08 1553 124.730 -22.830   5.0 3.05 MW ML2MW
1988 05 09 1924 126.430 -21.920   5.0 3.12 MW ML2MW
1988 05 18 0903 122.280 -18.960   5.0 3.11 MW ML2MW
1988 06 15 0913 126.500 -31.720   5.0 4.21 MW ML2MW
1988 07 16 0016 117.050 -25.080   5.0 3.10 MW ML2MW
1988 07 30 0414 123.540 -18.410   5.0 3.08 MW ML2MW
1988 08 03 0739 138.921 -29.832  12.9 2.97 MW ML2MW
1988 08 08 1813 126.573 -27.243   5.0 4.10 MW ML2MW
1988 08 22 1313 121.660 -16.420   5.0 3.30 MW ML2MW
1988 10 19 1549 115.310 -22.840   5.0 3.24 MW ML2MW
1988 11 01 0425 129.540 -25.090   5.0 3.12 MW ML2MW
1988 11 04 0734 128.030 -29.940   5.0 3.10 MW ML2MW
1988 11 24 2344 116.440 -25.350   5.0 3.16 MW ML2MW
1988 12 15 1856 124.583 -19.164   5.0 3.68 MW ML2MW
1988 12 23 0424 126.510 -22.000   5.0 3.04 MW ML2MW
1989 01 07 1141 116.060 -25.390   5.0 3.69 MW ML2MW
1989 03 03 0051 121.570 -21.690   5.0 3.02 MW ML2MW
1989 03 03 1326 123.661 -29.340  10.0 4.88 MW ML2MW
1989 03 21 1800 114.580 -23.240  10.0 3.51 MW ML2MW
1989 04 01 0517 127.770 -19.280  10.0 3.18 MW ML2MW
1989 04 17 0349 123.760 -28.746   5.0 3.10 MW ML2MW
1989 05 28 0255 130.755 -25.139  28.6 4.97 MW ML2MW
1989 07 26 2349 139.711 -29.376  23.3 3.18 MW ML2MW
1989 07 27 0607 125.467 -26.092   5.0 3.11 MW ML2MW
1989 09 13 2152 129.969 -21.517   5.0 3.02 MW ML2MW
1990 01 12 0549 131.570 -25.620   5.0 3.50 MW ML2MW
1990 01 12 0950 131.239 -23.053   5.0 4.26 MW ML2MW
1990 02 04 0850 135.753 -27.663  22.6 2.97 MW ML2MW
1990 02 08 0823 137.342 -27.891   9.0 4.35 MW ML2MW
1990 02 14 1350 137.633 -26.313  13.5 3.01 MW ML2MW
1990 03 03 0631 138.177 -25.859   8.4 2.93 MW ML2MW
1990 03 05 1258 127.775 -26.262   3.0 3.04 MW ML2MW
1990 03 20 2109 124.310 -18.506   5.0 3.42 MW ML2MW
1990 03 21 1337 129.510 -25.430  10.0 4.35 MW ML2MW
1990 03 24 1545 137.799 -25.945   5.8 2.93 MW ML2MW
1990 04 21 2136 127.301 -26.144  10.0 3.19 MW ML2MW
1990 06 26 2030 126.799 -18.698   5.0 3.34 MW ML2MW
1990 06 27 1423 123.117 -18.833   5.0 3.19 MW ML2MW
1990 08 11 1754 130.270 -23.120  10.0 4.35 MW ML2MW
1990 08 17 1214 122.631 -17.849  10.0 4.08 MW ML2MW
1990 09 12 1205 122.870 -18.630   5.0 3.26 MW ML2MW
1990 09 27 1241 137.510 -25.910  10.0 3.74 MW ML2MW
1990 11 25 2146 126.400 -21.730   5.0 3.11 MW ML2MW
1990 12 01 2054 131.809 -26.527  12.9 3.34 MW ML2MW
1990 12 01 2235 131.325 -26.582  21.6 3.99 MW ML2MW
1991 01 09 1022 123.921 -17.534  10.0 3.66 MW ML2MW
1991 02 13 0735 125.653 -29.775   1.0 3.04 MW ML2MW
1991 03 09 1522 120.752 -20.570   5.0 3.04 MW ML2MW
1991 03 15 0429 124.655 -29.360   1.0 3.11 MW ML2MW
1991 03 24 0311 115.962 -21.914   5.0 3.11 MW ML2MW
1991 04 18 0450 132.807 -26.447  10.0 3.00 MW ML2MW
1991 05 16 0202 116.093 -25.457   9.0 3.04 MW ML2MW
1991 06 17 0452 121.678 -19.974   5.0 3.19 MW ML2MW
1991 07 28 0531 122.305 -17.719   5.0 3.19 MW ML2MW
1991 11 05 0926 122.097 -32.836   5.0 3.74 MW ML2MW
1991 12 13 0448 117.360 -34.389   1.0 4.17 MW ML2MW
1992 01 18 0249 126.708 -19.856   5.0 3.11 MW ML2MW
1992 03 10 0347 130.077 -25.449   5.0 3.26 MW ML2MW
1992 03 31 0214 126.875 -18.820  10.0 3.97 MW mb2MW
1992 04 16 0801 116.674 -24.416   5.3 3.34 MW ML2MW
1992 04 18 2040 123.250 -17.322  10.0 3.50 MW ML2MW
1992 06 02 0116 127.954 -22.015   5.0 3.26 MW ML2MW
1992 06 13 1805 130.096 -23.862  16.0 4.35 MW ML2MW
1992 06 14 1528 129.200 -21.450  10.0 3.19 MW ML2MW
1992 07 12 1746 123.066 -19.903   5.0 3.11 MW ML2MW
1992 07 14 0519 129.220 -22.160  10.0 3.34 MW ML2MW
1992 07 15 0017 126.433 -22.064   5.0 4.63 MW ML2MW
1992 07 27 0940 129.286 -24.284   5.0 3.11 MW ML2MW
1992 07 27 1159 122.139 -17.616   5.0 3.91 MW ML2MW
1992 08 02 0734 126.730 -19.906   5.0 3.26 MW ML2MW
1992 08 10 0024 136.387 -25.822   5.0 2.97 MW ML2MW
1992 08 22 1054 128.791 -27.452   5.0 3.74 MW ML2MW
1992 11 29 1557 116.356 -23.937  10.0 3.11 MW ML2MW
1992 12 03 1737 131.395 -25.931  10.0 3.58 MW ML2MW
1992 12 29 2020 129.870 -25.404   0.0 3.91 MW ML2MW
1993 03 22 0208 129.903 -25.392   0.0 3.26 MW ML2MW
1993 03 27 0808 122.821 -18.561   5.0 3.19 MW ML2MW
1993 04 05 1754 127.593 -25.768   5.0 3.11 MW ML2MW
1993 07 06 2359 126.368 -22.569   5.0 3.34 MW ML2MW
1993 07 09 1006 115.713 -24.458   5.0 3.58 MW ML2MW
1993 08 11 1914 126.841 -19.514  10.0 3.50 MW ML2MW
1993 11 20 0738 125.726 -20.590   5.0 3.34 MW ML2MW
1993 11 30 0051 125.087 -29.892   5.0 3.26 MW ML2MW
1994 02 20 1432 123.757 -29.608   5.0 3.26 MW ML2MW
1994 04 19 1125 126.548 -21.917   5.0 3.42 MW ML2MW
1994 08 22 0331 126.315 -21.986   5.0 3.42 MW ML2MW
1994 09 01 0625 130.459 -22.873   5.0 3.19 MW ML2MW
1994 09 04 1301 124.253 -30.688   5.0 4.17 MW ML2MW
1994 10 11 1034 121.307 -33.294   3.0 3.82 MW ML2MW
1994 11 04 2200 135.440 -28.316  12.5 3.11 MW ML2MW
1994 12 02 1942 130.133 -23.587   0.0 4.08 MW ML2MW
1994 12 27 1910 130.248 -23.649   5.0 3.11 MW ML2MW
1995 01 27 1914 123.229 -18.859   5.0 3.42 MW ML2MW
1995 02 21 0126 122.512 -18.886   5.0 3.19 MW ML2MW
1995 02 23 0403 126.226 -21.905   5.0 3.34 MW ML2MW
1995 03 06 1056 129.814 -22.129   6.0 3.34 MW ML2MW
1995 03 16 2301 130.406 -23.347   5.0 3.11 MW ML2MW
1995 03 17 0927 123.529 -18.086   5.0 3.04 MW ML2MW
1995 04 05 2338 126.953 -32.672   5.0 3.91 MW ML2MW
1995 05 29 2033 136.600 -24.800   5.0 3.26 MW ML2MW
1995 06 04 2036 125.796 -24.119   5.0 3.66 MW ML2MW
1995 06 25 2023 121.439 -16.066   5.0 3.34 MW ML2MW
1995 07 01 1843 122.416 -17.483  36.5 3.26 MW ML2MW
1995 07 03 2316 135.072 -27.601  10.0 3.19 MW ML2MW
1995 07 10 1225 132.316 -22.357   0.0 3.26 MW ML2MW
1995 08 10 0650 131.704 -22.357   0.0 3.19 MW ML2MW
1995 08 15 0157 120.813 -18.414   5.0 3.19 MW ML2MW
1995 09 15 0440 118.049 -19.354  22.0 3.11 MW ML2MW
1995 09 21 0940 127.504 -22.249  10.0 3.88 MW mb2MW
1995 10 19 0355 122.835 -18.546   5.0 3.34 MW ML2MW
1995 11 20 1116 131.450 -25.991  10.0 3.50 MW ML2MW
1995 12 12 2211 124.282 -18.527   5.0 3.34 MW ML2MW
1995 12 16 0156 127.454 -21.081   5.0 3.42 MW ML2MW
1996 02 04 1755 120.897 -18.863   5.0 3.42 MW ML2MW
1996 03 10 1800 128.420 -20.540   5.0 3.11 MW ML2MW
1996 04 22 0958 126.595 -22.082   5.0 3.58 MW ML2MW
1996 05 21 2021 121.966 -18.535  30.0 3.26 MW ML2MW
1996 07 09 0926 129.936 -26.990   5.0 3.26 MW ML2MW
1996 09 04 1211 130.685 -26.444   0.0 3.11 MW ML2MW
1996 11 12 0502 130.005 -21.963  11.0 3.11 MW ML2MW
1996 11 30 1723 117.480 -25.230  10.0 3.63 MW mb2MW
1996 11 30 1738 116.682 -24.560   5.0 3.19 MW ML2MW
1996 12 01 0450 132.988 -26.695   5.0 3.42 MW ML2MW
1996 12 06 0401 128.704 -23.405   5.0 3.04 MW ML2MW
1996 12 10 0602 128.448 -26.251   5.0 3.42 MW ML2MW
1996 12 31 1504 122.458 -17.708   5.0 3.26 MW ML2MW
1997 02 05 0015 139.241 -28.710  11.5 4.17 MW ML2MW
1997 02 22 0848 126.327 -21.757  12.0 3.74 MW ML2MW
1997 03 18 2324 119.532 -19.209  33.0 3.34 MW ML2MW
1997 06 06 0617 125.812 -24.156   5.0 3.11 MW ML2MW
1997 06 23 2044 131.870 -23.110  19.0 4.08 MW ML2MW
1997 07 01 0606 115.642 -21.419   5.0 3.26 MW ML2MW
1997 07 23 1829 126.541 -22.114   5.0 3.58 MW ML2MW
1997 07 29 0742 125.807 -28.360  10.0 4.08 MW ML2MW
1997 07 31 1914 123.284 -17.317   5.0 3.11 MW ML2MW
1997 08 17 1305 121.784 -17.151   5.0 3.19 MW ML2MW
1997 09 01 0948 123.138 -18.116   5.0 4.35 MW ML2MW
1997 09 11 1619 126.262 -30.968   5.0 3.11 MW ML2MW
1997 09 26 0810 127.560 -22.792   5.0 3.04 MW ML2MW
1997 10 02 0933 114.927 -23.049   5.0 3.11 MW ML2MW
1997 12 23 1011 115.064 -21.884   5.0 3.42 MW ML2MW
1998 02 08 0446 122.259 -17.831   5.0 3.11 MW ML2MW
1998 02 11 0859 115.263 -23.558   5.0 3.11 MW ML2MW
1998 02 13 0510 124.087 -17.484   5.0 3.34 MW ML2MW
1998 05 15 2354 130.940 -26.090   5.0 3.42 MW ML2MW
1998 06 16 1513 134.470 -23.650   7.0 3.26 MW ML2MW
1998 06 23 0838 131.860 -26.080  10.0 3.19 MW ML2MW
1998 07 17 1846 127.845 -26.502  11.0 3.42 MW ML2MW
1998 07 23 0149 131.350 -23.030   0.0 3.11 MW ML2MW
1998 07 31 0046 125.694 -24.301   5.0 3.26 MW ML2MW
1998 08 17 0245 123.565 -17.662   5.0 3.11 MW ML2MW
1998 08 17 0457 135.246 -28.994   8.3 3.58 MW ML2MW
1998 09 11 0207 132.810 -26.410   0.0 3.19 MW ML2MW
1998 11 13 1154 124.887 -19.132   7.0 3.74 MW ML2MW
1998 11 19 0642 137.790 -25.000   0.0 3.04 MW ML2MW
1999 01 18 1450 126.410 -27.788  10.0 4.08 MW ML2MW
1999 01 23 2256 115.553 -21.464   5.0 3.42 MW ML2MW
1999 02 01 0423 136.814 -28.400  25.5 3.12 MW ML2MW
1999 02 26 0008 136.420 -27.827   7.2 3.12 MW ML2MW
1999 03 01 0128 137.590 -25.800   0.0 3.50 MW ML2MW
1999 03 06 1530 118.213 -23.589  10.0 3.58 MW ML2MW
1999 03 06 2354 139.137 -28.565   6.9 3.99 MW ML2MW
1999 03 27 2209 124.441 -30.832   5.0 3.11 MW ML2MW
1999 04 09 0728 129.812 -25.189   5.0 3.04 MW ML2MW
1999 04 10 2227 124.752 -19.621   5.0 3.26 MW ML2MW
1999 08 14 1245 131.044 -26.170  10.0 3.58 MW ML2MW
1999 12 01 1525 126.590 -27.180   5.0 3.26 MW ML2MW
2000 01 07 0302 121.430 -18.100   5.0 3.11 MW ML2MW
2000 01 10 2057 124.082 -28.554  10.0 3.11 MW ML2MW
2000 01 13 0224 123.806 -16.478   5.0 3.92 MW ML2MW
2000 02 06 1251 121.705 -17.121   5.0 3.26 MW ML2MW
2000 02 08 0426 128.814 -23.911   5.0 3.19 MW ML2MW
2000 02 28 0421 134.588 -27.158   0.0 2.97 MW ML2MW
2000 05 22 1425 116.945 -25.326   5.0 3.11 MW ML2MW
2000 06 19 1804 131.404 -22.832   5.0 3.51 MW ML2MW
2000 07 25 2056 126.286 -22.291  10.0 3.04 MW ML2MW
2000 07 30 1850 122.760 -17.720  10.0 3.07 MW ML2MW
2000 08 01 1123 131.749 -26.787   0.0 3.29 MW ML2MW
2000 09 07 0107 131.205 -23.264  10.0 3.19 MW ML2MW
2000 09 24 0907 114.791 -22.090  10.0 3.41 MW ML2MW
2000 11 11 2200 126.172 -27.637   2.0 3.29 MW ML2MW
2000 11 15 0848 126.540 -22.039  11.0 3.27 MW ML2MW
2000 11 16 0125 118.386 -34.537   0.0 3.10 MW ML2MW
2001 01 04 2123 123.887 -28.940  10.0 3.49 MW ML2MW
2001 01 10 1003 126.635 -27.890   0.0 3.04 MW ML2MW
2001 02 02 0322 122.410 -20.915  20.0 3.19 MW ML2MW
2001 03 29 0600 138.757 -29.607  33.0 2.97 MW ML2MW
2001 03 29 1853 135.364 -27.071  20.6 3.34 MW ML2MW
2001 04 12 1822 137.370 -25.673  10.0 3.36 MW ML2MW
2001 04 12 2237 137.692 -25.843  10.0 3.42 MW ML2MW
2001 04 21 0856 127.611 -20.013  10.0 3.41 MW ML2MW
2001 04 25 2337 124.280 -30.910   5.0 3.38 MW ML2MW
2001 05 28 0743 131.680 -26.500  10.0 3.11 MW ML2MW
2001 06 26 2256 119.490 -20.170  10.0 3.11 MW ML2MW
2001 07 27 0423 124.366 -18.384   0.0 3.48 MW ML2MW
2001 07 28 1949 126.662 -22.137  10.0 3.57 MW ML2MW
2001 08 14 0803 127.580 -22.940   0.0 3.60 MW ML2MW
2001 08 18 0205 122.555 -33.416  10.0 3.11 MW ML2MW
2001 08 25 0338 120.940 -18.870   5.0 3.42 MW ML2MW
2001 10 07 1354 139.767 -24.934   0.0 3.19 MW ML2MW
2001 10 13 0507 129.014 -30.501  12.6 3.05 MW ML2MW
2001 10 19 0418 129.547 -23.601   1.0 3.84 MW ML2MW
2001 10 19 1743 120.628 -33.712  10.0 5.01 MW ML2MW
2001 10 23 0617 124.381 -28.200  10.0 3.04 MW ML2MW
2002 02 05 1751 122.320 -17.457   0.0 3.46 MW ML2MW
2002 02 11 2133 136.300 -29.264   8.1 3.36 MW ML2MW
2002 03 17 0109 125.388 -27.539   5.0 3.27 MW ML2MW
2002 03 24 1156 131.680 -26.691   2.0 3.45 MW ML2MW
2002 04 13 0037 137.714 -26.480  12.0 3.04 MW ML2MW
2002 04 15 2244 130.040 -23.151   3.0 3.37 MW ML2MW
2002 04 16 1601 129.965 -23.024   2.0 3.37 MW ML2MW
2002 06 28 1257 130.090 -23.291   5.0 3.22 MW ML2MW
2002 08 16 2225 114.461 -22.814  10.0 3.68 MW ML2MW
2002 09 09 0657 126.709 -31.527   6.0 3.89 MW ML2MW
2002 10 06 1457 129.274 -22.186   1.0 3.56 MW ML2MW
2002 10 15 0359 118.581 -19.717  10.0 3.95 MW ML2MW
2002 10 25 0425 126.813 -32.415   5.0 3.53 MW ML2MW
2002 10 31 2251 123.752 -16.814   0.0 3.06 MW ML2MW
2002 11 05 1225 123.320 -16.362   0.0 4.08 MW ML2MW
2003 01 15 0203 137.306 -25.947  10.0 3.18 MW ML2MW
2003 03 06 0357 126.675 -22.162  10.0 3.26 MW ML2MW
2003 03 18 1906 123.629 -17.086   5.0 3.76 MW ML2MW
2003 05 03 2237 138.140 -28.062   3.1 3.14 MW ML2MW
2003 05 11 0305 135.095 -27.857   2.4 3.78 MW ML2MW
2003 06 06 1140 126.524 -22.073   0.0 3.19 MW ML2MW
2003 06 21 1551 132.673 -21.097   0.0 3.31 MW ML2MW
2003 07 18 1319 119.609 -34.372   5.0 3.06 MW ML2MW
2003 07 27 2257 125.142 -19.012  10.0 3.26 MW ML2MW
2003 08 07 0510 129.882 -23.343   0.0 3.21 MW ML2MW
2003 09 16 1616 130.389 -22.676   0.0 3.23 MW ML2MW
2004 01 17 1608 122.396 -18.783  10.0 3.87 MW ML2MW
2004 01 23 0928 132.786 -22.297  10.0 3.31 MW ML2MW
2004 01 23 1531 123.549 -31.672  14.9 4.23 MW ML2MW
2004 01 26 2039 131.849 -26.181  10.0 3.26 MW ML2MW
2004 02 11 0930 130.100 -22.498  12.5 4.90 MW GCMT
2004 02 18 1541 131.671 -27.600  27.6 3.06 MW ML2MW
2004 02 23 1723 125.571 -20.832   5.0 3.73 MW ML2MW
2004 03 01 2233 123.171 -32.423   1.7 3.24 MW ML2MW
2004 03 05 0011 127.084 -32.346  10.0 4.30 MW ML2MW
2004 04 10 0555 130.093 -25.064  10.0 3.19 MW ML2MW
2004 05 05 1008 131.071 -26.042  10.0 3.45 MW ML2MW
2004 06 07 1340 125.483 -27.695   6.8 3.67 MW ML2MW
2004 07 11 0435 137.635 -28.714  16.0 2.97 MW ML2MW
2004 08 14 1537 130.950 -26.090   0.8 3.45 MW ML2MW
2004 11 01 1315 124.844 -19.111   8.9 3.89 MW ML2MW
2004 12 16 0955 125.120 -17.597  11.8 3.50 MW ML2MW
2005 01 24 0943 122.587 -17.530  10.0 3.72 MW ML2MW
2005 03 04 0038 139.712 -30.788   7.3 3.27 MW ML2MW
2005 03 13 0209 131.694 -26.205   5.0 4.42 MW ML2MW
2005 03 19 0729 130.868 -26.091  10.0 3.94 MW ML2MW
2005 03 29 1615 126.605 -22.144   5.0 3.41 MW ML2MW
2005 05 18 2339 119.374 -20.108  26.0 4.26 MW ML2MW
2005 06 09 1644 115.068 -23.093  14.5 3.58 MW ML2MW
2005 06 30 0525 135.741 -29.070   6.2 3.19 MW ML2MW
2006 02 16 0046 122.536 -17.735  10.0 3.21 MW mb2MW
2006 04 01 0109 130.972 -26.046  10.0 3.97 MW mb2MW
2006 04 02 0839 119.081 -22.368  10.0 3.97 MW ML2MW
2006 04 24 1245 137.742 -25.734   0.0 3.05 MW mb2MW
2006 05 02 0247 137.341 -25.877  10.0 3.51 MW ML2MW
2006 05 24 2134 129.984 -23.204  10.0 3.77 MW ML2MW
2006 06 03 1626 121.808 -16.813  10.0 3.20 MW ML2MW
2006 06 06 1534 117.838 -25.119  10.0 4.40 MW ML2MW
2006 09 02 1547 116.609 -24.482   2.0 3.56 MW ML2MW
2006 09 13 0547 126.611 -22.141  10.0 3.26 MW ML2MW
2006 09 18 0823 123.289 -17.686   0.0 3.21 MW mb2MW
2006 11 28 2151 123.951 -28.561   9.0 3.15 MW ML2MW
2006 12 07 1058 117.411 -25.188  14.0 3.41 MW ML2MW
2007 02 05 1717 125.413 -19.294   5.0 3.18 MW ML2MW
2007 02 09 1634 123.613 -17.818  15.0 3.29 MW ML2MW
2007 02 28 2022 123.232 -18.723  16.0 3.51 MW ML2MW
2007 03 02 1019 136.708 -23.580   6.9 3.58 MW ML2MW
2007 04 20 0719 132.900 -26.572   0.0 3.19 MW ML2MW
2007 07 01 1356 128.633 -23.003  10.0 3.82 MW ML2MW
2007 08 03 0838 120.571 -23.394   0.0 3.04 MW ML2MW
2007 08 06 2132 138.100 -29.527   0.0 3.04 MW ML2MW
2007 08 26 0034 115.369 -22.145   6.0 3.33 MW ML2MW
2007 09 28 0840 120.660 -23.150   0.0 3.19 MW ML2MW
2007 11 05 0641 129.666 -22.390   0.0 3.35 MW ML2MW
2007 11 07 1910 114.933 -23.833   0.0 4.32 MW ML2MW
2007 11 27 0248 115.047 -23.219  10.0 3.74 MW ML2MW
2007 12 01 2058 129.657 -22.291  10.0 3.34 MW ML2MW
2008 01 19 1224 122.127 -33.016   0.0 3.31 MW ML2MW
2008 02 22 0258 123.526 -19.097   2.1 3.20 MW ML2MW
2008 03 17 0656 137.427 -25.975  10.0 3.59 MW ML2MW
2008 04 17 1822 122.519 -18.709  10.0 3.24 MW ML2MW
2008 05 20 0825 129.609 -23.363   0.0 3.51 MW ML2MW
2008 05 28 0430 122.323 -18.596   0.0 4.49 MW ML2MW
2008 07 04 1525 125.965 -31.700   0.6 3.07 MW ML2MW
2008 07 09 2345 125.223 -26.034   1.4 4.62 MW Ghasemi et al (2016)
2008 07 27 0644 127.744 -18.144   0.0 3.14 MW ML2MW
2008 12 05 1530 127.550 -22.203   3.0 3.29 MW ML2MW
2009 01 14 2257 133.172 -29.228  12.5 3.15 MW ML2MW
2009 02 27 1713 138.009 -29.488  38.0 3.04 MW ML2MW
2009 03 06 0135 121.240 -16.271  10.0 5.13 MW ML2MW
2009 06 21 0608 124.631 -30.308  10.0 3.37 MW ML2MW
2009 09 20 2058 136.101 -27.550  17.4 3.52 MW ML2MW
2009 10 16 0224 133.119 -34.419  32.3 4.28 MW ML2MW
2009 11 03 0654 125.792 -27.579   9.5 3.60 MW ML2MW
2009 11 17 1227 136.415 -27.935  33.0 3.27 MW ML2MW
2010 02 03 0502 138.098 -28.157   7.6 3.79 MW ML2MW
2010 03 11 1257 132.472 -22.413   0.0 3.21 MW ML2MW
2010 03 20 1056 126.785 -18.718   1.0 3.07 MW ML2MW
2010 06 09 1541 123.256 -22.166   0.0 3.24 MW ML2MW
2010 06 10 1749 138.263 -27.989   0.0 3.08 MW ML2MW
2010 06 21 0404 129.752 -21.524   5.0 3.62 MW ML2MW
2010 07 05 1434 118.336 -24.916   0.0 3.12 MW ML2MW
2010 07 27 0635 128.845 -23.113   0.0 3.09 MW ML2MW
2010 08 18 2054 117.219 -25.345   1.0 3.03 MW ML2MW
2010 09 18 1253 114.650 -22.045   0.0 3.21 MW ML2MW
2010 10 14 1100 135.707 -23.319   0.0 3.29 MW ML2MW
2010 10 15 1306 117.435 -19.603  10.0 3.54 MW ML2MW
2010 10 24 1017 124.228 -30.582  31.0 3.09 MW ML2MW
2010 10 27 0825 135.708 -25.995   0.0 3.64 MW ML2MW
2010 11 10 0104 136.649 -23.320  10.0 3.38 MW ML2MW
2010 12 25 1201 129.721 -22.197  15.0 3.45 MW ML2MW
2011 01 11 0311 124.491 -27.997   0.0 3.92 MW ML2MW
2011 02 24 0226 120.084 -26.564  10.0 3.27 MW ML2MW
2011 04 02 0607 117.345 -25.055   0.0 4.12 MW ML2MW
2011 04 14 0118 123.730 -18.197  20.0 3.52 MW ML2MW
2011 05 07 0523 123.021 -17.833  10.0 3.72 MW ML2MW
2011 05 20 2003 119.504 -23.567  10.0 4.83 MW ML2MW
2011 06 27 2218 115.643 -25.283   0.0 3.90 MW ML2MW
2011 07 02 0048 123.958 -18.366   0.0 3.23 MW ML2MW
2011 07 11 1219 139.746 -30.341  10.0 3.19 MW ML2MW
2011 08 11 1753 127.420 -18.698   4.0 3.02 MW ML2MW
2011 09 01 0156 123.300 -18.845  10.0 3.74 MW ML2MW
2011 09 09 2224 136.522 -26.987  31.3 2.94 MW ML2MW
2011 10 27 0705 126.529 -22.061  10.0 3.11 MW ML2MW
2011 11 26 2059 138.351 -26.012  28.2 3.31 MW ML2MW
2011 12 05 1910 114.777 -21.809  10.0 5.26 MW GCMT; Ghasemi et al (2016)
2011 12 14 0549 123.152 -32.513  15.0 3.61 MW ML2MW
2012 03 23 0925 131.971 -26.178  10.0 5.18 MW Ghasemi et al (2016)
2012 05 10 2228 115.850 -23.903  10.0 3.05 MW ML2MW
2012 06 29 1228 136.882 -23.931  10.0 3.38 MW ML2MW
2012 08 19 1627 135.472 -27.528   7.7 3.36 MW ML2MW
2012 09 14 1710 129.475 -20.951   5.0 3.44 MW ML2MW
2012 09 26 0522 132.163 -26.054  13.0 3.48 MW ML2MW
2012 10 12 1927 127.681 -22.881  10.0 3.46 MW ML2MW
2012 11 08 0356 127.209 -29.907  32.5 3.62 MW ML2MW
2012 11 21 0621 128.603 -22.974  10.0 3.42 MW ML2MW
2012 11 28 2235 125.943 -27.757   0.0 3.89 MW Ghasemi et al (2016)
2012 11 30 1624 122.560 -32.374  14.0 3.03 MW ML2MW
2012 12 22 0929 122.512 -32.529  10.0 3.00 MW ML2MW
2013 01 07 0814 116.004 -25.380  13.0 3.36 MW ML2MW
2013 03 08 2159 122.228 -21.738  10.0 3.21 MW ML2MW
2013 03 15 0440 127.693 -22.755  10.0 3.51 MW ML2MW
2013 05 01 1941 136.747 -30.357   0.0 3.41 MW ML2MW
2013 06 05 1317 121.548 -20.263   0.0 3.37 MW ML2MW
2013 06 09 1422 132.230 -25.953  33.4 5.38 MW Ghasemi et al (2016)
2013 06 12 1330 127.743 -22.752   0.0 3.60 MW ML2MW
2013 07 29 0521 131.669 -22.675   0.0 3.33 MW ML2MW
2013 08 24 0639 123.662 -30.872   0.0 3.08 MW ML2MW
2013 11 25 1539 124.529 -19.312  10.0 3.19 MW ML2MW
2013 11 30 0549 139.480 -28.545  21.5 3.80 MW ML2MW
2013 12 07 2024 125.528 -31.506  10.0 3.12 MW ML2MW
2013 12 15 0732 125.637 -31.637  10.0 3.10 MW ML2MW
2013 12 16 1838 125.154 -21.811  15.0 3.20 MW ML2MW
2014 02 01 0526 119.627 -34.614  10.0 3.13 MW ML2MW
2014 02 15 0458 125.979 -31.640   0.0 3.27 MW ML2MW
2014 03 01 1414 122.304 -17.698  10.0 3.22 MW ML2MW
2014 03 16 0324 124.438 -17.414  10.0 3.60 MW ML2MW
2014 05 04 2237 128.589 -23.005  10.0 3.91 MW Ghasemi et al (2016)
2014 06 02 1012 126.236 -32.693  10.0 3.30 MW ML2MW
2014 06 07 0554 135.116 -27.225  27.4 3.14 MW ML2MW
2014 07 09 1555 127.320 -23.122  10.0 3.25 MW ML2MW
2014 07 16 0035 128.382 -25.718  10.0 3.39 MW ML2MW
2014 07 19 2152 117.917 -19.503  23.0 3.10 MW ML2MW
2014 09 01 1418 139.617 -26.190  23.1 3.45 MW ML2MW
2014 09 06 1354 124.413 -30.018  13.0 3.12 MW ML2MW
2014 09 18 0321 126.970 -31.646  15.0 3.13 MW ML2MW
2014 09 26 1538 119.534 -20.100  10.0 4.02 MW Ghasemi et al (2016)
2014 10 22 0240 114.583 -22.501  10.0 3.07 MW ML2MW
2014 11 12 0200 125.666 -18.287  18.0 3.60 MW ML2MW
2014 12 01 1025 131.300 -21.716  10.0 3.95 MW ML2MW
2014 12 05 2316 123.450 -19.017  10.0 3.21 MW ML2MW
2015 01 06 1241 133.071 -26.862   4.0 3.58 MW ML2MW
2015 03 08 2341 137.475 -25.884  24.5 2.97 MW ML2MW
2015 03 15 1134 121.489 -33.545  10.0 3.29 MW ML2MW
2015 04 13 0225 122.621 -17.544  10.0 3.06 MW ML2MW
2015 04 28 1816 124.700 -18.383  10.0 3.23 MW ML2MW
2015 08 25 0945 137.921 -28.481  26.3 2.91 MW ML2MW
2015 10 07 2030 121.874 -17.229  14.0 4.22 MW ML2MW
2015 10 27 0632 126.526 -20.267  10.0 3.52 MW ML2MW
2015 12 25 0712 138.109 -25.613  32.1 3.24 MW ML2MW
2016 01 20 1006 116.673 -25.500  10.0 3.02 MW ML2MW
2016 04 30 1945 123.858 -19.061  10.0 3.29 MW ML2MW
2016 05 01 1525 137.160 -29.681  10.0 3.17 MW ML2MW
2016 05 16 2013 128.602 -22.904  10.0 4.15 MW Ghasemi et al (2016)
2016 05 20 1814 129.832 -25.579   0.0 6.06 MW GCMT; Ghasemi et al (2016)
2016 06 04 1106 141.233 -30.082  12.0 3.04 MW ML2MW
2016 06 09 1018 124.392 -30.880  10.0 3.59 MW ML2MW
2016 06 10 0149 126.347 -28.009   0.0 3.16 MW ML2MW
2016 07 16 0319 123.960 -17.064  10.0 3.06 MW ML2MW
2016 08 25 0405 124.792 -19.502  10.0 3.13 MW ML2MW
2016 09 05 0946 123.566 -16.567   0.0 3.11 MW ML2MW
2016 09 20 0108 132.526 -26.517   9.0 3.35 MW ML2MW
2016 10 16 1353 136.599 -28.266  15.0 3.00 MW ML2MW
2016 11 03 1625 137.098 -29.627  10.0 3.67 MW ML2MW
2016 11 06 0954 128.002 -19.102  10.0 4.48 MW Ghasemi et al (2016)
2016 11 09 0825 135.358 -28.711   0.0 2.90 MW ML2MW
2016 11 11 0621 115.325 -24.784  15.0 3.28 MW ML2MW
2016 12 26 1259 137.217 -27.210  10.0 3.64 MW ML2MW
2017 01 15 0716 115.145 -23.670  10.0 3.85 MW ML2MW
2017 03 26 0753 135.271 -27.463  10.0 2.93 MW ML2MW
2017 04 04 0355 128.939 -25.903  10.0 4.06 MW ML2MW
2017 04 04 1825 121.927 -33.206  10.0 3.01 MW ML2MW
2017 05 15 1912 123.588 -27.167  10.0 3.75 MW ML2MW
2017 07 15 2127 131.897 -26.122   0.0 3.64 MW ML2MW
2017 07 15 2127 131.935 -26.094  10.0 3.65 MW ML2MW
2017 07 26 0704 118.013 -22.372  10.0 3.02 MW ML2MW
2017 07 26 1321 129.459 -25.455  10.0 3.03 MW ML2MW
2017 08 06 0421 128.018 -19.134  10.0 5.03 MW ML2MW
2017 10 10 1120 127.931 -21.235  10.0 3.65 MW ML2MW
2017 10 21 1215 132.685 -26.494  10.0 3.35 MW ML2MW
2017 10 21 1732 132.575 -26.481  10.0 3.18 MW ML2MW
2017 11 09 0910 127.996 -21.306  10.0 3.12 MW ML2MW
2017 11 25 0718 115.786 -24.465  10.0 3.12 MW ML2MW
2017 12 05 1558 116.190 -22.523  10.0 3.18 MW ML2MW
2017 12 17 1204 114.438 -22.867  10.0 3.12 MW ML2MW
2018 01 10 2131 123.355 -18.893  10.0 3.53 MW ML2MW
2018 02 17 0020 132.936 -26.467  10.0 3.19 MW ML2MW
2018 03 30 2217 138.596 -27.019  10.0 3.28 MW ML2MW
2018 04 17 0239 126.583 -22.006  10.0 3.09 MW ML2MW
2018 05 01 2134 127.563 -25.600  10.0 3.14 MW ML2MW
2018 05 02 0607 127.533 -25.466  10.0 3.16 MW ML2MW
2018 05 12 0050 139.331 -28.798  10.0 4.18 MW ML2MW
2018 05 19 1623 122.213 -21.817  10.0 3.52 MW ML2MW
2018 06 20 0254 122.424 -32.668  10.0 4.82 MW ML2MW
2018 09 05 0803 128.196 -19.026  10.0 3.51 MW ML2MW
2018 09 16 0456 116.787 -34.423   3.0 5.25 MW AUST
2019 01 03 0045 129.890 -31.397  10.0 3.05 MW ML2MW
2019 02 05 1557 130.840 -21.820  10.0 3.42 MW ML2MW
2019 02 21 0956 125.591 -32.047  10.0 3.15 MW ML2MW
2019 02 21 1819 139.679 -29.255  10.0 3.11 MW ML2MW
2019 03 19 0054 129.539 -26.405  10.0 3.05 MW ML2MW
2019 03 23 1258 130.347 -25.940   9.6 3.11 MW ML2MW
2019 04 20 1013 131.136 -21.920  10.0 3.11 MW ML2MW
2019 04 24 0103 121.950 -17.234  10.0 3.34 MW ML2MW
2019 04 24 0342 128.353 -21.396  10.0 3.40 MW ML2MW
2019 05 02 0358 135.452 -27.514   7.2 3.38 MW ML2MW
2019 05 29 2043 123.973 -30.366  10.0 3.12 MW ML2MW
2019 05 30 0226 131.859 -21.281  10.0 4.87 MW AUST
2019 06 21 1506 129.628 -25.210  10.0 3.30 MW ML2MW
2019 06 22 0143 126.891 -25.784  10.0 3.25 MW ML2MW
2019 07 04 1643 135.136 -27.458  10.0 3.16 MW ML2MW
2019 07 14 0539 120.295 -18.262  20.0 6.55 MW AUST
2019 07 14 0603 120.638 -18.745  11.2 4.12 MW ML2MW
2019 07 14 0615 120.801 -18.717  10.0 3.36 MW ML2MW
2019 07 14 0623 120.760 -18.622  15.0 3.78 MW ML2MW
2019 07 14 1007 120.612 -18.443  18.1 3.73 MW ML2MW
2019 07 14 2133 120.568 -18.365  21.9 4.32 MW ML2MW
2019 07 15 0528 120.732 -18.427  10.0 3.25 MW ML2MW
2019 07 15 0947 120.552 -18.582  10.0 3.30 MW ML2MW
2019 07 15 2122 120.652 -18.542  21.3 3.62 MW ML2MW
2019 07 17 1020 120.363 -18.526  21.5 4.39 MW ML2MW
2019 07 24 2342 136.977 -28.659  10.0 3.23 MW ML2MW
2019 08 01 1649 117.556 -34.698  10.0 3.86 MW ML2MW
2019 08 06 2006 117.416 -34.756  10.0 3.42 MW ML2MW
2019 08 08 0103 120.433 -18.580  10.0 3.68 MW ML2MW
2019 09 11 0901 127.487 -23.526  10.0 4.16 MW ML2MW
2019 09 29 1523 125.288 -29.391  10.0 3.16 MW ML2MW
2019 10 04 1635 136.987 -25.643  10.0 3.86 MW ML2MW
2019 10 12 1205 126.820 -23.101  10.0 3.40 MW ML2MW
2019 10 15 2018 125.221 -19.496  10.0 3.14 MW ML2MW
2019 10 19 0712 133.664 -29.041  10.0 3.11 MW ML2MW
2019 10 26 0457 120.532 -18.391  10.0 3.79 MW ML2MW
2019 10 29 2216 120.293 -18.524  10.0 3.33 MW ML2MW
2019 10 31 0739 122.885 -33.740  10.0 3.25 MW ML2MW
2019 11 16 0024 124.312 -30.398  10.0 3.02 MW ML2MW
2019 12 13 0539 122.462 -32.553  10.0 3.27 MW ML2MW
2019 12 31 0510 124.410 -29.376  10.0 3.40 MW ML2MW
2020 01 08 0520 123.724 -28.212  10.0 3.38 MW ML2MW
2020 01 15 1456 123.112 -19.449  10.0 3.32 MW ML2MW
2020 01 18 0602 124.487 -29.108  10.0 3.04 MW ML2MW
2020 01 28 0310 126.364 -23.434  10.0 3.74 MW ML2MW
2020 02 10 0924 115.151 -21.424  10.0 4.60 MW ML2MW
2020 02 22 1836 115.037 -21.485  10.0 3.62 MW ML2MW
2020 03 01 1237 122.525 -32.486  10.0 3.22 MW ML2MW
2020 03 19 0937 117.753 -19.526   9.8 3.08 MW ML2MW
2020 03 26 1056 130.761 -21.566  10.0 3.15 MW ML2MW
2020 04 04 0859 139.126 -29.822  10.0 2.99 MW ML2MW
2020 04 12 2203 121.807 -17.087  10.0 3.54 MW ML2MW
2020 04 17 0242 121.910 -17.101  10.0 3.44 MW ML2MW
2020 05 02 1654 126.147 -27.827  10.0 3.70 MW ML2MW
2020 05 11 0508 139.842 -27.904  10.0 2.97 MW ML2MW
2020 05 25 1347 129.152 -21.452  10.0 3.13 MW ML2MW
2020 06 06 2128 124.516 -30.853  10.0 3.00 MW ML2MW
2020 06 08 1316 124.344 -30.761  10.0 3.22 MW ML2MW
2020 06 18 2121 129.239 -21.458  10.0 3.02 MW ML2MW
2020 07 26 2017 123.736 -17.128   7.1 3.07 MW ML2MW
2020 09 26 2205 126.736 -27.437   7.2 3.14 MW ML2MW
2020 10 05 0027 117.814 -24.167  10.0 3.74 MW ML2MW
2020 10 22 1637 114.511 -22.871  10.0 3.53 MW ML2MW
2020 10 23 2209 120.070 -18.413  10.0 3.16 MW ML2MW
2020 12 17 0413 124.685 -19.057  10.0 3.26 MW ML2MW
2020 12 20 0943 123.682 -28.107  10.0 3.09 MW ML2MW
2020 12 21 1714 130.878 -23.170  10.0 3.72 MW ML2MW
2020 12 29 1459 115.368 -24.153   8.8 3.59 MW ML2MW
2021 01 20 2333 135.631 -28.774  10.0 3.22 MW ML2MW
2021 02 07 1354 124.323 -30.462  10.0 3.12 MW ML2MW
2021 03 12 1357 129.447 -22.303  10.0 4.38 MW ML2MW
2021 04 22 2054 117.395 -24.343  10.0 3.12 MW ML2MW
2021 06 02 1355 124.076 -27.102  10.0 3.21 MW ML2MW
2021 06 09 1458 124.414 -18.652  10.0 3.07 MW ML2MW
2021 06 18 1237 124.514 -30.204  10.0 3.64 MW ML2MW
2021 07 07 0451 127.103 -31.648  10.0 3.04 MW ML2MW
2021 07 15 2046 123.934 -28.996  10.0 3.18 MW ML2MW
2021 07 19 1554 130.142 -26.434  10.0 3.27 MW ML2MW
2021 08 13 0524 123.650 -27.980  10.0 3.06 MW ML2MW
2021 09 04 0437 130.861 -21.797  10.0 3.02 MW ML2MW
2021 09 27 1422 122.345 -18.379   8.4 3.05 MW ML2MW
2022 02 07 1900 126.797 -32.232  10.0 3.39 MW ML2MW
2022 02 14 2240 137.200 -26.451  10.0 3.14 MW ML2MW
2022 03 12 0039 126.440 -28.141  10.0 3.05 MW ML2MW
2022 03 20 0537 133.706 -28.275   7.6 3.12 MW ML2MW
2022 04 15 0034 128.983 -24.769  10.0 3.08 MW ML2MW
2022 04 26 1504 139.120 -27.101  10.0 2.95 MW ML2MW
2022 06 25 2119 125.932 -31.812  10.0 3.10 MW ML2MW
