1941 06 27 0755 137.340 -25.950   0.0 6.52 MW MS2MW
1960 01 02 0926 138.620 -11.910   0.0 5.22 MW MS2MW
1972 08 28 0218 136.326 -24.992  13.4 5.46 MW mb2MW
1981 06 18 1100 135.503 -10.325  15.0 4.48 MW mb2MW
1981 07 14 0614 130.734 -10.997  33.0 4.05 MW mb2MW
1984 03 16 0345 123.344 -15.003  37.0 4.31 MW mb2MW
1985 09 10 1157 130.240 -18.050  33.0 4.86 MW mb2MW
1985 11 24 0926 124.640 -15.910  33.0 4.05 MW mb2MW
1988 01 22 1204 133.854 -19.896   5.0 6.55 MW Choy & Bowman (1990); Somerville et al. (2009); GCMT
1988 03 10 1415 130.650 -14.630  10.0 5.15 MW MS2MW
1989 09 12 0943 128.396 -15.559  33.0 4.39 MW mb2MW
1990 02 08 0823 137.342 -27.891   9.0 4.35 MW ML2MW
1990 06 09 1342 143.269 -11.898   0.0 4.35 MW ML2MW
1991 08 06 1411 143.247 -17.915   5.0 4.63 MW ML2MW
1992 09 30 1118 134.466 -11.379  15.0 4.91 MW ML2MW
1993 12 18 1927 133.857 -11.827  19.3 4.39 MW mb2MW
1994 07 05 1907 141.589 -20.055   5.0 4.08 MW ML2MW
1995 01 03 0633 131.316 -14.037   5.0 3.99 MW ML2MW
1995 05 11 0006 140.960 -19.220   0.0 3.11 MW ML2MW
1995 05 29 2033 136.600 -24.800   5.0 3.26 MW ML2MW
1995 08 15 1458 128.925 -11.251  33.0 3.20 MW mb2MW
1995 10 01 1139 134.483 -19.832  24.0 3.58 MW ML2MW
1995 10 30 1905 135.510 -10.020 151.0 3.28 MW mb2MW
1995 12 16 0156 127.454 -21.081   5.0 3.42 MW ML2MW
1995 12 25 1509 134.070 -18.917   0.0 3.19 MW ML2MW
1996 01 01 1235 127.920 -14.490  33.0 3.20 MW mb2MW
1996 02 17 2323 135.787 -10.691  33.0 3.20 MW mb2MW
1996 03 10 1800 128.420 -20.540   5.0 3.11 MW ML2MW
1996 06 13 1552 142.488 -15.553  10.0 3.19 MW ML2MW
1996 07 02 1627 129.430 -10.850   0.0 3.19 MW ML2MW
1996 08 01 0618 131.610 -11.590   5.0 3.11 MW ML2MW
1996 12 08 2129 124.630 -15.197  33.0 3.58 MW ML2MW
1996 12 21 1231 135.300 -10.630 386.0 3.28 MW mb2MW
1997 02 05 0015 139.241 -28.710  11.5 4.17 MW ML2MW
1997 03 14 2358 130.547 -10.848  12.0 3.19 MW ML2MW
1997 07 29 0542 130.154 -12.789   0.0 4.08 MW ML2MW
1998 01 30 1654 143.180 -13.250  10.0 3.50 MW ML2MW
1998 03 29 0350 139.168 -12.360  35.0 4.72 MW ML2MW
1998 04 13 2303 136.130 -12.941  10.0 3.26 MW ML2MW
1998 06 16 1513 134.470 -23.650   7.0 3.26 MW ML2MW
1998 06 18 1321 131.031 -12.206   0.0 3.58 MW ML2MW
1998 06 23 1512 132.010 -13.340   0.0 3.19 MW ML2MW
1998 08 04 0145 132.534 -13.211   0.0 3.42 MW ML2MW
1998 10 02 0943 136.388 -13.774   0.0 3.19 MW ML2MW
1998 11 19 0642 137.790 -25.000   0.0 3.04 MW ML2MW
1999 03 01 0128 137.590 -25.800   0.0 3.50 MW ML2MW
1999 03 06 2354 139.137 -28.565   6.9 3.99 MW ML2MW
1999 11 04 1836 127.480 -15.970   5.0 3.11 MW ML2MW
2000 02 15 1744 127.654 -14.118   0.0 3.45 MW ML2MW
2000 07 22 1328 132.520 -20.570   0.0 3.16 MW ML2MW
2000 12 28 0528 130.763 -12.544   0.0 3.62 MW ML2MW
2001 03 11 2123 129.571 -11.349   0.0 3.74 MW ML2MW
2001 04 12 1822 137.370 -25.673  10.0 3.36 MW ML2MW
2001 04 12 2237 137.692 -25.843  10.0 3.42 MW ML2MW
2001 05 11 0811 127.460 -14.490   0.0 3.74 MW ML2MW
2001 07 19 1107 129.475 -11.984   0.0 3.34 MW ML2MW
2001 08 10 1014 131.231 -12.487   5.0 3.11 MW ML2MW
2001 10 07 1354 139.767 -24.934   0.0 3.19 MW ML2MW
2002 04 13 0037 137.714 -26.480  12.0 3.04 MW ML2MW
2002 10 25 0646 123.114 -15.743   8.0 3.30 MW ML2MW
2002 11 01 0855 129.904 -11.931  10.0 4.16 MW ML2MW
2002 11 05 0912 135.239 -22.479  10.0 3.23 MW ML2MW
2003 01 15 0203 137.306 -25.947  10.0 3.18 MW ML2MW
2003 05 03 2237 138.140 -28.062   3.1 3.13 MW ML2MW
2003 05 16 0514 136.320 -11.500   5.0 3.04 MW ML2MW
2003 05 19 1705 129.679 -10.713  76.0 3.37 MW mb2MW
2003 06 21 1551 132.673 -21.097   0.0 3.31 MW ML2MW
2003 10 31 1214 138.146 -13.874  10.0 3.19 MW ML2MW
2004 12 23 0427 124.414 -15.048   0.0 3.82 MW ML2MW
2006 04 24 1245 137.742 -25.734   0.0 3.03 MW mb2MW
2006 05 02 0247 137.341 -25.877  10.0 3.51 MW ML2MW
2006 06 03 1626 121.808 -16.813  10.0 3.20 MW ML2MW
2007 03 02 1019 136.708 -23.580   6.9 3.58 MW ML2MW
2007 09 10 0320 130.369 -15.344   9.0 3.09 MW ML2MW
2007 11 19 2001 143.735 -12.336  24.0 4.68 MW ML2MW
2008 03 17 0656 137.427 -25.975  10.0 3.59 MW ML2MW
2008 03 19 0717 134.047 -19.654  15.0 3.58 MW ML2MW
2008 11 14 2115 129.800 -12.600   0.0 3.14 MW ML2MW
2009 10 02 0506 137.780 -11.790   0.0 3.66 MW ML2MW
2009 11 08 0541 138.819 -10.450  30.0 3.91 MW ML2MW
2010 02 03 0502 138.098 -28.157   7.6 3.79 MW ML2MW
2010 03 23 0340 128.712 -15.797   3.0 3.45 MW ML2MW
2010 04 11 1202 132.830 -16.924  20.0 3.60 MW ML2MW
2010 06 10 1749 138.263 -27.989   0.0 3.08 MW ML2MW
2010 08 30 1349 134.033 -20.633  10.0 3.28 MW ML2MW
2010 10 14 1100 135.707 -23.319   0.0 3.29 MW ML2MW
2010 10 27 0825 135.708 -25.995   0.0 3.64 MW ML2MW
2010 11 10 0104 136.649 -23.320  10.0 3.38 MW ML2MW
2010 12 02 1224 130.429 -11.930   0.0 3.07 MW ML2MW
2010 12 05 1325 128.900 -14.885  30.0 3.70 MW ML2MW
2011 02 21 2159 135.420 -20.903   0.6 3.97 MW Ghasemi et al (2016)
2011 08 11 1753 127.420 -18.698   4.0 3.02 MW ML2MW
2011 11 26 2059 138.351 -26.012  28.2 3.31 MW ML2MW
2012 06 29 1228 136.882 -23.931  10.0 3.38 MW ML2MW
2012 11 05 1931 129.045 -11.546  39.0 4.36 MW ML2MW
2013 02 13 1649 136.589 -12.796  10.0 4.10 MW ML2MW
2013 09 28 0400 129.119 -15.610   0.0 3.47 MW ML2MW
2013 11 30 0549 139.480 -28.545  21.5 3.80 MW ML2MW
2014 01 16 2054 129.678 -15.073  10.0 3.27 MW ML2MW
2014 02 06 1341 129.565 -15.058  10.0 3.42 MW ML2MW
2014 12 01 1025 131.300 -21.716  10.0 3.95 MW ML2MW
2015 03 18 0549 131.356 -17.946  15.0 3.33 MW ML2MW
2015 06 04 1802 134.048 -19.708  10.0 3.09 MW ML2MW
2015 10 27 0632 126.526 -20.267  10.0 3.52 MW ML2MW
2015 11 11 2012 130.546 -12.181  20.0 3.29 MW ML2MW
2015 12 18 0200 132.059 -16.293   8.0 3.50 MW ML2MW
2015 12 25 0712 138.109 -25.613  32.1 3.24 MW ML2MW
2016 11 06 0954 128.002 -19.102  10.0 4.48 MW Ghasemi et al (2016)
2016 12 26 1259 137.217 -27.210  10.0 3.64 MW ML2MW
2017 03 05 0458 123.876 -15.489  10.0 3.35 MW ML2MW
2017 08 06 0421 128.018 -19.134  10.0 5.03 MW ML2MW
2017 10 07 0002 127.399 -15.615  10.0 3.43 MW ML2MW
2017 10 10 1120 127.931 -21.235  10.0 3.65 MW ML2MW
2018 01 29 0030 130.366 -15.443  10.0 3.38 MW ML2MW
2018 02 24 2255 128.512 -15.206  10.0 3.31 MW ML2MW
2018 05 12 0050 139.331 -28.798  10.0 4.18 MW ML2MW
2018 09 05 0803 128.196 -19.026  10.0 3.51 MW ML2MW
2019 02 05 1557 130.840 -21.820  10.0 3.42 MW ML2MW
2019 02 20 0226 129.232 -15.580  10.0 3.74 MW ML2MW
2019 04 20 1013 131.136 -21.920  10.0 3.11 MW ML2MW
2019 05 30 0226 131.859 -21.281  10.0 4.87 MW AUST
2019 07 28 2348 134.101 -19.748  10.0 3.26 MW ML2MW
2019 10 04 1635 136.987 -25.643  10.0 3.86 MW ML2MW
2019 12 20 1429 136.189 -12.333  10.0 4.18 MW ML2MW
2020 03 26 1056 130.761 -21.566  10.0 3.15 MW ML2MW
2020 04 12 0934 128.613 -17.831  10.0 3.51 MW ML2MW
2020 10 24 2243 135.365 -13.449  10.0 3.01 MW ML2MW
2021 08 12 1544 140.459 -22.526  10.0 3.34 MW ML2MW
2021 09 02 1555 133.823 -18.993  10.0 3.14 MW ML2MW
2021 09 04 0437 130.861 -21.797  10.0 3.02 MW ML2MW
