1885 01 05 1220 114.000 -29.000   0.0 5.95 MW ML2MW
1959 11 27 0625 116.200 -25.800  18.0 4.37 MW ML2MW
1960 03 02 0421 116.200 -25.700  18.0 3.38 MW ML2MW
1963 02 26 1410 121.200 -22.200  18.0 4.44 MW ML2MW
1963 04 15 0043 120.300 -21.800  18.0 4.17 MW ML2MW
1963 07 20 0421 114.900 -26.300  18.0 3.09 MW ML2MW
1963 11 17 0755 116.800 -25.000  18.0 3.01 MW ML2MW
1966 11 13 0341 111.900 -24.200  33.0 4.39 MW mb2MW
1967 10 12 1031 123.900 -17.900  18.0 4.14 MW mb2MW
1967 12 17 0330 111.300 -25.300  18.0 3.75 MW ML2MW
1967 12 27 0610 112.800 -29.100  18.0 3.49 MW ML2MW
1968 02 02 1009 114.700 -23.300  18.0 3.43 MW ML2MW
1968 07 04 0648 117.100 -20.800  18.0 4.39 MW mb2MW
1968 09 10 1246 117.400 -16.800  18.0 4.11 MW ML2MW
1969 03 28 0333 116.200 -25.400   7.0 3.12 MW ML2MW
1969 06 19 2101 114.700 -23.300   7.0 3.88 MW mb2MW
1969 06 23 1414 123.100 -17.600   7.0 4.47 MW mb2MW
1969 08 08 1209 111.100 -25.500   7.0 3.97 MW mb2MW
1969 08 11 0855 115.700 -24.900   7.0 3.72 MW mb2MW
1969 08 17 1755 116.000 -25.100   7.0 3.88 MW mb2MW
1969 09 14 2258 123.100 -17.900   7.0 4.39 MW mb2MW
1971 03 05 0359 119.200 -21.800  10.0 3.55 MW mb2MW
1971 03 21 0005 119.500 -21.100  10.0 3.06 MW ML2MW
1971 04 15 1748 120.500 -21.800   0.0 3.88 MW mb2MW
1971 05 12 0916 115.200 -22.900   0.0 3.55 MW mb2MW
1971 05 19 0422 115.500 -22.900   0.0 3.80 MW mb2MW
1971 05 28 0416 114.100 -22.100   0.0 3.80 MW mb2MW
1972 12 07 0744 120.600 -18.100   0.0 3.32 MW ML2MW
1973 06 10 0807 119.700 -21.200  10.0 3.38 MW mb2MW
1973 09 27 2002 116.000 -22.200  10.0 3.22 MW ML2MW
1973 12 04 0930 116.300 -21.900  10.0 3.63 MW mb2MW
1974 04 16 0942 116.500 -22.000   0.0 3.13 MW mb2MW
1974 08 16 0437 114.100 -21.000   0.0 3.55 MW mb2MW
1976 10 16 1811 112.000 -27.000   0.0 3.26 MW ML2MW
1977 04 23 2043 114.471 -21.710   0.0 3.23 MW ML2MW
1977 07 20 1219 120.200 -17.300   0.0 3.45 MW ML2MW
1977 11 07 1905 119.250 -18.000   0.0 3.26 MW ML2MW
1977 11 12 1853 113.200 -27.800   0.0 3.21 MW ML2MW
1978 01 17 2215 115.520 -22.720  30.0 3.13 MW ML2MW
1978 03 08 1757 120.470 -22.668  23.0 3.53 MW ML2MW
1978 07 10 1648 120.140 -21.250  19.0 3.14 MW ML2MW
1978 08 31 1811 118.670 -22.030   0.0 3.00 MW ML2MW
1978 12 15 1410 111.570 -26.140  10.0 3.70 MW ML2MW
