1941 06 27 0755 137.340 -25.950   0.0 6.51 MW MS2MW
1960 01 02 0926 138.620 -11.910   0.0 5.22 MW MS2MW
1963 01 18 0549 117.260 -32.150   6.0 4.72 MW ML2MW
1963 08 27 1915 128.600 -16.600  33.0 4.86 MW mb2MW
1968 06 19 0555 124.900 -19.100  18.0 4.72 MW mb2MW
1968 10 14 0258 116.980 -31.620  10.0 6.59 MW Vogfjord & Langston (1987); Somerville et al. (2009)
1970 02 08 1631 125.080 -27.400   1.0 4.72 MW mb2MW
1970 03 10 1715 116.512 -31.092  15.0 5.02 MW ML2MW
1970 03 24 1035 126.673 -22.059  15.0 5.90 MW MS2MW
1970 12 26 1825 116.310 -31.080   7.0 3.91 MW ML2MW
1972 01 18 1033 126.580 -22.980   0.0 3.91 MW ML2MW
1972 01 25 1737 117.100 -29.850   0.0 4.05 MW mb2MW
1972 07 22 0419 126.710 -28.030   0.0 4.31 MW mb2MW
1972 08 28 0218 136.326 -24.992  13.4 5.46 MW mb2MW
1973 03 11 1604 127.418 -21.889  10.0 4.57 MW mb2MW
1974 04 17 0721 123.986 -29.581  33.0 4.37 MW ML2MW
1974 09 04 2317 116.970 -30.790   0.0 4.29 MW ML2MW
1974 09 30 0332 112.800 -30.300   0.0 4.47 MW ML2MW
1975 01 10 0820 126.110 -27.740   0.0 5.46 MW mb2MW
1975 03 06 2351 126.488 -17.212   0.0 4.86 MW mb2MW
1975 03 07 2013 126.580 -25.860   0.0 4.48 MW mb2MW
1975 07 21 2139 123.500 -30.200   0.0 4.31 MW mb2MW
1975 11 06 0920 113.500 -30.250   0.0 4.39 MW mb2MW
1976 03 15 1538 125.470 -32.340  10.0 4.86 MW mb2MW
1976 04 18 1950 126.546 -22.184  51.0 4.22 MW mb2MW
1976 10 21 1112 126.665 -22.347  33.0 4.48 MW mb2MW
1977 05 15 1916 117.950 -35.000  10.0 4.19 MW ML2MW
1977 11 17 1756 123.670 -30.590   0.0 4.30 MW ML2MW
1978 05 06 1952 126.560 -19.550  17.0 4.86 MW mb2MW
1978 12 12 0651 126.420 -22.052  19.0 3.98 MW ML2MW
1979 04 24 2314 129.160 -26.340   0.0 4.15 MW ML2MW
1979 06 02 0947 117.104 -30.821   3.0 6.10 MW GCMT
1979 07 16 2039 127.049 -17.224  10.0 4.48 MW ML2MW
1980 12 08 0012 114.110 -32.120  37.0 4.62 MW ML2MW
1981 06 18 1100 135.503 -10.325  15.0 4.48 MW mb2MW
1981 07 14 0614 130.734 -10.997  33.0 4.05 MW mb2MW
1982 02 13 0826 126.643 -22.096  10.0 4.39 MW mb2MW
1983 01 26 0616 117.319 -30.610  10.0 4.59 MW ML2MW
1983 05 29 1938 126.619 -12.221  33.0 4.48 MW mb2MW
1984 02 21 0559 122.720 -31.820  10.0 3.99 MW ML2MW
1984 07 07 0439 126.659 -28.219  33.0 4.17 MW ML2MW
1985 04 03 0150 132.455 -23.016   9.0 4.55 MW ML2MW
1985 07 23 0947 126.797 -19.310  10.0 4.23 MW ML2MW
1985 07 28 0739 122.582 -32.554   5.8 4.72 MW ML2MW
1985 09 10 1157 130.240 -18.050  33.0 4.86 MW mb2MW
1985 11 27 2318 117.351 -30.646   3.0 4.31 MW ML2MW
1986 01 20 0746 122.340 -32.360   5.0 3.98 MW ML2MW
1986 03 30 0853 132.734 -26.310   5.0 5.71 MW GCMT
1986 05 26 0555 128.992 -27.768   5.0 4.06 MW ML2MW
1986 12 18 0658 116.820 -27.830   5.0 4.10 MW ML2MW
1987 07 08 1038 122.280 -32.540   5.0 4.36 MW ML2MW
1987 08 30 1423 128.679 -16.739  14.0 4.13 MW ML2MW
1987 10 09 0358 121.262 -30.913  16.0 3.97 MW ML2MW
1988 01 06 0342 117.500 -31.200   2.0 4.14 MW ML2MW
1988 01 22 1204 133.854 -19.896   5.0 6.76 MW GCMT (Summed M0)
1988 02 06 0524 124.730 -16.601  15.0 5.10 MW EHB
1988 03 10 1415 130.650 -14.630  10.0 5.15 MW MS2MW
1988 06 15 0913 126.500 -31.720   5.0 4.21 MW ML2MW
1988 06 23 1131 128.606 -16.814  10.0 4.08 MW ML2MW
1988 07 14 2236 128.783 -16.862  33.0 3.94 MW ML2MW
1988 08 08 1813 126.573 -27.243   5.0 4.10 MW ML2MW
1989 01 24 0458 128.725 -10.658 147.0 4.22 MW mb2MW
1989 03 03 1326 123.661 -29.340  10.0 4.88 MW ML2MW
1989 05 28 0255 130.755 -25.139  28.6 4.97 MW ML2MW
1989 09 12 0943 128.396 -15.559  33.0 4.39 MW mb2MW
1990 01 12 0950 131.239 -23.053   5.0 4.26 MW ML2MW
1990 03 21 1337 129.510 -25.430  10.0 4.35 MW ML2MW
1990 06 09 1342 143.269 -11.898   0.0 4.35 MW ML2MW
1990 08 11 1754 130.270 -23.120  10.0 4.35 MW ML2MW
1990 12 01 2235 131.325 -26.582  21.6 3.99 MW ML2MW
1991 03 09 0136 121.423 -30.761  11.0 4.08 MW ML2MW
1991 08 06 1411 143.247 -17.915   5.0 4.63 MW ML2MW
1991 12 13 0448 117.360 -34.389   1.0 4.17 MW ML2MW
1992 03 31 0214 126.875 -18.820  10.0 3.97 MW mb2MW
1992 06 13 1805 130.096 -23.862  16.0 4.35 MW ML2MW
1992 07 15 0017 126.433 -22.064   5.0 4.63 MW ML2MW
1992 09 30 1118 134.466 -11.379  15.0 4.91 MW ML2MW
1992 12 29 2020 129.870 -25.404   0.0 3.91 MW ML2MW
1993 12 18 1927 133.857 -11.827  19.3 4.39 MW mb2MW
1994 04 26 1549 118.481 -30.605   5.0 3.99 MW ML2MW
1994 07 05 1907 141.589 -20.055   5.0 4.08 MW ML2MW
1994 09 04 1301 124.253 -30.688   5.0 4.17 MW ML2MW
1994 10 25 0809 123.689 -12.213  33.0 4.05 MW mb2MW
1994 12 02 1942 130.133 -23.587   0.0 4.08 MW ML2MW
1995 01 03 0633 131.316 -14.037   5.0 3.99 MW ML2MW
1995 02 23 0403 126.226 -21.905   5.0 3.34 MW ML2MW
1995 03 06 1056 129.814 -22.129   6.0 3.34 MW ML2MW
1995 03 16 2301 130.406 -23.347   5.0 3.11 MW ML2MW
1995 03 28 0732 120.440 -27.696   5.0 3.04 MW ML2MW
1995 04 05 2338 126.953 -32.672   5.0 3.91 MW ML2MW
1995 04 20 1311 118.184 -33.282   1.8 3.34 MW ML2MW
1995 04 20 1403 123.605 -12.230  24.5 3.97 MW mb2MW
1995 05 11 0006 140.960 -19.220   0.0 3.11 MW ML2MW
1995 05 29 2033 136.600 -24.800   5.0 3.26 MW ML2MW
1995 06 04 2036 125.796 -24.119   5.0 3.66 MW ML2MW
1995 06 18 0745 126.380 -11.116 150.0 4.08 MW ML2MW
1995 07 10 1225 132.316 -22.357   0.0 3.26 MW ML2MW
1995 08 10 0650 131.704 -22.357   0.0 3.19 MW ML2MW
1995 08 15 1458 128.925 -11.251  33.0 3.20 MW mb2MW
1995 08 20 1957 122.619 -12.385  59.0 3.80 MW mb2MW
1995 09 21 0940 127.504 -22.249  10.0 3.88 MW mb2MW
1995 10 01 1139 134.483 -19.832  24.0 3.58 MW ML2MW
1995 10 27 0420 129.276 -34.631  20.0 3.66 MW ML2MW
1995 10 30 1905 135.510 -10.020 151.0 3.28 MW mb2MW
1995 11 20 1116 131.450 -25.991  10.0 3.50 MW ML2MW
1995 12 12 2211 124.282 -18.527   5.0 3.34 MW ML2MW
1995 12 16 0156 127.454 -21.081   5.0 3.42 MW ML2MW
1995 12 25 1509 134.070 -18.917   0.0 3.19 MW ML2MW
1996 01 01 1235 127.920 -14.490  33.0 3.20 MW mb2MW
1996 01 06 0208 140.282 -25.688   0.0 3.04 MW ML2MW
1996 01 13 1919 129.327 -10.342 626.0 3.80 MW mb2MW
1996 02 17 2323 135.787 -10.691  33.0 3.20 MW mb2MW
1996 03 10 1800 128.420 -20.540   5.0 3.11 MW ML2MW
1996 03 11 0624 117.610 -31.454   1.0 3.19 MW ML2MW
1996 03 11 2324 127.149 -16.578   5.0 3.58 MW ML2MW
1996 03 13 0340 123.064 -12.584  33.0 3.91 MW ML2MW
1996 04 02 0355 127.890 -10.600  64.0 3.50 MW ML2MW
1996 04 22 0958 126.595 -22.082   5.0 3.58 MW ML2MW
1996 04 28 2052 128.651 -16.663  18.0 3.11 MW ML2MW
1996 04 30 1358 128.803 -11.753  33.0 3.28 MW mb2MW
1996 05 14 2314 116.802 -34.036   1.0 3.11 MW ML2MW
1996 05 28 0126 128.573 -10.213  67.0 3.71 MW mb2MW
1996 06 01 0715 121.468 -30.743   1.0 3.19 MW ML2MW
1996 06 13 1552 142.488 -15.553  10.0 3.19 MW ML2MW
1996 07 02 1627 129.430 -10.850   0.0 3.19 MW ML2MW
1996 07 09 0926 129.936 -26.990   5.0 3.26 MW ML2MW
1996 08 01 0618 131.610 -11.590   5.0 3.11 MW ML2MW
1996 08 16 1158 127.206 -11.901  33.0 3.37 MW mb2MW
1996 08 18 1142 123.668 -35.210   5.0 3.11 MW ML2MW
1996 09 02 0546 128.652 -16.563   1.0 3.11 MW ML2MW
1996 09 04 1211 130.685 -26.444   0.0 3.11 MW ML2MW
1996 09 18 2335 116.724 -31.978   1.0 3.19 MW ML2MW
1996 10 18 0528 114.588 -32.761   5.0 3.99 MW ML2MW
1996 10 23 1823 128.650 -16.598   5.0 3.58 MW ML2MW
1996 10 26 0854 117.909 -33.900   1.0 3.66 MW ML2MW
1996 11 12 0502 130.005 -21.963  11.0 3.11 MW ML2MW
1996 11 16 0621 117.685 -31.454   3.0 3.34 MW ML2MW
1996 11 30 1723 117.480 -25.230  10.0 3.63 MW mb2MW
1996 12 01 0450 132.988 -26.695   5.0 3.42 MW ML2MW
1996 12 03 0755 119.749 -32.004   1.0 3.19 MW ML2MW
1996 12 06 0401 128.704 -23.405   5.0 3.04 MW ML2MW
1996 12 08 2129 124.630 -15.197  33.0 3.58 MW ML2MW
1996 12 10 0602 128.448 -26.251   5.0 3.42 MW ML2MW
1996 12 21 1231 135.300 -10.630 386.0 3.28 MW mb2MW
1996 12 29 0924 112.389 -31.608  19.0 3.26 MW ML2MW
1997 02 02 1936 124.073 -13.884  33.0 3.54 MW mb2MW
1997 02 05 1455 123.271 -29.851   5.0 3.34 MW ML2MW
1997 02 06 1356 123.916 -30.128   5.0 3.34 MW ML2MW
1997 02 22 0848 126.327 -21.757  12.0 3.74 MW ML2MW
1997 03 03 0305 127.003 -16.597   5.0 3.34 MW ML2MW
1997 03 03 1953 134.702 -37.350  13.4 3.33 MW ML2MW
1997 03 14 2358 130.547 -10.848  12.0 3.19 MW ML2MW
1997 03 27 0614 117.673 -31.475   5.0 3.34 MW ML2MW
1997 06 06 0617 125.812 -24.156   5.0 3.11 MW ML2MW
1997 06 23 2044 131.870 -23.110  19.0 4.08 MW ML2MW
1997 07 23 1829 126.541 -22.114   5.0 3.58 MW ML2MW
1997 07 29 0542 130.154 -12.789   0.0 4.08 MW ML2MW
1997 07 29 0742 125.807 -28.360  10.0 4.08 MW ML2MW
1997 08 03 0117 116.059 -28.604   5.0 3.04 MW ML2MW
1997 08 31 1523 117.684 -31.449   5.0 4.44 MW ML2MW
1997 09 11 1619 126.262 -30.968   5.0 3.11 MW ML2MW
1997 09 26 0810 127.560 -22.792   5.0 3.04 MW ML2MW
1997 11 11 1226 128.168 -16.504   5.0 3.50 MW ML2MW
1997 11 23 0420 128.496 -16.798  33.0 3.04 MW ML2MW
1997 12 07 1750 116.490 -30.998   5.0 3.11 MW ML2MW
1997 12 28 1556 122.313 -32.621   5.0 3.11 MW ML2MW
1998 01 11 1432 122.817 -12.569   0.0 3.11 MW ML2MW
1998 01 30 1654 143.180 -13.250  10.0 3.50 MW ML2MW
1998 03 22 1753 122.164 -31.516   5.0 3.91 MW ML2MW
1998 03 29 0350 139.168 -12.360  35.0 4.72 MW ML2MW
1998 03 29 2006 129.278 -14.280  10.0 4.08 MW ML2MW
1998 04 08 1641 126.642 -17.925   5.0 3.04 MW ML2MW
1998 04 10 0346 122.343 -32.589   5.0 4.17 MW ML2MW
1998 04 12 1510 128.551 -16.924   5.0 3.04 MW ML2MW
1998 04 13 2303 136.130 -12.941  10.0 3.26 MW ML2MW
1998 04 29 1034 117.477 -31.207   3.0 3.11 MW ML2MW
1998 04 29 2314 128.115 -11.481   0.0 3.19 MW ML2MW
1998 05 11 1211 118.080 -33.694   1.0 3.26 MW ML2MW
1998 05 15 2354 130.940 -26.090   5.0 3.42 MW ML2MW
1998 05 25 0503 123.827 -13.827   0.0 3.34 MW ML2MW
1998 06 07 2242 117.683 -31.464   5.0 3.58 MW ML2MW
1998 06 16 1513 134.470 -23.650   7.0 3.26 MW ML2MW
1998 06 18 1321 131.031 -12.206   0.0 3.58 MW ML2MW
1998 06 23 0838 131.860 -26.080  10.0 3.19 MW ML2MW
1998 06 23 1512 132.010 -13.340   0.0 3.19 MW ML2MW
1998 06 27 0701 121.605 -30.815   5.0 3.50 MW ML2MW
1998 07 05 0849 118.640 -26.249   5.0 3.04 MW ML2MW
1998 07 08 1044 121.416 -30.777   1.0 3.04 MW ML2MW
1998 07 17 1846 127.845 -26.502  11.0 3.42 MW ML2MW
1998 07 23 0149 131.350 -23.030   0.0 3.11 MW ML2MW
1998 07 31 0046 125.694 -24.301   5.0 3.26 MW ML2MW
1998 08 04 0145 132.534 -13.211   0.0 3.42 MW ML2MW
1998 08 08 1326 123.420 -12.766  33.0 3.97 MW mb2MW
1998 08 15 1941 123.361 -12.876  33.0 3.37 MW mb2MW
1998 08 17 0457 135.246 -28.994   8.3 3.58 MW ML2MW
1998 09 11 0207 132.810 -26.410   0.0 3.19 MW ML2MW
1998 09 13 2250 123.208 -12.501   5.0 3.34 MW ML2MW
1998 10 02 0943 136.388 -13.774   0.0 3.19 MW ML2MW
1998 10 14 2226 121.320 -31.033   5.0 3.58 MW ML2MW
1998 10 15 0404 126.907 -11.718  33.0 3.63 MW mb2MW
1998 11 10 0158 128.966 -13.794   0.0 3.34 MW ML2MW
1998 11 13 1154 124.887 -19.132   7.0 3.74 MW ML2MW
1998 11 13 2352 129.120 -13.740   0.0 3.19 MW ML2MW
1998 11 19 0642 137.790 -25.000   0.0 3.04 MW ML2MW
1998 12 05 2311 129.746 -10.275 560.0 3.11 MW mb2MW
1999 01 18 1450 126.410 -27.788  10.0 4.08 MW ML2MW
1999 01 22 0007 116.936 -33.970   1.0 3.26 MW ML2MW
1999 02 02 2359 140.080 -26.288  10.0 3.26 MW ML2MW
1999 02 25 2252 129.119 -10.468   0.0 3.34 MW ML2MW
1999 03 01 0128 137.590 -25.800   0.0 3.50 MW ML2MW
1999 03 06 1530 118.213 -23.589  10.0 3.58 MW ML2MW
1999 03 22 0122 127.312 -16.692   5.0 3.50 MW ML2MW
1999 03 27 2209 124.441 -30.832   5.0 3.11 MW ML2MW
1999 04 09 0728 129.812 -25.189   5.0 3.04 MW ML2MW
1999 04 10 2227 124.752 -19.621   5.0 3.26 MW ML2MW
1999 04 18 2143 122.766 -13.679   5.0 3.26 MW ML2MW
1999 05 19 2331 127.880 -13.730   5.0 3.11 MW ML2MW
1999 05 31 1915 140.140 -25.850  10.0 3.19 MW ML2MW
1999 07 27 0548 127.860 -13.710   5.0 3.11 MW ML2MW
1999 08 14 1245 131.044 -26.170  10.0 3.58 MW ML2MW
1999 11 04 1836 127.480 -15.970   5.0 3.11 MW ML2MW
1999 11 09 0505 121.390 -28.820   5.0 3.58 MW ML2MW
1999 12 01 1525 126.590 -27.180   5.0 3.26 MW ML2MW
1999 12 16 1236 125.880 -16.840   5.0 3.11 MW ML2MW
1999 12 31 0459 119.780 -32.110   1.0 3.11 MW ML2MW
2000 01 10 2057 124.082 -28.554  10.0 3.11 MW ML2MW
2000 02 02 2324 118.255 -33.700   5.0 3.26 MW ML2MW
2000 02 08 0426 128.814 -23.911   5.0 3.19 MW ML2MW
2000 02 15 1744 127.654 -14.118   0.0 3.45 MW ML2MW
2000 02 24 2044 117.790 -30.750   8.0 3.42 MW ML2MW
2000 03 01 0611 123.466 -12.610   5.0 3.26 MW ML2MW
2000 04 03 1109 134.790 -35.087  14.1 3.12 MW ML2MW
2000 04 13 0314 128.635 -16.421  15.0 3.70 MW ML2MW
2000 04 21 1152 134.389 -35.382   7.9 3.11 MW ML2MW
2000 06 19 1804 131.404 -22.832   5.0 3.51 MW ML2MW
2000 06 20 1412 124.121 -11.736   2.0 3.34 MW ML2MW
2000 07 22 1328 132.520 -20.570   0.0 3.16 MW ML2MW
2000 07 25 2056 126.286 -22.291  10.0 3.04 MW ML2MW
2000 07 29 0245 123.749 -29.933  10.0 3.26 MW ML2MW
2000 08 01 1123 131.749 -26.787   0.0 3.29 MW ML2MW
2000 09 07 0107 131.205 -23.264  10.0 3.19 MW ML2MW
2000 09 22 0604 117.058 -30.526   1.1 3.65 MW ML2MW
2000 10 15 0827 128.902 -12.370  28.0 4.21 MW ML2MW
2000 10 21 1052 129.288 -13.802  19.0 3.37 MW ML2MW
2000 11 11 2200 126.172 -27.637   2.0 3.29 MW ML2MW
2000 11 15 0848 126.540 -22.039  11.0 3.27 MW ML2MW
2000 11 16 0125 118.386 -34.537   0.0 3.10 MW ML2MW
2000 12 28 0528 130.763 -12.544   0.0 3.62 MW ML2MW
2001 01 04 2123 123.887 -28.940  10.0 3.49 MW ML2MW
2001 01 10 1003 126.635 -27.890   0.0 3.04 MW ML2MW
2001 01 25 1406 126.450 -18.350   0.0 3.42 MW ML2MW
2001 02 02 0322 122.410 -20.915  20.0 3.19 MW ML2MW
2001 02 17 1300 129.194 -13.077   0.0 3.58 MW ML2MW
2001 02 19 1805 129.240 -14.010   0.0 3.08 MW ML2MW
2001 03 08 1049 120.326 -31.457  10.0 3.99 MW ML2MW
2001 03 11 2123 129.571 -11.349   0.0 3.74 MW ML2MW
2001 03 27 0458 122.408 -32.029  10.0 3.41 MW ML2MW
2001 04 12 1822 137.370 -25.673  10.0 3.36 MW ML2MW
2001 04 12 2237 137.692 -25.843  10.0 3.42 MW ML2MW
2001 04 21 0856 127.611 -20.013  10.0 3.41 MW ML2MW
2001 04 25 2337 124.280 -30.910   5.0 3.38 MW ML2MW
2001 05 11 0811 127.460 -14.490   0.0 3.74 MW ML2MW
2001 05 21 1119 119.780 -31.984   0.0 3.04 MW ML2MW
2001 05 24 0951 122.638 -12.149  10.0 3.26 MW ML2MW
2001 05 28 0743 131.680 -26.500  10.0 3.11 MW ML2MW
2001 07 19 1107 129.475 -11.984   0.0 3.34 MW ML2MW
2001 07 27 0423 124.366 -18.384   0.0 3.48 MW ML2MW
2001 07 28 1949 126.662 -22.137  10.0 3.57 MW ML2MW
2001 08 06 1421 128.803 -10.044  90.0 3.26 MW ML2MW
2001 08 10 1014 131.231 -12.487   5.0 3.11 MW ML2MW
2001 08 14 0803 127.580 -22.940   0.0 3.60 MW ML2MW
2001 08 18 0205 122.555 -33.416  10.0 3.11 MW ML2MW
2001 09 08 1031 133.529 -34.272   7.2 3.09 MW ML2MW
2001 09 28 0254 117.061 -30.536   2.3 5.02 MW ML2MW
2001 10 07 1354 139.767 -24.934   0.0 3.19 MW ML2MW
2001 10 13 0507 129.014 -30.501  12.6 3.05 MW ML2MW
2001 10 19 0418 129.547 -23.601   1.0 3.84 MW ML2MW
2001 10 19 1743 120.628 -33.712  10.0 5.01 MW ML2MW
2001 10 23 0617 124.381 -28.200  10.0 3.04 MW ML2MW
2001 11 02 0238 123.428 -12.695  33.0 3.37 MW mb2MW
2001 11 23 1407 126.311 -12.499  33.0 3.37 MW mb2MW
2001 12 01 2209 122.592 -12.967  23.0 3.24 MW ML2MW
2001 12 26 1854 117.688 -31.380   2.9 3.25 MW ML2MW
2002 02 06 0448 120.413 -22.785  10.0 3.70 MW ML2MW
2002 03 17 0109 125.388 -27.539   5.0 3.27 MW ML2MW
2002 03 24 1156 131.680 -26.691   2.0 3.45 MW ML2MW
2002 04 13 0037 137.714 -26.480  12.0 3.04 MW ML2MW
2002 04 15 2244 130.040 -23.151   3.0 3.37 MW ML2MW
2002 04 16 1601 129.965 -23.024   2.0 3.37 MW ML2MW
2002 04 30 1517 114.013 -32.993  10.0 3.45 MW ML2MW
2002 06 28 1257 130.090 -23.291   5.0 3.22 MW ML2MW
2002 07 18 0423 119.872 -32.195  10.0 3.91 MW ML2MW
2002 07 24 2048 121.243 -30.382  10.0 3.33 MW ML2MW
2002 08 02 1343 121.207 -30.917   3.0 3.83 MW ML2MW
2002 09 09 0657 126.709 -31.527   6.0 3.89 MW ML2MW
2002 10 06 1457 129.274 -22.186   1.0 3.56 MW ML2MW
2002 10 25 0425 126.813 -32.415   5.0 3.53 MW ML2MW
2002 11 01 0855 129.904 -11.931  10.0 4.16 MW ML2MW
2002 11 05 0912 135.239 -22.479  10.0 3.23 MW ML2MW
2003 01 15 0203 137.306 -25.947  10.0 3.18 MW ML2MW
2003 03 06 0357 126.675 -22.162  10.0 3.26 MW ML2MW
2003 03 27 1440 133.274 -33.780  24.1 3.50 MW ML2MW
2003 05 16 0514 136.320 -11.500   5.0 3.04 MW ML2MW
2003 05 19 1705 129.679 -10.713  76.0 3.37 MW mb2MW
2003 05 20 1232 128.431 -16.846   5.0 3.03 MW ML2MW
2003 06 06 1140 126.524 -22.073   0.0 3.19 MW ML2MW
2003 06 21 1551 132.673 -21.097   0.0 3.31 MW ML2MW
2003 07 03 0536 120.149 -25.795  21.8 3.63 MW ML2MW
2003 07 18 1319 119.609 -34.372   5.0 3.06 MW ML2MW
2003 07 27 2257 125.142 -19.012  10.0 3.26 MW ML2MW
2003 08 07 0510 129.882 -23.343   0.0 3.21 MW ML2MW
2003 08 15 0541 122.647 -28.608   0.0 3.19 MW ML2MW
2003 09 16 1616 130.389 -22.676   0.0 3.23 MW ML2MW
2003 10 31 1214 138.146 -13.874  10.0 3.19 MW ML2MW
2003 11 12 2057 122.797 -13.237 105.0 3.37 MW mb2MW
2003 12 05 2226 126.844 -18.387  10.0 3.88 MW mb2MW
2004 01 14 0109 122.789 -12.864  75.0 3.66 MW ML2MW
2004 01 23 0928 132.786 -22.297  10.0 3.31 MW ML2MW
2004 01 23 1531 123.549 -31.672  14.9 4.23 MW ML2MW
2004 01 23 1820 123.700 -12.020 107.0 3.45 MW mb2MW
2004 01 26 2039 131.849 -26.181  10.0 3.26 MW ML2MW
2004 02 11 0930 130.100 -22.498  12.5 4.90 MW GCMT
2004 02 11 1935 121.132 -31.129   0.0 3.02 MW ML2MW
2004 02 18 1541 131.671 -27.600  27.6 3.06 MW ML2MW
2004 02 23 1723 125.571 -20.832   5.0 3.73 MW ML2MW
2004 03 01 2233 123.171 -32.423   1.7 3.24 MW ML2MW
2004 03 05 0011 127.084 -32.346  10.0 4.30 MW ML2MW
2004 03 24 0627 124.144 -29.849  10.0 3.19 MW ML2MW
2004 04 02 2222 128.185 -11.851   0.0 3.66 MW ML2MW
2004 04 03 0729 128.715 -16.756  10.0 3.26 MW ML2MW
2004 04 08 1024 124.198 -12.349  98.0 3.80 MW mb2MW
2004 04 10 0555 130.093 -25.064  10.0 3.19 MW ML2MW
2004 05 05 1008 131.071 -26.042  10.0 3.45 MW ML2MW
2004 05 31 2232 121.760 -31.326   0.0 3.61 MW ML2MW
2004 06 07 1340 125.483 -27.695   6.8 3.67 MW ML2MW
2004 08 14 1537 130.950 -26.090   0.8 3.45 MW ML2MW
2004 09 10 0847 117.061 -30.550   5.0 3.18 MW ML2MW
2004 09 25 1510 129.152 -16.776  10.0 3.99 MW ML2MW
2004 10 11 1225 117.098 -30.879   0.0 3.25 MW ML2MW
2004 10 18 2227 127.437 -16.527   9.0 3.02 MW ML2MW
2004 11 01 1315 124.844 -19.111   8.9 3.89 MW ML2MW
2004 11 23 1050 127.153 -16.937  10.0 3.95 MW ML2MW
2004 11 24 0242 117.726 -30.548  10.0 4.16 MW Allen et al. (2006)
2004 12 13 1326 117.070 -30.427   2.1 3.18 MW ML2MW
2004 12 16 0955 125.120 -17.597  11.8 3.50 MW ML2MW
2004 12 23 0427 124.414 -15.048   0.0 3.82 MW ML2MW
2005 01 03 0040 117.479 -30.652   1.5 3.58 MW ML2MW
2005 01 27 1717 119.236 -31.416   5.4 3.56 MW ML2MW
2005 01 27 1729 122.381 -32.467  10.0 3.41 MW ML2MW
2005 02 18 1757 121.085 -32.827   0.0 3.39 MW ML2MW
2005 02 24 1657 117.485 -30.629   2.5 3.42 MW ML2MW
2005 02 27 0617 118.282 -33.606   0.0 3.64 MW ML2MW
2005 03 13 0209 131.694 -26.205   5.0 4.42 MW ML2MW
2005 03 16 0127 117.464 -30.639   2.6 3.55 MW Allen et al. (2006)
2005 03 19 0729 130.868 -26.091  10.0 3.94 MW ML2MW
2005 03 29 1615 126.605 -22.144   5.0 3.41 MW ML2MW
2005 04 02 0914 127.241 -16.645   0.0 3.08 MW ML2MW
2005 04 07 2018 130.149 -10.380   0.0 3.04 MW ML2MW
2005 05 01 0943 117.912 -30.194   2.7 4.07 MW ML2MW
2005 05 04 1845 117.319 -25.932   9.0 3.32 MW ML2MW
2005 05 27 1210 117.447 -30.650   4.3 3.42 MW ML2MW
2005 06 12 1051 117.108 -30.802   2.3 4.24 MW ML2MW
2005 06 12 2036 117.030 -30.558   7.6 4.40 MW ML2MW
2005 09 21 2246 117.165 -30.146   2.0 4.06 MW Ghasemi et al (2016)
2005 11 08 0922 143.969 -16.804   7.8 3.34 MW ML2MW
2005 11 15 1450 128.666 -16.486   2.0 3.20 MW ML2MW
2005 11 25 2032 117.195 -30.134   2.2 3.64 MW ML2MW
2005 12 01 0152 117.038 -30.536   2.5 3.10 MW ML2MW
2005 12 26 0750 128.746 -16.133   0.0 3.06 MW ML2MW
2006 02 22 0842 128.384 -10.382  35.0 3.11 MW mb2MW
2006 03 07 0106 117.142 -30.146   2.2 3.64 MW ML2MW
2006 03 29 1257 117.685 -30.280   0.0 3.18 MW ML2MW
2006 04 01 0109 130.972 -26.046  10.0 3.97 MW mb2MW
2006 04 02 0839 119.081 -22.368  10.0 3.97 MW ML2MW
2006 04 24 1245 137.742 -25.734   0.0 3.03 MW mb2MW
2006 05 02 0247 137.341 -25.877  10.0 3.51 MW ML2MW
2006 05 24 2134 129.984 -23.204  10.0 3.77 MW ML2MW
2006 05 24 2200 127.138 -16.534   2.3 3.08 MW ML2MW
2006 05 26 0738 128.691 -16.664   0.0 3.11 MW ML2MW
2006 06 06 1534 117.838 -25.119  10.0 4.40 MW ML2MW
2006 07 04 1608 121.526 -30.779   7.0 3.23 MW ML2MW
2006 09 13 0547 126.611 -22.141  10.0 3.26 MW ML2MW
2006 11 28 2151 123.951 -28.561   9.0 3.15 MW ML2MW
2006 12 07 1058 117.411 -25.188  14.0 3.41 MW ML2MW
2006 12 21 1210 121.456 -30.731   0.0 3.12 MW ML2MW
2007 02 05 1717 125.413 -19.294   5.0 3.18 MW ML2MW
2007 02 17 1344 126.617 -17.903   0.0 3.42 MW ML2MW
2007 03 02 1019 136.708 -23.580   6.9 3.58 MW ML2MW
2007 03 06 0407 124.341 -29.933   1.0 3.82 MW ML2MW
2007 04 20 0719 132.900 -26.572   0.0 3.19 MW ML2MW
2007 04 25 2027 127.151 -18.119   0.0 3.17 MW ML2MW
2007 04 28 2219 124.759 -12.018  21.0 3.97 MW mb2MW
2007 07 01 1356 128.633 -23.003  10.0 3.82 MW ML2MW
2007 08 03 0838 120.571 -23.394   0.0 3.04 MW ML2MW
2007 08 05 0712 117.648 -33.185  17.0 3.55 MW ML2MW
2007 08 24 0609 128.672 -16.657   0.0 3.04 MW ML2MW
2007 08 28 1533 115.942 -35.429  18.0 4.43 MW ML2MW
2007 09 10 0320 130.369 -15.344   9.0 3.09 MW ML2MW
2007 09 28 0840 120.660 -23.150   0.0 3.19 MW ML2MW
2007 10 09 2358 117.505 -33.946   0.0 4.74 MW Dawson et al. (2008); Somerville et al. (2009); Ghasemi et al (2016)
2007 11 05 0641 129.666 -22.390   0.0 3.35 MW ML2MW
2007 11 12 1326 121.519 -30.699   4.0 3.05 MW ML2MW
2007 11 19 2001 143.735 -12.336  24.0 4.68 MW ML2MW
2007 11 26 1005 123.719 -30.127   2.0 3.37 MW ML2MW
2007 12 01 2058 129.657 -22.291  10.0 3.34 MW ML2MW
2007 12 13 0529 122.823 -12.537  15.0 3.75 MW ML2MW
2008 01 13 1616 117.069 -26.650   2.5 3.09 MW ML2MW
2008 01 19 1224 122.127 -33.016   0.0 3.31 MW ML2MW
2008 02 06 0646 129.644 -13.402   6.7 4.14 MW ML2MW
2008 02 22 0258 123.526 -19.097   2.1 3.20 MW ML2MW
2008 03 17 0656 137.427 -25.975  10.0 3.59 MW ML2MW
2008 03 24 1731 118.385 -30.668  12.8 3.18 MW ML2MW
2008 05 03 2214 117.365 -31.168   5.0 3.73 MW ML2MW
2008 05 17 0036 116.975 -30.117   0.0 3.48 MW ML2MW
2008 05 20 0825 129.609 -23.363   0.0 3.51 MW ML2MW
2008 07 02 0240 121.473 -30.739   0.0 3.52 MW ML2MW
2008 07 04 1525 125.965 -31.700   0.6 3.07 MW ML2MW
2008 07 09 2345 125.223 -26.034   1.4 4.62 MW Ghasemi et al (2016)
2008 07 27 0644 127.744 -18.144   0.0 3.14 MW ML2MW
2008 08 01 1727 117.132 -30.495   0.0 3.36 MW ML2MW
2008 11 06 1456 116.655 -30.876   8.0 3.44 MW ML2MW
2008 11 14 2115 129.800 -12.600   0.0 3.14 MW ML2MW
2008 12 05 1530 127.550 -22.203   3.0 3.29 MW ML2MW
2008 12 15 1652 118.889 -30.409   7.2 3.14 MW ML2MW
2009 01 14 2257 133.172 -29.228  12.5 3.15 MW ML2MW
2009 04 04 1240 133.943 -33.593   8.7 4.02 MW ML2MW
2009 04 06 2050 117.191 -31.950   0.0 3.29 MW ML2MW
2009 04 07 2126 121.461 -30.785   0.0 3.36 MW ML2MW
2009 04 08 0531 116.881 -34.148   0.0 4.19 MW ML2MW
2009 04 28 1906 121.553 -30.644   3.0 3.36 MW ML2MW
2009 06 21 0608 124.631 -30.308  10.0 3.36 MW ML2MW
2009 10 02 0506 137.780 -11.790   0.0 3.66 MW ML2MW
2009 10 16 0224 133.119 -34.419  32.3 4.28 MW ML2MW
2009 10 24 1626 120.659 -33.468  10.0 4.29 MW MS2MW
2009 11 03 0654 125.792 -27.579   9.5 3.60 MW ML2MW
2009 11 08 0541 138.819 -10.450  30.0 3.91 MW ML2MW
2010 01 05 0555 128.600 -17.009  10.0 3.36 MW ML2MW
2010 02 14 1014 122.307 -32.506   0.0 3.35 MW ML2MW
2010 03 11 1257 132.472 -22.413   0.0 3.06 MW ML2MW
2010 03 23 0340 128.712 -15.797   3.0 3.21 MW ML2MW
2010 04 11 1202 132.830 -16.924  20.0 3.51 MW ML2MW
2010 04 20 0017 121.770 -30.745  10.0 4.16 MW Ghasemi et al (2016)
2010 06 04 1056 121.385 -30.726   0.0 3.49 MW ML2MW
2010 06 09 1541 123.256 -22.166   0.0 3.17 MW ML2MW
2010 06 21 0404 129.752 -21.524   5.0 3.54 MW ML2MW
2010 07 05 1229 131.061 -25.940   0.0 3.36 MW ML2MW
2010 07 26 1838 121.343 -30.911   0.0 3.14 MW ML2MW
2010 07 27 0635 128.845 -23.113   0.0 3.52 MW ML2MW
2010 08 30 0417 127.636 -22.936   0.0 3.21 MW ML2MW
2010 08 30 1349 134.033 -20.633  10.0 3.31 MW ML2MW
2010 09 02 0725 129.351 -14.310   0.0 3.23 MW ML2MW
2010 09 26 2259 117.447 -30.520   0.0 3.12 MW ML2MW
2010 10 14 1100 135.707 -23.319   0.0 3.22 MW ML2MW
2010 10 24 1017 124.228 -30.582  31.0 3.03 MW ML2MW
2010 10 27 0825 135.708 -25.995   0.0 3.57 MW ML2MW
2010 11 10 0104 136.649 -23.320  10.0 3.29 MW ML2MW
2010 12 02 1224 130.429 -11.930   0.0 3.07 MW ML2MW
2010 12 05 1325 128.900 -14.885  30.0 3.56 MW ML2MW
2010 12 21 1500 127.327 -13.115  10.0 3.71 MW ML2MW
2010 12 25 1201 129.721 -22.197  15.0 3.38 MW ML2MW
2011 01 11 0311 124.491 -27.997   0.0 3.63 MW ML2MW
2011 02 21 2159 135.420 -20.903   0.6 3.97 MW Ghasemi et al (2016)
2011 02 24 0226 120.084 -26.564  10.0 3.20 MW ML2MW
2011 04 01 0817 134.067 -18.870   0.0 3.60 MW ML2MW
2011 04 10 1612 131.513 -13.296   0.0 3.14 MW ML2MW
2011 04 26 1427 117.155 -30.508   0.0 3.53 MW ML2MW
2011 05 11 1215 133.096 -26.709   0.0 3.14 MW ML2MW
2011 05 11 2034 125.207 -12.614   0.0 3.03 MW mb2MW
2011 05 12 1836 122.068 -32.463  19.0 3.32 MW ML2MW
2011 05 20 2003 119.504 -23.567  10.0 4.62 MW ML2MW
2011 05 23 1347 131.059 -26.250  10.0 3.36 MW ML2MW
2011 07 02 0048 123.958 -18.366   0.0 4.02 MW ML2MW
2011 07 14 0235 114.173 -33.165   0.0 3.76 MW ML2MW
2011 07 27 0402 121.529 -30.573   0.0 3.54 MW ML2MW
2011 08 17 1109 128.677 -16.919   0.0 3.47 MW ML2MW
2011 09 07 2228 136.132 -36.602  14.9 3.21 MW ML2MW
2011 09 27 1913 117.800 -30.642   2.0 3.19 MW ML2MW
2011 10 05 1706 117.236 -33.730  16.0 3.52 MW ML2MW
2011 10 27 0705 126.529 -22.061  10.0 3.04 MW ML2MW
2011 10 29 0748 117.874 -36.357  10.0 3.06 MW ML2MW
2011 11 23 1100 122.593 -12.527   0.0 3.11 MW ML2MW
2011 11 26 2059 138.351 -26.012  28.2 3.25 MW ML2MW
2011 11 27 0654 117.560 -30.633   0.0 3.14 MW ML2MW
2011 12 14 0549 123.152 -32.513  15.0 3.53 MW ML2MW
2012 01 10 1844 118.222 -33.308   0.0 3.62 MW ML2MW
2012 01 24 1142 116.935 -30.449  10.6 3.21 MW ML2MW
2012 02 04 0841 133.119 -34.889  15.2 3.37 MW ML2MW
2012 03 09 0616 117.840 -30.410   8.0 3.50 MW ML2MW
2012 03 13 2026 117.186 -34.134  15.0 3.18 MW ML2MW
2012 03 23 0925 131.971 -26.178  10.0 5.18 MW Ghasemi et al (2016)
2012 03 25 1657 117.843 -30.405  10.0 3.50 MW ML2MW
2012 04 08 1845 139.939 -28.822  22.1 3.26 MW ML2MW
2012 04 19 2103 132.976 -26.050  20.3 3.71 MW ML2MW
2012 04 21 0133 118.203 -31.222  11.0 3.29 MW ML2MW
2012 05 11 1827 128.104 -10.582 116.0 4.14 MW mb2MW
2012 06 03 0920 129.173 -17.083  15.0 3.25 MW ML2MW
2012 06 29 1228 136.882 -23.931  10.0 3.36 MW ML2MW
2012 07 18 0920 117.794 -30.429   2.0 3.68 MW ML2MW
2012 09 03 1006 115.990 -28.654   9.0 3.03 MW ML2MW
2012 09 14 1710 129.475 -20.951   5.0 3.37 MW ML2MW
2012 09 26 0522 132.163 -26.054  13.0 3.41 MW ML2MW
2012 09 26 1737 121.072 -30.996  10.0 3.21 MW ML2MW
2012 10 07 0320 120.630 -27.768   0.0 3.53 MW ML2MW
2012 10 08 1028 137.065 -25.474  33.1 3.21 MW ML2MW
2012 10 12 1927 127.681 -22.881  10.0 3.62 MW ML2MW
2012 11 05 1931 129.045 -11.546  39.0 4.36 MW ML2MW
2012 11 08 0356 127.209 -29.907  32.5 3.64 MW ML2MW
2012 11 21 0621 128.603 -22.974  10.0 3.42 MW ML2MW
2012 11 28 2235 125.943 -27.757   0.0 3.89 MW Ghasemi et al (2016)
2012 12 01 1719 127.661 -16.195  10.0 3.54 MW ML2MW
2012 12 26 2046 115.809 -35.114   2.0 3.03 MW ML2MW
2013 02 01 0949 117.427 -30.650   2.0 3.36 MW ML2MW
2013 02 13 1649 136.589 -12.796  10.0 4.02 MW ML2MW
2013 03 03 2136 119.276 -32.375   1.0 3.46 MW ML2MW
2013 03 08 2159 122.228 -21.738  10.0 3.14 MW ML2MW
2013 03 15 0440 127.693 -22.755  10.0 3.56 MW ML2MW
2013 03 21 0408 127.736 -25.581  10.0 3.21 MW ML2MW
2013 04 20 0134 119.855 -28.614  18.0 3.36 MW ML2MW
2013 05 07 2148 132.113 -26.185   4.0 3.40 MW ML2MW
2013 05 13 2044 122.826 -31.691   0.0 3.06 MW ML2MW
2013 05 17 1511 117.456 -30.619   4.0 3.47 MW ML2MW
2013 05 20 0514 116.745 -29.143  15.0 3.18 MW ML2MW
2013 06 09 1422 132.230 -25.953  33.4 5.38 MW Ghasemi et al (2016)
2013 06 12 1330 127.743 -22.752   0.0 3.54 MW ML2MW
2013 06 13 1530 117.439 -30.628   5.0 3.14 MW ML2MW
2013 06 13 1541 117.375 -30.672   0.0 3.14 MW ML2MW
2013 06 25 2048 116.234 -28.805   0.0 3.56 MW ML2MW
2013 07 14 0339 119.636 -22.577   0.0 3.14 MW ML2MW
2013 07 29 0521 131.669 -22.675   0.0 3.26 MW ML2MW
2013 08 24 0639 123.662 -30.872   0.0 3.01 MW ML2MW
2013 09 28 0400 129.119 -15.610   0.0 3.47 MW ML2MW
2013 09 30 2114 121.498 -31.898  12.0 3.85 MW ML2MW
2013 10 04 2003 117.658 -30.622   0.0 3.37 MW ML2MW
2013 10 20 0752 123.697 -35.195  10.0 3.13 MW ML2MW
2013 10 30 2225 120.746 -27.786   0.0 3.98 MW ML2MW
2013 11 18 1743 128.660 -16.606   0.0 3.16 MW ML2MW
2013 11 25 1539 124.529 -19.312  10.0 3.12 MW ML2MW
2013 11 30 0549 139.480 -28.545  21.5 3.68 MW ML2MW
2013 12 06 1045 121.179 -35.832  10.0 3.29 MW ML2MW
2013 12 07 2024 125.528 -31.506  10.0 3.29 MW ML2MW
2013 12 14 1432 117.026 -32.248  13.0 3.21 MW ML2MW
2013 12 15 0732 125.637 -31.637  10.0 3.06 MW ML2MW
2013 12 16 1838 125.154 -21.811  15.0 3.14 MW ML2MW
2013 12 27 1333 139.889 -25.638   9.5 3.26 MW ML2MW
2013 12 30 0907 128.700 -16.604   0.0 3.34 MW ML2MW
2014 01 16 2054 129.678 -15.073  10.0 3.20 MW ML2MW
2014 01 24 0032 117.678 -30.610   0.0 3.21 MW ML2MW
2014 01 31 0303 117.585 -33.454   6.0 3.10 MW ML2MW
2014 02 01 0526 119.627 -34.614  10.0 3.09 MW ML2MW
2014 02 06 1341 129.565 -15.058  10.0 3.38 MW ML2MW
2014 02 07 0118 126.183 -32.285   0.0 3.36 MW ML2MW
2014 02 15 0458 125.979 -31.640   0.0 3.05 MW ML2MW
2014 02 26 0000 121.187 -30.679   0.0 4.32 MW Ghasemi et al (2016)
2014 03 16 0324 124.438 -17.414  10.0 3.52 MW ML2MW
2014 04 01 0701 117.768 -30.422   2.0 3.15 MW ML2MW
2014 04 05 0255 117.778 -30.414   7.0 3.15 MW ML2MW
2014 04 12 1911 115.553 -35.819  10.0 3.14 MW ML2MW
2014 05 01 0817 126.419 -18.205   5.0 3.00 MW ML2MW
2014 05 04 2237 128.589 -23.005  10.0 3.91 MW Ghasemi et al (2016)
2014 05 11 2034 117.474 -30.618  12.0 3.14 MW ML2MW
2014 06 02 1012 126.236 -32.693  10.0 3.40 MW ML2MW
2014 07 09 1555 127.320 -23.122  10.0 3.18 MW ML2MW
2014 07 16 0035 128.382 -25.718  10.0 3.38 MW ML2MW
2014 07 17 1839 117.798 -30.371  13.0 3.52 MW ML2MW
2014 07 22 1949 117.689 -30.642  10.0 3.40 MW ML2MW
2014 07 26 0215 119.790 -28.297   0.0 3.11 MW ML2MW
2014 08 02 0517 116.804 -29.192   0.0 3.08 MW ML2MW
2014 09 01 1418 139.617 -26.190  23.1 3.36 MW ML2MW
2014 09 05 1407 143.895 -16.949   0.0 3.18 MW ML2MW
2014 09 06 1354 124.413 -30.018  13.0 3.36 MW ML2MW
2014 09 18 0321 126.970 -31.646  15.0 3.40 MW ML2MW
2014 10 09 1545 127.132 -18.137   9.0 3.09 MW ML2MW
2014 10 24 1821 129.685 -23.579   0.0 3.14 MW ML2MW
2014 10 30 1734 117.919 -30.310  10.0 3.60 MW ML2MW
2014 10 31 1915 121.232 -30.815  10.0 3.88 MW Ghasemi et al (2016)
2014 11 04 1555 121.133 -30.920   9.0 3.14 MW ML2MW
2014 11 12 0200 125.666 -18.287  18.0 3.53 MW ML2MW
2014 12 01 1025 131.300 -21.716  10.0 3.79 MW ML2MW
2014 12 05 0357 117.153 -30.738   5.2 3.14 MW ML2MW
2014 12 05 2316 123.450 -19.017  10.0 3.21 MW ML2MW
2014 12 06 0609 127.388 -17.616  10.0 3.47 MW ML2MW
2014 12 08 0526 116.807 -29.142  10.0 3.07 MW ML2MW
2015 01 06 1241 133.071 -26.862   4.0 3.51 MW ML2MW
2015 01 17 1741 119.300 -23.306   0.0 3.06 MW ML2MW
2015 01 18 1557 121.176 -30.697  10.0 3.24 MW ML2MW
2015 01 23 0556 121.488 -31.424   4.0 3.27 MW ML2MW
2015 02 12 0502 116.604 -29.369  10.0 3.01 MW ML2MW
2015 02 13 2215 121.532 -30.627  13.0 3.56 MW ML2MW
2015 03 05 1458 117.298 -30.285  14.0 3.35 MW ML2MW
2015 03 15 1134 121.489 -33.545  10.0 3.23 MW ML2MW
2015 03 18 0549 131.356 -17.946  15.0 3.25 MW ML2MW
2015 04 26 2242 121.234 -30.760  15.0 3.26 MW ML2MW
2015 04 28 1816 124.700 -18.383  10.0 3.15 MW ML2MW
2015 05 01 1321 129.244 -13.924  20.0 3.14 MW ML2MW
2015 05 02 2131 132.111 -25.916  23.0 3.06 MW ML2MW
2015 05 23 2107 128.744 -16.873  10.0 3.45 MW ML2MW
2015 06 10 1913 121.645 -30.602   8.0 3.29 MW ML2MW
2015 06 10 2352 121.369 -30.922  15.0 3.24 MW ML2MW
2015 06 22 1258 119.190 -33.209   0.0 3.06 MW ML2MW
2015 07 24 1137 123.050 -30.517  10.0 3.04 MW ML2MW
2015 09 02 1640 116.086 -33.092  10.0 3.32 MW ML2MW
2015 09 07 0504 116.656 -29.306   0.0 3.27 MW ML2MW
2015 09 28 0012 117.927 -31.878  10.0 3.14 MW ML2MW
2015 10 27 0632 126.526 -20.267  10.0 3.46 MW ML2MW
2015 11 11 2012 130.546 -12.181  20.0 3.29 MW ML2MW
2015 11 28 1952 128.752 -16.593   6.0 3.04 MW ML2MW
2015 12 10 0208 117.858 -25.611  10.0 3.42 MW ML2MW
2015 12 18 0200 132.059 -16.293   8.0 3.43 MW ML2MW
2015 12 25 0712 138.109 -25.613  32.1 3.17 MW ML2MW
2016 01 01 1946 129.230 -13.891  15.0 3.36 MW ML2MW
2016 01 20 0940 116.630 -29.336   7.1 3.12 MW ML2MW
2016 03 30 1334 117.263 -30.348   3.3 3.36 MW ML2MW
2016 03 30 1334 117.263 -30.348   3.3 3.36 MW ML2MW
2016 04 25 2030 121.233 -30.650  10.0 3.36 MW ML2MW
2016 04 30 1945 123.858 -19.061  10.0 3.22 MW ML2MW
2016 05 16 2013 128.602 -22.904  10.0 4.15 MW Ghasemi et al (2016)
2016 05 19 1346 119.029 -22.390   3.0 3.21 MW ML2MW
2016 05 20 1814 129.832 -25.579   0.0 6.06 MW GCMT; Ghasemi et al (2016)
2016 05 23 1500 117.737 -30.455  10.0 3.38 MW ML2MW
2016 06 01 2230 116.942 -32.154   7.0 3.25 MW ML2MW
2016 06 09 1018 124.392 -30.880  10.0 3.51 MW ML2MW
2016 06 10 0149 126.347 -28.009   0.0 3.09 MW ML2MW
2016 06 23 1609 121.375 -30.771   0.0 3.16 MW ML2MW
2016 06 30 0025 117.343 -30.137  17.0 3.57 MW ML2MW
2016 07 05 0655 117.512 -30.054   0.0 3.31 MW ML2MW
2016 07 08 0940 122.346 -32.541  10.0 4.97 MW Ghasemi et al (2016)
2016 07 16 0345 119.789 -28.715  10.0 3.04 MW ML2MW
2016 08 22 1143 130.049 -25.967   0.0 3.01 MW ML2MW
2016 08 25 0405 124.792 -19.502  10.0 3.06 MW ML2MW
2016 09 04 0624 121.409 -30.807   0.0 3.02 MW ML2MW
2016 09 08 1515 119.268 -31.294   0.0 3.13 MW ML2MW
2016 09 11 1622 126.303 -16.798   9.0 3.14 MW ML2MW
2016 09 19 0530 116.570 -29.383   5.0 3.24 MW ML2MW
2016 09 20 0108 132.526 -26.517   9.0 3.28 MW ML2MW
2016 09 29 0149 119.181 -31.452  10.0 3.25 MW ML2MW
2016 10 10 0429 119.320 -23.042  18.0 3.06 MW ML2MW
2016 10 10 2314 121.437 -30.785   0.0 3.73 MW ML2MW
2016 10 25 0953 121.543 -30.835  10.0 3.71 MW ML2MW
2016 11 06 0954 128.002 -19.102  10.0 4.48 MW Ghasemi et al (2016)
2016 12 05 0531 116.550 -29.334  10.0 3.08 MW ML2MW
2016 12 24 0040 117.120 -30.826  10.0 3.46 MW ML2MW
2016 12 26 1259 137.217 -27.210  10.0 3.54 MW ML2MW
2017 01 03 1530 118.455 -30.609  10.0 4.17 MW ML2MW
2017 01 24 0502 123.500 -35.172  10.0 3.47 MW ML2MW
2017 03 17 0731 122.445 -32.444  10.0 3.01 MW ML2MW
2017 03 19 0920 117.786 -30.420  10.0 3.30 MW ML2MW
2017 03 22 1449 125.259 -17.323  10.0 3.23 MW ML2MW
2017 03 26 2000 122.891 -31.616  10.0 3.93 MW ML2MW
2017 03 26 2025 122.814 -31.794  10.0 3.06 MW ML2MW
2017 03 31 1604 121.124 -33.085  10.0 3.40 MW ML2MW
2017 04 04 0355 128.939 -25.903  10.0 4.02 MW ML2MW
2017 04 04 1825 121.927 -33.206  10.0 3.02 MW ML2MW
2017 05 13 0927 119.272 -33.204  10.0 3.28 MW ML2MW
2017 05 15 1912 123.588 -27.167  10.0 3.68 MW ML2MW
2017 05 27 1133 121.391 -30.873  10.0 3.08 MW ML2MW
2017 06 03 1956 119.082 -33.228  10.0 3.01 MW ML2MW
2017 06 05 0911 118.049 -30.752  10.0 3.23 MW ML2MW
2017 06 12 0911 137.631 -25.834  10.0 3.11 MW ML2MW
2017 06 21 0034 124.469 -29.236  10.0 3.12 MW ML2MW
2017 07 06 2228 119.288 -33.195  10.0 3.09 MW ML2MW
2017 07 13 2027 127.571 -23.230  10.0 3.56 MW ML2MW
2017 07 15 2127 131.897 -26.122   0.0 3.57 MW ML2MW
2017 07 15 2127 131.935 -26.094  10.0 3.57 MW ML2MW
2017 07 16 0350 126.781 -31.512  10.0 3.32 MW ML2MW
2017 07 16 1731 122.187 -31.018  10.0 3.38 MW ML2MW
2017 07 19 1505 117.833 -32.075  10.0 3.46 MW ML2MW
2017 07 19 2002 117.727 -32.058  10.0 3.12 MW ML2MW
2017 07 26 0704 118.013 -22.372  10.0 3.23 MW ML2MW
2017 07 31 2333 119.365 -32.256  10.0 3.13 MW ML2MW
2017 08 02 0341 119.705 -32.337  10.0 3.04 MW ML2MW
2017 08 06 0421 128.018 -19.134  10.0 4.95 MW ML2MW
2017 08 20 1005 139.201 -26.551  10.0 3.08 MW ML2MW
2017 08 24 0757 120.056 -33.258  10.0 3.15 MW ML2MW
2017 08 31 0807 117.215 -30.460  10.0 3.94 MW ML2MW
2017 09 08 0353 119.209 -31.372  10.0 3.09 MW ML2MW
2017 09 11 0121 120.069 -33.184  10.0 3.61 MW ML2MW
2017 09 26 1443 119.059 -26.940  10.0 3.10 MW ML2MW
2017 10 07 0002 127.399 -15.615  10.0 3.47 MW ML2MW
2017 10 10 1120 127.931 -21.235  10.0 3.52 MW ML2MW
2017 10 17 0710 130.382 -22.389  10.0 3.21 MW ML2MW
2017 10 21 1215 132.685 -26.494  10.0 3.28 MW ML2MW
2017 10 21 1732 132.575 -26.481  10.0 3.11 MW ML2MW
2017 11 04 0744 127.055 -32.166  10.0 3.21 MW ML2MW
2017 11 07 2210 131.330 -23.521  10.0 3.08 MW ML2MW
2017 11 09 0910 127.996 -21.306  10.0 3.23 MW ML2MW
2017 11 23 1902 122.870 -31.635  10.0 3.01 MW ML2MW
2017 12 16 0801 131.219 -23.447  10.0 3.16 MW ML2MW
2017 12 31 1459 127.806 -25.650  10.0 3.35 MW ML2MW
2018 01 10 2131 123.355 -18.893  10.0 3.82 MW ML2MW
2018 01 29 0030 130.366 -15.443  10.0 3.26 MW ML2MW
2018 02 17 0020 132.936 -26.467  10.0 3.13 MW ML2MW
2018 02 24 2255 128.512 -15.206  10.0 3.22 MW ML2MW
2018 03 03 2200 128.818 -16.767  10.0 3.49 MW ML2MW
2018 03 10 0614 134.321 -12.663  10.0 3.03 MW ML2MW
2018 03 20 2120 131.782 -30.318  10.0 3.03 MW ML2MW
2018 03 24 1244 121.513 -33.569  10.0 3.56 MW ML2MW
2018 03 30 2217 138.596 -27.019  10.0 3.20 MW ML2MW
2018 04 11 1929 125.012 -11.432  10.0 3.31 MW ML2MW
2018 04 13 1156 121.329 -30.599  10.0 3.39 MW ML2MW
2018 04 17 0239 126.583 -22.006  10.0 3.39 MW ML2MW
2018 04 19 1919 119.309 -33.225  10.0 3.09 MW ML2MW
2018 04 24 1521 120.609 -26.385  10.0 3.02 MW ML2MW
2018 05 01 2134 127.563 -25.600  10.0 3.31 MW ML2MW
2018 05 02 0607 127.533 -25.466  10.0 3.31 MW ML2MW
2018 05 19 1623 122.213 -21.817  10.0 3.54 MW ML2MW
2018 05 23 1726 117.975 -33.504  10.0 3.33 MW ML2MW
2018 05 27 2100 119.796 -32.847  10.0 3.60 MW ML2MW
2018 06 05 1712 117.350 -32.441  10.0 3.14 MW ML2MW
2018 06 12 1949 131.563 -14.815  10.0 3.09 MW ML2MW
2018 06 18 0007 118.891 -32.147  10.0 3.21 MW ML2MW
2018 06 18 0626 121.536 -26.112  10.0 4.39 MW ML2MW
2018 06 20 0254 122.424 -32.668  10.0 4.71 MW ML2MW
2018 06 21 0417 122.512 -32.563  10.0 3.59 MW ML2MW
2018 07 01 1428 121.190 -30.825  10.0 3.20 MW ML2MW
2018 07 02 2233 119.821 -28.565  10.0 3.13 MW ML2MW
2018 07 05 1805 119.138 -33.289  10.0 3.38 MW ML2MW
2018 07 10 1405 121.765 -31.114  10.0 3.22 MW ML2MW
2018 07 16 1232 141.011 -25.899  10.0 3.49 MW ML2MW
2018 08 08 1419 122.412 -32.536  10.0 4.36 MW ML2MW
2018 08 15 1629 119.613 -32.134  10.0 3.09 MW ML2MW
2018 08 15 1645 112.198 -31.213  10.0 4.08 MW ML2MW
2018 08 31 1504 132.583 -26.554  10.0 3.35 MW ML2MW
2018 09 05 0803 128.196 -19.026  10.0 3.42 MW ML2MW
2018 09 05 1012 127.988 -19.102  10.0 3.57 MW ML2MW
2018 09 10 2155 122.615 -12.834  18.5 4.07 MW ML2MW
2018 09 12 1145 116.910 -35.866  10.0 3.16 MW ML2MW
2018 09 16 0456 116.787 -34.423   3.0 5.25 MW AUST
2018 09 17 0347 117.682 -30.273  12.7 3.67 MW ML2MW
2018 09 29 0157 116.410 -31.159   0.0 3.48 MW ML2MW
2018 10 13 0013 122.646 -32.251  10.0 3.16 MW ML2MW
2018 11 15 0753 121.464 -30.652  10.0 3.32 MW ML2MW
2018 11 19 1851 114.108 -31.344  10.0 3.63 MW ML2MW
2018 11 20 0153 113.466 -31.290  10.0 3.20 MW ML2MW
2018 11 26 2358 121.690 -31.168   5.0 3.37 MW ML2MW
2018 11 30 0802 131.026 -26.174  10.0 3.30 MW ML2MW
2018 12 03 1954 124.578 -18.662   0.0 3.22 MW ML2MW
2018 12 11 1103 128.771 -16.505   7.5 3.22 MW ML2MW
2018 12 25 1621 128.579 -21.368  10.0 3.55 MW ML2MW
2018 12 29 0014 115.494 -29.612  34.9 3.55 MW ML2MW
2019 01 13 1943 118.517 -33.957  10.0 3.28 MW ML2MW
2019 01 16 1404 119.216 -33.136  10.0 3.11 MW ML2MW
2019 01 23 1325 125.316 -17.055  10.0 3.06 MW ML2MW
2019 02 05 1557 130.840 -21.820  10.0 3.39 MW ML2MW
2019 02 20 0226 129.232 -15.580  10.0 3.66 MW ML2MW
2019 02 21 0956 125.591 -32.047  10.0 3.24 MW ML2MW
2019 03 11 0006 118.206 -33.834  10.0 3.49 MW ML2MW
2019 03 19 2346 117.016 -32.252   3.3 3.13 MW ML2MW
2019 03 23 1258 130.347 -25.940   9.6 3.12 MW ML2MW
2019 04 04 2222 116.470 -30.250   0.0 3.19 MW ML2MW
2019 04 04 2337 131.830 -23.396  10.0 3.06 MW ML2MW
2019 04 20 0437 117.151 -22.931  12.1 3.23 MW ML2MW
2019 04 20 1123 118.069 -33.871   0.0 3.10 MW ML2MW
2019 04 24 0342 128.353 -21.396  10.0 3.50 MW ML2MW
2019 05 01 0309 119.864 -32.928  10.0 3.24 MW ML2MW
2019 05 20 0814 121.223 -30.783  10.0 3.29 MW ML2MW
2019 05 29 2043 123.973 -30.366  10.0 3.05 MW ML2MW
2019 05 30 0226 131.859 -21.281  10.0 4.87 MW AUST
2019 06 07 1149 118.995 -32.330  10.0 3.36 MW ML2MW
2019 06 20 1430 119.335 -33.100  10.0 4.07 MW ML2MW
2019 06 22 0143 126.891 -25.784  10.0 3.08 MW ML2MW
2019 06 23 1347 120.031 -30.721  10.0 3.87 MW ML2MW
2019 06 23 1544 123.464 -30.404  10.0 3.69 MW ML2MW
2019 06 29 1318 117.694 -30.426  10.0 3.10 MW ML2MW
2019 07 05 2139 119.673 -32.335  10.0 3.24 MW ML2MW
2019 07 22 0933 116.105 -28.703  10.0 3.15 MW ML2MW
2019 08 01 1649 117.556 -34.698  10.0 3.73 MW ML2MW
2019 08 04 0510 116.533 -30.240  10.0 3.15 MW ML2MW
2019 08 04 2222 117.964 -34.079  10.0 3.16 MW ML2MW
2019 08 13 0214 131.206 -33.832  10.0 4.27 MW ML2MW
2019 08 13 1547 131.868 -33.789  10.0 3.60 MW ML2MW
2019 08 30 0054 118.388 -33.938  10.0 3.51 MW ML2MW
2019 08 31 2100 134.356 -35.361  10.0 4.07 MW ML2MW
2019 09 11 0901 127.487 -23.526  10.0 4.28 MW ML2MW
2019 09 11 2237 131.264 -34.025  10.0 3.44 MW ML2MW
2019 09 13 1232 117.421 -34.777  10.0 3.21 MW ML2MW
2019 09 15 2205 117.755 -30.345  10.0 3.67 MW ML2MW
2019 09 17 0339 117.715 -30.437  10.0 3.40 MW ML2MW
2019 09 29 1523 125.288 -29.391  10.0 3.09 MW ML2MW
2019 09 30 1255 122.466 -32.605  10.0 3.05 MW ML2MW
2019 10 04 1635 136.987 -25.643  10.0 3.79 MW ML2MW
2019 10 15 2018 125.221 -19.496  10.0 3.06 MW ML2MW
2019 10 24 1627 141.471 -24.286  10.0 3.01 MW ML2MW
2019 10 31 0739 122.885 -33.740  10.0 3.55 MW ML2MW
2019 11 17 1211 123.392 -31.332  10.0 3.27 MW ML2MW
2019 11 19 0249 117.080 -30.786  10.0 3.27 MW ML2MW
2019 11 22 0355 125.295 -19.540  10.0 3.13 MW ML2MW
2019 12 13 0539 122.462 -32.553  10.0 3.27 MW ML2MW
2019 12 15 1801 118.926 -32.383  10.0 3.34 MW ML2MW
2019 12 20 1429 136.189 -12.333  10.0 4.08 MW ML2MW
2019 12 23 0048 118.464 -33.507  10.0 3.23 MW ML2MW
2019 12 27 0754 118.452 -33.516  10.0 3.23 MW ML2MW
2020 01 05 0138 123.624 -19.230  10.0 3.32 MW ML2MW
2020 01 08 0520 123.724 -28.212  10.0 3.05 MW ML2MW
2020 01 08 1338 117.647 -30.509  10.0 3.74 MW ML2MW
2020 01 14 1038 121.199 -30.698   1.0 3.69 MW ML2MW
2020 01 15 1456 123.112 -19.449  10.0 3.24 MW ML2MW
2020 01 28 0310 126.364 -23.434  10.0 3.87 MW ML2MW
2020 02 18 1940 117.745 -33.546  10.0 3.22 MW ML2MW
2020 02 22 1231 118.079 -30.766  10.0 3.25 MW ML2MW
2020 03 01 1237 122.525 -32.486  10.0 3.30 MW ML2MW
2020 03 02 0822 118.005 -30.793  10.0 3.11 MW ML2MW
2020 03 09 2308 115.718 -30.493  10.0 3.23 MW ML2MW
2020 03 26 1056 130.761 -21.566  10.0 3.08 MW ML2MW
2020 03 29 2150 117.995 -30.852  10.0 3.45 MW ML2MW
2020 04 12 0934 128.613 -17.831  10.0 3.43 MW ML2MW
2020 04 19 2019 116.416 -29.825  10.0 3.30 MW ML2MW
2020 04 24 0459 126.944 -18.064  10.0 3.30 MW ML2MW
2020 04 28 1843 118.507 -33.178  10.0 3.34 MW ML2MW
2020 04 29 1501 117.638 -31.089  10.0 3.17 MW ML2MW
2020 05 02 1654 126.147 -27.827  10.0 3.63 MW ML2MW
2020 05 03 2339 120.666 -27.766  10.0 3.02 MW ML2MW
2020 05 25 1347 129.152 -21.452  10.0 3.08 MW ML2MW
2020 06 08 1316 124.344 -30.761  10.0 3.17 MW ML2MW
2020 06 13 1540 128.526 -16.626  10.0 3.25 MW ML2MW
2020 06 14 1243 133.847 -21.788  10.0 3.06 MW ML2MW
2020 06 22 1110 121.512 -30.549  10.0 3.20 MW ML2MW
2020 06 26 1615 116.987 -30.558  10.0 3.33 MW ML2MW
2020 07 02 0546 119.171 -29.727  10.0 3.10 MW ML2MW
2020 07 16 1943 128.512 -16.682  10.0 3.21 MW ML2MW
2020 07 29 1149 115.899 -29.196   6.2 3.27 MW ML2MW
2020 08 01 0303 139.913 -28.503  10.0 3.41 MW ML2MW
2020 08 10 0754 122.175 -32.530   5.0 3.34 MW ML2MW
2020 08 10 1540 118.601 -34.181   3.2 3.42 MW ML2MW
2020 08 11 1126 119.238 -31.390  10.0 3.04 MW ML2MW
2020 08 12 1105 118.420 -34.190   5.0 3.30 MW ML2MW
2020 08 17 2025 130.151 -11.264  10.0 3.44 MW ML2MW
2020 08 17 2359 113.660 -33.278  10.0 3.44 MW ML2MW
2020 08 25 1915 121.373 -30.800   1.9 3.20 MW ML2MW
2020 09 26 2205 126.736 -27.437   7.2 3.26 MW ML2MW
2020 10 05 0027 117.814 -24.167  10.0 3.67 MW ML2MW
2020 10 08 0400 118.003 -30.602   1.3 3.36 MW ML2MW
2020 10 13 2203 119.137 -33.273   5.0 3.43 MW ML2MW
2020 11 05 1745 119.246 -32.406   6.4 3.16 MW ML2MW
2020 11 07 1809 129.341 -14.293  10.0 3.27 MW ML2MW
2020 11 09 0812 119.158 -33.242   5.0 3.04 MW ML2MW
2020 11 15 1322 117.710 -27.337  10.0 3.22 MW ML2MW
2020 11 19 2054 117.073 -31.691   6.9 3.14 MW ML2MW
2020 11 30 0655 117.672 -31.358   1.7 3.26 MW ML2MW
2020 12 11 0559 117.323 -31.402   0.6 3.17 MW ML2MW
2020 12 17 0413 124.685 -19.057  10.0 3.36 MW ML2MW
2020 12 20 0943 123.682 -28.107  10.0 3.05 MW ML2MW
2020 12 21 1714 130.878 -23.170  10.0 3.63 MW ML2MW
2021 01 06 2356 116.883 -28.797  10.0 3.13 MW ML2MW
2021 02 01 0750 117.279 -30.947   8.5 3.37 MW ML2MW
2021 02 06 1116 117.218 -31.980   0.6 3.35 MW ML2MW
2021 02 06 1200 137.479 -25.773  10.0 3.03 MW ML2MW
2021 02 07 1354 124.323 -30.462  10.0 3.09 MW ML2MW
2021 02 15 1254 129.067 -25.444  10.0 3.04 MW ML2MW
2021 03 03 0902 121.541 -30.637  10.0 3.35 MW ML2MW
2021 03 10 1327 122.943 -31.760  10.0 3.03 MW ML2MW
2021 03 12 1357 129.447 -22.303  10.0 4.30 MW ML2MW
2021 03 26 0628 117.367 -31.767   2.1 3.12 MW ML2MW
2021 04 09 1549 117.038 -30.540   1.7 3.40 MW ML2MW
2021 04 22 2054 117.395 -24.343  10.0 3.06 MW ML2MW
2021 05 04 0714 121.512 -30.689   9.7 3.40 MW ML2MW
2021 05 05 0452 134.413 -30.504  10.0 3.69 MW ML2MW
2021 05 11 0917 128.907 -16.591  10.0 3.14 MW ML2MW
2021 05 13 2245 117.139 -30.756   1.4 3.11 MW ML2MW
2021 05 14 1651 127.266 -16.791  10.0 3.37 MW ML2MW
2021 05 25 0322 117.257 -30.926   5.0 3.68 MW ML2MW
2021 05 25 2147 121.424 -30.867   5.0 3.19 MW ML2MW
2021 05 27 0032 116.966 -31.645   5.0 3.76 MW ML2MW
2021 05 30 1630 125.404 -32.393  10.0 3.25 MW ML2MW
2021 06 02 1355 124.076 -27.102  10.0 3.13 MW ML2MW
2021 06 07 0905 117.665 -31.246   5.1 3.11 MW ML2MW
2021 06 09 1458 124.414 -18.652  10.0 3.25 MW ML2MW
2021 06 15 1554 123.291 -34.834  10.0 3.12 MW ML2MW
2021 06 17 0552 128.722 -16.624  10.0 3.34 MW ML2MW
2021 06 18 1237 124.514 -30.204  10.0 3.60 MW ML2MW
2021 06 27 1932 120.754 -27.782  10.0 3.12 MW ML2MW
2021 06 30 2354 116.382 -29.600  10.0 3.69 MW ML2MW
2021 07 02 1009 117.259 -30.964   1.9 3.84 MW ML2MW
2021 07 07 1803 117.794 -30.890   2.1 3.31 MW ML2MW
2021 07 15 2046 123.934 -28.996  10.0 3.10 MW ML2MW
2021 07 19 1554 130.142 -26.434  10.0 3.18 MW ML2MW
2021 08 12 0308 117.729 -30.247   1.2 3.96 MW ML2MW
2021 08 12 0715 117.235 -30.954   1.3 3.97 MW ML2MW
2021 08 12 1544 140.459 -22.526  10.0 3.31 MW ML2MW
2021 08 14 2245 113.670 -31.216  10.0 3.29 MW ML2MW
2021 08 25 2217 127.774 -16.522  10.0 3.65 MW ML2MW
2021 09 02 1555 133.823 -18.993  10.0 3.07 MW ML2MW
2021 09 09 1701 123.701 -12.540  10.0 3.27 MW ML2MW
2021 10 04 0318 117.238 -30.958   1.0 3.65 MW ML2MW
2021 10 12 1215 126.739 -30.671  10.0 3.46 MW ML2MW
2021 10 20 0528 118.424 -30.540   4.7 3.44 MW ML2MW
2021 10 22 0557 123.235 -30.269  10.0 3.59 MW ML2MW
2021 11 07 0828 117.646 -33.448   4.1 3.11 MW ML2MW
2021 11 14 1329 117.267 -30.925   6.7 3.27 MW ML2MW
2021 11 15 0101 117.729 -30.400   2.5 3.50 MW ML2MW
2021 12 01 0701 117.756 -30.407   2.2 3.37 MW ML2MW
2021 12 06 1943 123.888 -35.378  10.0 3.06 MW ML2MW
2021 12 19 0046 119.822 -28.646  10.0 3.04 MW ML2MW
2021 12 29 0257 125.403 -22.749  10.0 3.79 MW ML2MW
2022 01 24 2124 117.076 -33.319   5.0 4.50 MW AUST
2022 01 29 2210 117.038 -31.645   1.3 3.19 MW ML2MW
2022 01 31 1354 117.210 -30.485   5.0 3.10 MW ML2MW
2022 02 07 0319 117.230 -30.955   1.3 3.69 MW ML2MW
2022 02 07 1900 126.797 -32.232  10.0 3.66 MW ML2MW
2022 02 10 0324 115.882 -30.909  10.0 3.38 MW ML2MW
2022 02 14 2240 137.200 -26.451  10.0 3.07 MW ML2MW
2022 02 27 0911 116.929 -30.254   0.9 3.20 MW ML2MW
2022 02 27 1411 131.554 -10.756  10.0 3.15 MW ML2MW
2022 02 28 1405 116.055 -28.705   0.6 3.34 MW ML2MW
2022 03 02 0152 122.491 -32.322   5.0 3.06 MW ML2MW
2022 03 03 1836 131.900 -21.323  10.0 3.67 MW ML2MW
2022 03 06 1301 117.285 -30.939   5.0 3.59 MW ML2MW
2022 03 06 1747 124.532 -18.504  10.0 3.04 MW ML2MW
2022 03 20 0537 133.706 -28.275   7.6 3.09 MW ML2MW
2022 03 21 0200 117.425 -30.625   3.8 3.57 MW ML2MW
2022 04 15 0034 128.983 -24.769  10.0 3.19 MW ML2MW
2022 04 18 0311 121.801 -35.906  10.0 3.49 MW ML2MW
2022 04 25 2116 129.008 -24.721  10.0 3.29 MW ML2MW
2022 05 06 1130 123.113 -35.564  10.0 3.35 MW ML2MW
2022 05 08 1721 122.430 -32.484  10.0 3.16 MW ML2MW
2022 05 10 1752 117.736 -30.412   5.0 3.16 MW ML2MW
2022 05 12 1642 118.342 -33.622   1.4 3.10 MW ML2MW
2022 06 05 0329 119.262 -33.251   5.0 3.19 MW ML2MW
2022 06 05 0335 119.242 -33.229   5.0 3.22 MW ML2MW
2022 06 05 0604 122.383 -32.463   5.0 3.43 MW ML2MW
2022 06 14 0141 132.745 -26.513  10.0 3.16 MW ML2MW
2022 06 15 0348 125.192 -18.988   5.9 3.33 MW ML2MW
2022 06 24 1626 117.105 -31.644   6.8 3.14 MW ML2MW
2022 06 25 2119 125.932 -31.812  10.0 3.61 MW ML2MW
2022 06 29 2316 123.544 -19.129  10.0 3.19 MW ML2MW
