1959 05 18 0612 148.640 -36.218  15.0 4.80 MW ML2MW
1960 01 28 2337 147.170 -36.850  21.0 4.32 MW ML2MW
1966 05 03 1907 147.168 -37.042  15.0 5.33 MW ML2MW
1968 10 08 1023 146.120 -36.780   6.0 4.17 MW ML2MW
1970 12 31 1301 147.820 -36.680   0.0 3.97 MW ML2MW
1971 06 21 0111 148.786 -36.219   5.0 3.90 MW ML2MW
1972 05 16 0618 146.530 -37.090   6.0 3.47 MW ML2MW
1972 08 31 0049 147.620 -37.340   6.0 3.47 MW ML2MW
1974 01 05 0639 148.710 -36.230  10.0 3.50 MW ML2MW
1974 12 17 1624 148.310 -35.600   0.0 3.90 MW ML2MW
1975 08 21 2043 147.240 -36.820   3.0 3.49 MW ML2MW
1976 05 01 1516 149.340 -36.070  27.0 3.90 MW ML2MW
1976 09 08 0421 148.265 -36.493   8.0 3.73 MW ML2MW
1980 07 02 0313 149.226 -36.191  16.6 3.90 MW ML2MW
1981 01 07 1714 145.949 -37.123   3.6 3.02 MW ML2MW
1981 01 23 1600 147.229 -37.361   2.6 3.21 MW ML2MW
1981 11 05 0356 148.810 -36.239   0.0 2.96 MW ML2MW
1981 11 30 0209 148.312 -36.695   9.9 3.67 MW ML2MW
1982 01 22 0726 148.768 -36.235   1.0 3.18 MW ML2MW
1982 02 13 0722 148.223 -36.371   0.0 3.34 MW ML2MW
1982 03 09 0009 147.904 -36.224  14.4 3.47 MW ML2MW
1982 09 30 2221 146.522 -36.828  14.1 3.41 MW ML2MW
1982 11 21 1134 146.972 -37.211  14.5 5.05 MW ML2MW
1983 01 15 1645 148.580 -36.630  17.0 3.57 MW ML2MW
1983 06 13 1927 148.400 -36.190  12.0 2.96 MW ML2MW
1984 02 28 1659 148.642 -35.567  15.4 3.11 MW ML2MW
1984 03 05 1447 149.260 -36.410  18.0 3.12 MW ML2MW
1984 04 12 2333 149.520 -35.400  17.0 3.04 MW ML2MW
1984 07 28 0518 148.900 -35.100  10.0 3.43 MW ML2MW
1984 12 08 0535 148.600 -36.370  21.0 2.90 MW ML2MW
1985 02 04 2051 148.416 -35.883  12.0 3.03 MW ML2MW
1985 05 10 1802 148.630 -36.380  18.0 2.97 MW ML2MW
1985 06 18 2256 145.860 -37.553  15.3 3.18 MW ML2MW
1985 08 05 0838 147.586 -36.703  14.5 3.66 MW ML2MW
1986 03 13 0950 146.833 -36.598   6.3 3.19 MW ML2MW
1987 01 16 1308 148.280 -36.270  12.0 3.00 MW ML2MW
1987 09 15 0237 145.929 -37.496   5.5 3.01 MW ML2MW
1988 04 07 2257 145.925 -37.036  13.4 3.11 MW ML2MW
1989 04 18 0351 148.586 -36.416  11.0 3.65 MW ML2MW
1989 10 07 0045 145.573 -36.815   8.5 2.96 MW ML2MW
1990 05 11 0222 146.368 -37.759   2.7 3.09 MW ML2MW
1993 10 11 0423 146.888 -37.317  15.3 3.04 MW ML2MW
1993 12 18 2116 148.649 -36.313   9.1 3.03 MW ML2MW
1994 07 04 1829 147.173 -37.417  13.9 2.97 MW ML2MW
1994 09 27 0758 148.646 -36.219   9.5 3.17 MW ML2MW
1994 11 18 1210 146.004 -37.278   9.1 2.97 MW ML2MW
1995 03 16 1231 148.242 -36.279   0.7 3.17 MW ML2MW
1995 07 21 1426 148.859 -36.031   4.8 3.31 MW Allen (2012)
1995 07 30 0441 147.658 -36.761  11.3 3.52 MW Allen (2012)
1996 02 18 1934 148.666 -36.152  12.8 3.50 MW Allen (2012)
1996 05 10 0548 146.145 -37.733  10.6 2.96 MW Allen (2012)
1996 09 25 0749 146.421 -37.863  11.4 4.44 MW Allen (2012)
1997 01 21 2057 148.557 -35.715   1.3 3.04 MW ML2MW
1997 06 27 0320 146.094 -36.781   8.5 3.85 MW Allen (2012)
1997 11 25 0550 148.582 -35.269   1.2 2.94 MW ML2MW
1998 01 11 0132 148.081 -36.412  10.4 3.01 MW ML2MW
1998 02 14 1823 148.702 -35.375   8.5 3.79 MW Allen (2012)
1998 05 25 0053 147.227 -36.462   9.5 2.93 MW ML2MW
1998 07 17 0122 148.007 -36.439  19.0 3.93 MW Allen (2012)
1998 08 19 1112 148.911 -35.631   3.6 3.30 MW ML2MW
1998 11 07 2242 148.893 -35.144   6.7 3.04 MW Allen (2012)
1998 12 31 0611 149.154 -35.783   4.4 3.21 MW Allen (2012)
1999 04 16 1051 145.984 -37.413   3.6 3.20 MW Allen (2012)
1999 06 21 1359 149.176 -35.205   3.6 2.93 MW ML2MW
2000 01 01 1155 147.827 -37.348  14.4 3.08 MW ML2MW
2000 03 16 1326 146.103 -37.496   8.4 3.54 MW Allen (2012)
2000 05 09 1612 148.486 -35.757  10.0 3.03 MW ML2MW
2000 06 13 0058 147.468 -37.015  11.3 3.09 MW ML2MW
2000 10 23 0120 148.835 -35.451   3.6 3.07 MW ML2MW
2001 08 28 0451 148.810 -36.290  10.0 3.04 MW ML2MW
2001 10 13 0442 147.675 -36.833   8.2 3.42 MW Allen (2012)
2001 12 16 2038 147.155 -37.119  15.0 3.44 MW ML2MW
2002 04 08 2140 148.516 -35.443  10.0 2.98 MW ML2MW
2002 07 30 0643 148.665 -36.335   6.2 2.96 MW ML2MW
2002 10 23 1128 148.211 -35.645  10.0 2.96 MW ML2MW
2002 11 09 1227 148.866 -36.254   0.2 3.05 MW ML2MW
2003 05 09 0638 145.804 -36.971   9.6 3.00 MW ML2MW
2003 05 17 0651 148.416 -36.208   2.0 3.12 MW ML2MW
2003 07 03 1225 148.771 -36.354   7.0 2.91 MW ML2MW
2003 09 26 0124 148.021 -36.633  10.0 2.93 MW ML2MW
2003 12 01 1429 149.387 -36.236   5.8 3.02 MW ML2MW
2004 04 12 0214 146.024 -37.322  10.0 2.94 MW ML2MW
2005 01 02 0156 148.650 -35.388  10.0 3.06 MW ML2MW
2005 02 06 0935 146.071 -37.343   3.1 3.16 MW ML2MW
2006 02 28 0513 147.117 -36.818  12.2 3.08 MW ML2MW
2007 04 29 0604 148.624 -34.866  11.6 2.93 MW ML2MW
2007 08 21 0305 146.108 -37.888  11.0 3.08 MW ML2MW
2008 12 07 0403 149.516 -35.641   8.0 2.90 MW ML2MW
2009 06 13 1436 147.787 -36.717  11.3 3.02 MW ML2MW
2010 01 08 1424 146.979 -37.391  13.3 3.12 MW ML2MW
2010 02 28 0508 146.399 -37.312  10.0 2.91 MW ML2MW
2010 07 23 2220 148.879 -36.315   0.0 3.62 MW ML2MW
2012 03 11 1821 148.688 -36.302   5.2 3.06 MW ML2MW
2012 04 19 1909 148.642 -35.328   8.2 3.79 MW ML2MW
2013 02 15 1232 145.861 -36.935   2.4 3.10 MW ML2MW
2013 06 22 1157 146.147 -36.777  12.2 3.30 MW ML2MW
2016 01 30 1739 149.080 -35.910   7.0 3.71 MW ML2MW
2016 02 10 0503 148.838 -35.002   8.5 3.41 MW ML2MW
2017 01 19 1846 146.804 -36.569  10.0 2.95 MW ML2MW
2018 01 24 1622 147.992 -36.676  10.0 3.04 MW ML2MW
2018 05 05 2120 148.078 -36.230  10.0 3.04 MW ML2MW
2018 08 13 2020 146.336 -37.076  10.0 2.99 MW ML2MW
2018 08 18 1128 147.808 -37.337  10.0 3.17 MW ML2MW
2018 08 27 0816 147.481 -36.309  14.9 3.07 MW ML2MW
2018 08 28 2242 148.395 -35.922   8.2 3.89 MW ML2MW
2018 09 02 0256 148.822 -36.241   0.0 3.45 MW ML2MW
2019 01 14 1359 148.648 -36.283  10.0 3.11 MW ML2MW
2019 01 17 2305 149.204 -35.164   0.0 3.17 MW ML2MW
2019 02 12 1353 146.362 -37.761  10.0 3.39 MW ML2MW
2019 02 28 1926 148.840 -36.218   0.0 3.14 MW ML2MW
2019 04 26 0757 147.875 -36.210  10.5 3.30 MW ML2MW
2019 05 11 2029 148.497 -36.081  10.0 3.01 MW ML2MW
2019 06 13 1213 149.003 -36.497   0.0 3.40 MW ML2MW
2019 09 25 1045 148.783 -36.208   2.6 3.26 MW ML2MW
2019 11 27 1634 147.224 -36.770   0.0 3.25 MW ML2MW
2019 12 15 0316 145.438 -37.421  10.0 3.09 MW ML2MW
2019 12 16 0611 145.516 -37.403  10.0 3.07 MW ML2MW
2019 12 31 1321 148.689 -36.365  10.0 3.10 MW ML2MW
2020 03 23 0032 145.036 -37.272  10.0 3.34 MW ML2MW
2020 04 17 2238 148.882 -36.346  10.0 3.46 MW ML2MW
2020 08 03 0522 148.657 -34.999  10.0 3.39 MW ML2MW
2020 09 01 1322 146.417 -37.874   2.4 3.28 MW ML2MW
2020 10 14 0554 148.057 -36.699  10.0 3.20 MW ML2MW
2021 05 05 0015 148.495 -36.455   5.0 3.48 MW ML2MW
2021 06 13 2345 146.851 -37.138  10.0 3.35 MW ML2MW
2021 09 21 2315 146.348 -37.492  10.0 5.87 MW AUST
2021 11 02 1813 146.103 -37.457   3.5 3.13 MW ML2MW
2021 12 10 0830 146.495 -37.407  10.0 3.02 MW ML2MW
2022 02 11 0104 147.597 -36.804   1.0 3.23 MW ML2MW
2022 03 11 1717 145.887 -37.193  10.0 3.13 MW ML2MW
2022 03 13 2219 148.793 -36.348  10.0 3.03 MW ML2MW
