1941 06 27 0755 137.340 -25.950   0.0 6.52 MW MS2MW
1971 07 12 1156 136.151 -28.786   5.8 3.19 MW ML2MW
1971 11 05 1611 139.778 -30.314   7.2 3.61 MW ML2MW
1972 08 28 0218 136.326 -24.992  13.4 5.46 MW mb2MW
1973 01 26 0441 138.350 -25.510   0.0 3.45 MW ML2MW
1977 03 11 0228 134.749 -29.236   4.6 3.02 MW ML2MW
1977 09 06 0122 138.566 -28.948  25.9 3.13 MW ML2MW
1977 09 14 1638 135.518 -27.149  25.7 3.19 MW ML2MW
1978 11 18 0511 136.361 -27.992  19.1 3.34 MW ML2MW
1979 06 10 0033 140.265 -28.306  15.3 3.16 MW ML2MW
1980 02 09 1433 138.828 -28.822  17.7 3.22 MW ML2MW
1981 07 24 1423 135.592 -27.493   4.6 3.04 MW ML2MW
1981 09 04 1227 136.628 -25.178  15.1 2.98 MW ML2MW
1983 05 17 1011 136.313 -27.886  31.3 3.32 MW ML2MW
1983 11 21 0304 138.099 -25.749   0.0 3.05 MW ML2MW
1983 11 28 1346 136.375 -24.989  20.0 3.60 MW ML2MW
1984 01 11 1048 138.715 -26.758  30.3 3.30 MW ML2MW
1986 05 02 2224 137.543 -25.957   5.0 3.38 MW ML2MW
1987 05 12 0900 135.632 -27.296  11.1 3.11 MW ML2MW
1988 08 03 0739 138.921 -29.832  12.9 2.97 MW ML2MW
1989 07 26 2349 139.711 -29.376  23.3 3.18 MW ML2MW
1990 02 04 0850 135.753 -27.663  22.6 2.97 MW ML2MW
1990 02 08 0823 137.342 -27.891   9.0 4.35 MW ML2MW
1990 02 14 1350 137.633 -26.313  13.5 3.01 MW ML2MW
1990 03 03 0631 138.177 -25.859   8.4 2.93 MW ML2MW
1990 03 24 1545 137.799 -25.945   5.8 2.94 MW ML2MW
1990 09 27 1241 137.510 -25.910  10.0 3.74 MW ML2MW
1992 08 10 0024 136.387 -25.822   5.0 2.97 MW ML2MW
1994 11 04 2200 135.440 -28.316  12.5 3.11 MW ML2MW
1995 05 29 2033 136.600 -24.800   5.0 3.26 MW ML2MW
1995 07 03 2316 135.072 -27.601  10.0 3.19 MW ML2MW
1997 02 05 0015 139.241 -28.710  11.5 4.17 MW ML2MW
1998 08 17 0457 135.246 -28.994   8.3 3.58 MW ML2MW
1998 11 19 0642 137.790 -25.000   0.0 3.04 MW ML2MW
1999 02 01 0423 136.814 -28.400  25.5 3.12 MW ML2MW
1999 02 26 0008 136.420 -27.827   7.2 3.12 MW ML2MW
1999 03 01 0128 137.590 -25.800   0.0 3.50 MW ML2MW
1999 03 06 2354 139.137 -28.565   6.9 3.99 MW ML2MW
2000 02 28 0421 134.588 -27.158   0.0 2.97 MW ML2MW
2001 03 29 0600 138.757 -29.607  33.0 2.97 MW ML2MW
2001 03 29 1853 135.364 -27.071  20.6 3.34 MW ML2MW
2001 04 12 1822 137.370 -25.673  10.0 3.36 MW ML2MW
2001 04 12 2237 137.692 -25.843  10.0 3.42 MW ML2MW
2001 10 07 1354 139.767 -24.934   0.0 3.19 MW ML2MW
2002 02 11 2133 136.300 -29.264   8.1 3.36 MW ML2MW
2002 04 13 0037 137.714 -26.480  12.0 3.04 MW ML2MW
2003 01 15 0203 137.306 -25.947  10.0 3.18 MW ML2MW
2003 05 03 2237 138.140 -28.062   3.1 3.13 MW ML2MW
2003 05 11 0305 135.095 -27.857   2.4 3.78 MW ML2MW
2004 07 11 0435 137.635 -28.714  16.0 2.97 MW ML2MW
2005 03 04 0038 139.712 -30.788   7.3 3.27 MW ML2MW
2005 06 30 0525 135.741 -29.070   6.2 3.19 MW ML2MW
2006 04 24 1245 137.742 -25.734   0.0 3.03 MW mb2MW
2006 05 02 0247 137.341 -25.877  10.0 3.51 MW ML2MW
2007 08 06 2132 138.100 -29.527   0.0 3.04 MW ML2MW
2008 03 17 0656 137.427 -25.975  10.0 3.59 MW ML2MW
2009 01 14 2257 133.172 -29.228  12.5 3.15 MW ML2MW
2009 02 27 1713 138.009 -29.488  38.0 3.04 MW ML2MW
2009 09 20 2058 136.101 -27.550  17.4 3.52 MW ML2MW
2009 11 17 1227 136.415 -27.935  33.0 3.27 MW ML2MW
2010 02 03 0502 138.098 -28.157   7.6 3.79 MW ML2MW
2010 06 10 1749 138.263 -27.989   0.0 3.08 MW ML2MW
2010 10 27 0825 135.708 -25.995   0.0 3.64 MW ML2MW
2011 07 11 1219 139.746 -30.341  10.0 3.19 MW ML2MW
2011 09 09 2224 136.522 -26.987  31.3 2.94 MW ML2MW
2011 11 26 2059 138.351 -26.012  28.2 3.31 MW ML2MW
2012 06 29 1228 136.882 -23.931  10.0 3.38 MW ML2MW
2012 08 19 1627 135.472 -27.528   7.7 3.36 MW ML2MW
2013 05 01 1941 136.747 -30.357   0.0 3.41 MW ML2MW
2013 11 30 0549 139.480 -28.545  21.5 3.80 MW ML2MW
2014 06 07 0554 135.116 -27.225  27.4 3.14 MW ML2MW
2014 09 01 1418 139.617 -26.190  23.1 3.45 MW ML2MW
2015 03 08 2341 137.475 -25.884  24.5 2.97 MW ML2MW
2015 08 25 0945 137.921 -28.481  26.3 2.91 MW ML2MW
2015 12 25 0712 138.109 -25.613  32.1 3.24 MW ML2MW
2016 05 01 1525 137.160 -29.681  10.0 3.17 MW ML2MW
2016 06 04 1106 141.233 -30.082  12.0 3.04 MW ML2MW
2016 10 16 1353 136.599 -28.266  15.0 3.00 MW ML2MW
2016 11 03 1625 137.098 -29.627  10.0 3.67 MW ML2MW
2016 11 09 0825 135.358 -28.711   0.0 2.90 MW ML2MW
2016 12 26 1259 137.217 -27.210  10.0 3.64 MW ML2MW
2017 03 26 0753 135.271 -27.463  10.0 2.93 MW ML2MW
2018 03 30 2217 138.596 -27.019  10.0 3.28 MW ML2MW
2018 05 12 0050 139.331 -28.798  10.0 4.18 MW ML2MW
2019 02 21 1819 139.679 -29.255  10.0 3.11 MW ML2MW
2019 05 02 0358 135.452 -27.514   7.2 3.38 MW ML2MW
2019 07 04 1643 135.136 -27.458  10.0 3.16 MW ML2MW
2019 07 24 2342 136.977 -28.659  10.0 3.23 MW ML2MW
2019 10 04 1635 136.987 -25.643  10.0 3.86 MW ML2MW
2019 10 19 0712 133.664 -29.041  10.0 3.11 MW ML2MW
2020 04 04 0859 139.126 -29.822  10.0 2.99 MW ML2MW
2020 05 11 0508 139.842 -27.904  10.0 2.97 MW ML2MW
2021 01 20 2333 135.631 -28.774  10.0 3.22 MW ML2MW
