1929 08 16 2128 120.660 -16.990  33.0 6.25 MW MS2MW
1941 04 29 0135 116.197 -26.791  25.0 6.82 MW MS2MW
1941 06 27 0755 137.340 -25.950   0.0 6.53 MW MS2MW
1960 01 02 0926 138.620 -11.910   0.0 5.19 MW MS2MW
1961 06 18 1613 119.300 -20.100  13.0 5.09 MW ML2MW
1963 01 18 0549 117.260 -32.150   6.0 4.66 MW ML2MW
1963 08 27 1915 128.600 -16.600  33.0 4.77 MW mb2MW
1964 03 23 2241 123.042 -17.875  27.3 4.64 MW mb2MW
1965 09 10 1224 122.200 -18.100  18.0 4.84 MW ML2MW
1968 06 19 0555 124.900 -19.100  18.0 4.64 MW mb2MW
1968 08 06 1908 123.200 -18.500  18.0 4.93 MW mb2MW
1968 10 14 0258 116.980 -31.620  10.0 6.59 MW Vogfjörd & Langston (1987); Somerville et al. (2009)
1969 06 17 1954 116.730 -25.260   0.0 5.10 MW ML2MW
1969 09 24 2339 118.200 -21.700   7.0 4.64 MW mb2MW
1970 02 01 1840 118.500 -20.300   7.0 4.64 MW mb2MW
1970 02 08 1631 125.080 -27.400   1.0 4.64 MW mb2MW
1970 03 10 1715 116.512 -31.092  15.0 5.55 MW ML2MW
1970 03 24 1035 126.673 -22.059  15.0 5.90 MW MS2MW
1970 12 26 1825 116.310 -31.080   7.0 3.93 MW ML2MW
1971 09 13 2158 117.560 -20.190   0.0 4.05 MW mb2MW
1972 01 18 1033 126.580 -22.980   0.0 3.93 MW ML2MW
1972 01 25 1737 117.100 -29.850   0.0 4.05 MW mb2MW
1972 04 12 2213 120.000 -20.620   0.0 4.28 MW ML2MW
1972 07 22 0419 126.710 -28.030   0.0 4.30 MW mb2MW
1972 08 28 0218 136.326 -24.992  13.4 5.42 MW mb2MW
1972 10 21 0233 115.550 -24.880   0.0 4.50 MW ML2MW
1973 03 11 1604 127.418 -21.889  10.0 4.55 MW mb2MW
1974 02 27 0157 136.501 -28.803  10.0 4.09 MW ML2MW
1974 04 17 0721 123.986 -29.581  33.0 4.36 MW ML2MW
1974 09 04 2317 116.970 -30.790   0.0 4.28 MW ML2MW
1975 01 10 0820 126.110 -27.740   0.0 5.42 MW mb2MW
1975 02 08 1133 116.100 -24.900   0.0 3.97 MW mb2MW
1975 03 06 2351 126.488 -17.212   0.0 4.77 MW mb2MW
1975 03 07 2013 126.580 -25.860   0.0 4.47 MW mb2MW
1975 07 21 2139 123.500 -30.200   0.0 4.30 MW mb2MW
1975 07 24 2223 120.470 -21.090   0.0 4.55 MW mb2MW
1975 08 25 1128 123.286 -18.958   0.0 4.30 MW mb2MW
1975 11 28 1755 115.560 -21.530   0.0 4.39 MW mb2MW
1976 03 15 1538 125.470 -32.340  10.0 4.77 MW mb2MW
1976 04 18 1950 126.546 -22.184  51.0 4.22 MW mb2MW
1976 10 21 1112 126.665 -22.347  33.0 4.47 MW mb2MW
1976 11 28 1834 122.417 -18.618  33.0 4.05 MW mb2MW
1977 04 10 1018 122.920 -30.510   0.0 4.42 MW ML2MW
1977 05 15 1916 117.950 -35.000  10.0 4.19 MW ML2MW
1977 08 17 2116 125.424 -29.797   0.0 3.91 MW ML2MW
1977 11 17 1756 123.670 -30.590   0.0 4.29 MW ML2MW
1977 11 22 0800 120.400 -19.600   0.0 4.13 MW ML2MW
1977 12 30 1009 117.172 -25.245  33.0 4.61 MW ML2MW
1978 05 01 0342 115.503 -23.464   0.0 4.47 MW mb2MW
1978 05 06 1952 126.560 -19.550  17.0 4.77 MW mb2MW
1978 12 12 0651 126.420 -22.052  19.0 3.99 MW ML2MW
1979 02 07 2248 120.850 -21.420   0.0 3.81 MW ML2MW
1979 03 26 0014 126.070 -16.350   0.0 3.06 MW ML2MW
1979 03 31 0445 127.030 -18.040   0.0 3.24 MW ML2MW
1979 04 24 2314 129.160 -26.340   0.0 4.15 MW ML2MW
1979 04 25 0656 118.020 -33.520   7.0 3.30 MW ML2MW
1979 06 02 0947 117.104 -30.821   3.0 6.10 MW GCMT
1979 06 04 1955 135.702 -28.081  28.2 3.38 MW ML2MW
1979 06 18 2015 123.925 -29.643   0.0 3.62 MW ML2MW
1979 06 21 1041 144.000 -18.200  15.0 3.02 MW ML2MW
1979 07 14 0940 122.755 -18.103  15.0 5.04 MW GCMT
1979 07 16 2039 127.049 -17.224  10.0 4.45 MW ML2MW
1979 07 25 1906 121.720 -32.260  10.0 3.00 MW ML2MW
1979 08 17 0806 126.590 -21.890  19.0 3.01 MW ML2MW
1979 09 06 2157 136.525 -33.764  10.2 3.21 MW ML2MW
1979 09 11 0205 120.507 -21.443   5.0 3.48 MW ML2MW
1979 10 22 1113 136.955 -33.312  34.3 3.54 MW ML2MW
1979 10 26 0256 128.570 -16.460   0.0 3.22 MW ML2MW
1979 11 05 0942 127.300 -16.450   0.0 3.33 MW ML2MW
1980 01 02 1749 122.090 -17.810  37.0 3.20 MW ML2MW
1980 02 09 1433 138.828 -28.822  17.7 3.26 MW ML2MW
1980 02 09 1850 122.740 -19.780   8.0 3.43 MW ML2MW
1980 02 12 2241 130.099 -23.020   0.0 3.33 MW ML2MW
1980 03 08 0051 124.410 -31.130  19.0 3.34 MW ML2MW
1980 03 15 0709 121.640 -18.770   0.0 4.12 MW ML2MW
1980 04 01 1522 123.790 -17.170   0.0 3.12 MW ML2MW
1980 04 15 0038 137.030 -33.263  31.0 4.05 MW ML2MW
1980 05 19 2253 118.118 -30.810   9.0 3.03 MW ML2MW
1980 06 03 1401 127.840 -21.260   0.0 3.12 MW ML2MW
1980 06 07 0515 130.260 -22.100   0.0 3.06 MW ML2MW
1980 07 31 1219 120.960 -19.510   0.0 4.02 MW ML2MW
1980 08 02 0531 124.820 -29.410   0.0 3.01 MW ML2MW
1980 08 07 2047 123.534 -29.304   0.0 3.91 MW ML2MW
1980 08 17 1851 115.580 -27.460  37.0 3.08 MW ML2MW
1980 10 05 1926 117.760 -33.330   0.0 3.03 MW ML2MW
1980 11 18 0549 143.200 -18.200   0.0 3.12 MW ML2MW
1980 11 23 1932 123.360 -30.000  10.0 3.47 MW ML2MW
1980 11 24 1954 123.868 -15.853  33.0 3.38 MW ML2MW
1980 12 21 1320 126.570 -22.000  30.0 3.45 MW ML2MW
1980 12 24 0626 116.670 -34.690   0.0 3.24 MW ML2MW
1981 01 01 0900 122.756 -17.510  33.0 4.15 MW ML2MW
1981 02 23 0711 116.610 -25.430   0.0 3.16 MW ML2MW
1981 02 26 0258 117.810 -33.560   0.0 3.26 MW ML2MW
1981 03 15 1829 123.412 -18.590  37.0 3.32 MW ML2MW
1981 03 17 2138 123.230 -18.660  37.0 3.06 MW ML2MW
1981 04 03 2000 123.150 -18.120   0.0 3.64 MW ML2MW
1981 04 15 2314 126.500 -22.170  19.0 3.58 MW ML2MW
1981 04 16 1913 121.460 -33.100  10.0 3.21 MW ML2MW
1981 04 24 2103 129.100 -26.330  10.0 3.43 MW ML2MW
1981 05 05 0552 121.840 -18.940  37.0 3.64 MW ML2MW
1981 05 20 1756 136.966 -33.294  28.7 3.45 MW ML2MW
1981 06 02 1213 121.630 -18.590  37.0 3.36 MW ML2MW
1981 06 18 1100 135.503 -10.325  15.0 4.47 MW mb2MW
1981 06 27 2333 122.654 -17.784  37.0 3.25 MW ML2MW
1981 06 28 0823 126.500 -17.880  17.0 3.05 MW ML2MW
1981 06 28 2002 117.210 -25.613   6.0 3.71 MW ML2MW
1981 07 03 1739 128.760 -16.530  10.0 3.17 MW ML2MW
1981 07 10 1343 135.878 -34.066   0.8 3.18 MW ML2MW
1981 07 14 0614 130.734 -10.997  33.0 4.05 MW mb2MW
1981 07 24 1423 135.592 -27.493   4.6 3.08 MW ML2MW
1981 09 04 1227 136.628 -25.178  15.1 3.01 MW ML2MW
1981 10 11 0202 116.150 -25.290  10.0 3.33 MW ML2MW
1981 10 25 1032 130.130 -25.050  10.0 3.04 MW ML2MW
1981 11 01 1546 117.267 -26.490  33.0 3.28 MW ML2MW
1981 11 04 2135 120.750 -18.500  37.0 3.01 MW ML2MW
1981 11 09 1600 116.420 -24.860  10.0 3.24 MW ML2MW
1981 11 14 2313 123.920 -29.790  10.0 3.45 MW ML2MW
1981 12 06 1255 128.730 -16.820  10.0 3.16 MW ML2MW
1981 12 15 0043 125.120 -19.400   0.0 3.12 MW ML2MW
1982 01 09 0608 120.409 -21.278  28.0 3.39 MW ML2MW
1982 01 27 2312 125.390 -27.350  10.0 3.57 MW ML2MW
1982 02 13 0826 126.643 -22.096  10.0 4.39 MW mb2MW
1982 02 19 0111 123.349 -18.902   0.0 3.67 MW ML2MW
1982 02 26 1524 122.490 -17.670  37.0 3.25 MW ML2MW
1982 02 27 1843 121.180 -18.860  37.0 3.13 MW ML2MW
1982 03 17 0429 127.600 -14.974  10.0 3.57 MW ML2MW
1982 05 18 0725 117.380 -32.220  10.0 3.06 MW ML2MW
1982 05 26 1755 120.830 -22.240  10.0 3.43 MW ML2MW
1982 06 06 1406 122.257 -32.358  33.0 3.92 MW ML2MW
1982 07 04 0705 131.010 -26.470  10.0 3.08 MW ML2MW
1982 08 04 2200 117.310 -29.280  10.0 3.21 MW ML2MW
1982 08 24 0232 131.420 -26.410  10.0 3.89 MW ML2MW
1982 09 11 1015 123.030 -30.330  10.0 3.44 MW ML2MW
1982 10 03 1325 135.828 -34.076   2.6 3.34 MW ML2MW
1982 10 03 1700 115.850 -22.090  10.0 4.20 MW ML2MW
1982 10 10 0256 116.740 -31.000   7.0 3.15 MW ML2MW
1982 10 12 1658 135.715 -34.126   2.1 3.32 MW ML2MW
1982 11 03 0240 120.480 -20.530  37.0 4.94 MW ML2MW
1982 11 20 0200 127.090 -19.036  19.0 3.61 MW ML2MW
1982 12 16 1431 121.150 -18.320  37.0 3.21 MW ML2MW
1982 12 21 2159 117.190 -32.110  10.0 3.12 MW ML2MW
1982 12 31 2219 124.142 -17.450  33.0 4.14 MW mb2MW
1983 01 01 2052 117.180 -32.100  10.0 3.27 MW ML2MW
1983 01 17 2157 125.230 -32.320  10.0 3.37 MW ML2MW
1983 01 26 0616 117.319 -30.610  10.0 4.57 MW ML2MW
1983 02 01 1500 126.270 -21.760  10.0 3.03 MW ML2MW
1983 03 12 0400 117.240 -26.770  10.0 3.05 MW ML2MW
1983 03 14 0329 128.597 -16.676  10.0 3.18 MW ML2MW
1983 04 05 0450 116.350 -25.300  10.0 3.30 MW ML2MW
1983 05 17 1011 136.313 -27.886  31.3 3.37 MW ML2MW
1983 05 31 0634 135.860 -33.579  10.9 3.40 MW ML2MW
1983 06 07 0616 125.581 -15.009  10.0 3.68 MW ML2MW
1983 06 29 1524 122.621 -18.972  10.0 3.11 MW ML2MW
1983 07 06 1941 122.290 -32.650  10.0 3.02 MW ML2MW
1983 08 04 0255 118.260 -31.280  10.0 3.08 MW ML2MW
1983 08 31 0721 120.180 -20.560  10.0 3.24 MW ML2MW
1983 09 09 0426 135.244 -33.950  10.8 3.01 MW ML2MW
1983 09 14 2051 130.320 -11.290  10.0 3.07 MW ML2MW
1983 09 26 1219 131.440 -26.920  10.0 3.03 MW ML2MW
1983 10 04 0012 130.250 -24.140  10.0 3.15 MW ML2MW
1983 10 12 1925 130.330 -25.610  10.0 3.34 MW ML2MW
1983 10 30 0109 123.740 -16.530  37.0 3.56 MW ML2MW
1983 11 21 0304 138.099 -25.749   0.0 3.09 MW ML2MW
1983 11 28 1346 136.375 -24.989  20.0 3.64 MW ML2MW
1983 12 01 1545 126.450 -21.960  10.0 3.54 MW ML2MW
1983 12 20 1338 135.995 -33.529  30.2 3.22 MW ML2MW
1984 01 08 1153 115.700 -24.670  10.0 3.17 MW ML2MW
1984 01 09 0829 130.920 -26.170   0.0 3.29 MW ML2MW
1984 01 16 0225 133.400 -22.100   0.0 3.04 MW ML2MW
1984 01 24 1441 129.700 -21.972   0.0 3.44 MW ML2MW
1984 02 03 1502 119.570 -34.370  10.0 3.24 MW ML2MW
1984 02 08 2250 134.800 -11.400  15.0 3.49 MW ML2MW
1984 02 21 0559 122.720 -31.820  10.0 4.01 MW ML2MW
1984 03 02 0501 122.420 -17.660  10.0 3.47 MW ML2MW
1984 03 06 0902 138.000 -30.718  16.7 3.08 MW ML2MW
1984 03 12 0524 133.200 -11.800   0.0 3.05 MW ML2MW
1984 03 16 0345 123.344 -15.003  37.0 4.30 MW mb2MW
1984 03 23 1938 125.520 -21.290  19.0 3.41 MW ML2MW
1984 03 30 1015 124.550 -27.140  10.0 3.23 MW ML2MW
1984 04 12 2046 129.883 -21.512  18.0 3.30 MW ML2MW
1984 05 17 0412 123.060 -21.370  15.0 3.27 MW ML2MW
1984 06 10 1559 117.370 -32.230  10.0 3.14 MW ML2MW
1984 06 11 1321 122.780 -26.180   0.0 3.65 MW ML2MW
1984 06 24 0102 137.356 -34.865  24.7 3.31 MW ML2MW
1984 06 29 0204 117.410 -32.230  10.0 3.45 MW ML2MW
1984 07 07 0439 126.659 -28.219  33.0 4.18 MW ML2MW
1984 08 07 2051 127.320 -15.550   0.0 3.51 MW ML2MW
1984 08 08 0357 130.150 -23.200   0.0 3.40 MW ML2MW
1984 08 08 1524 119.340 -19.610  10.0 3.11 MW ML2MW
1984 09 10 0751 123.550 -31.590  10.0 3.24 MW ML2MW
1984 09 12 2102 126.446 -22.016  33.0 3.76 MW ML2MW
1984 09 15 1623 130.860 -26.050   0.0 3.20 MW ML2MW
1984 09 30 1819 120.690 -28.300  10.0 3.11 MW ML2MW
1984 10 01 1547 126.830 -18.760  10.0 3.21 MW ML2MW
1984 10 16 1357 131.630 -10.350  10.0 3.18 MW ML2MW
1984 12 13 1648 124.910 -26.250  10.0 3.23 MW ML2MW
1984 12 28 2148 125.810 -19.270  10.0 3.05 MW ML2MW
1985 02 10 1559 129.910 -25.310   0.0 3.29 MW ML2MW
1985 02 13 2121 130.680 -20.170   0.0 3.35 MW ML2MW
1985 03 03 1104 126.590 -18.270  10.0 3.16 MW ML2MW
1985 03 22 0023 125.570 -22.840  10.0 3.49 MW ML2MW
1985 04 03 0150 132.455 -23.016   9.0 4.52 MW ML2MW
1985 04 09 0718 120.520 -20.490  10.0 3.17 MW ML2MW
1985 04 12 0318 130.140 -14.750  10.0 3.90 MW ML2MW
1985 04 21 1456 121.897 -19.965  10.0 3.58 MW ML2MW
1985 05 05 1650 116.630 -25.960  10.0 3.87 MW ML2MW
1985 05 20 2258 120.860 -18.410  10.0 3.48 MW ML2MW
1985 05 26 1243 118.580 -20.350  10.0 3.13 MW ML2MW
1985 06 03 1234 135.087 -12.018  33.0 3.63 MW mb2MW
1985 06 05 0341 122.430 -32.650  10.0 3.15 MW ML2MW
1985 07 02 2345 125.300 -27.700  10.0 3.43 MW ML2MW
1985 07 10 0824 132.000 -25.500   0.0 3.15 MW ML2MW
1985 07 23 0947 126.797 -19.310  10.0 4.23 MW ML2MW
1985 07 28 0739 122.582 -32.554   5.8 5.12 MW ML2MW
1985 07 29 0713 124.260 -28.100  10.0 3.24 MW ML2MW
1985 08 10 0724 121.456 -30.783   0.0 3.02 MW ML2MW
1985 09 08 1545 137.284 -29.514  10.7 3.80 MW ML2MW
1985 09 10 1157 130.240 -18.050  33.0 4.77 MW mb2MW
1985 11 24 0926 124.640 -15.910  33.0 4.05 MW mb2MW
1985 11 27 2318 117.351 -30.646   3.0 4.31 MW ML2MW
1985 12 06 0302 117.360 -32.010  10.0 3.58 MW ML2MW
1986 01 20 0746 122.340 -32.360   5.0 4.00 MW ML2MW
1986 01 20 2331 124.220 -29.050  10.0 3.41 MW ML2MW
1986 01 30 1640 135.535 -27.596   3.8 3.23 MW ML2MW
1986 02 17 0206 117.410 -32.230   5.0 3.30 MW ML2MW
1986 03 16 0644 126.610 -28.100   5.0 3.47 MW ML2MW
1986 03 30 0853 132.734 -26.310   5.0 5.71 MW GCMT
1986 04 13 1515 120.220 -21.860   5.0 3.03 MW ML2MW
1986 04 14 0633 126.270 -21.760   5.0 3.03 MW ML2MW
1986 04 14 1932 131.345 -24.879  10.0 3.86 MW ML2MW
1986 04 16 0601 123.480 -20.450   5.0 3.28 MW ML2MW
1986 04 24 0823 127.880 -18.090   5.0 3.09 MW ML2MW
1986 05 02 2224 137.543 -25.957   5.0 3.43 MW ML2MW
1986 05 17 1241 117.200 -33.360   5.0 3.90 MW ML2MW
1986 05 17 1457 119.800 -33.760   5.0 3.44 MW ML2MW
1986 05 21 2042 116.220 -25.310   5.0 3.39 MW ML2MW
1986 05 26 0555 128.992 -27.768   5.0 4.07 MW ML2MW
1986 06 15 0233 125.930 -25.340   5.0 3.05 MW ML2MW
1986 06 16 0442 129.360 -21.200   5.0 3.01 MW ML2MW
1986 06 23 1530 124.780 -27.590   5.0 3.64 MW ML2MW
1986 07 20 0125 126.460 -21.980   5.0 3.15 MW ML2MW
1986 08 24 0454 126.705 -21.648  10.0 3.43 MW ML2MW
1986 09 04 1910 133.333 -33.619  21.9 3.13 MW ML2MW
1986 09 06 1041 119.050 -22.730   5.0 3.14 MW ML2MW
1986 09 16 1616 122.310 -32.590   5.0 3.41 MW ML2MW
1986 10 06 1248 136.771 -33.505  36.5 3.27 MW ML2MW
1986 10 13 1206 118.810 -33.950   5.0 3.26 MW ML2MW
1986 10 27 1708 128.220 -23.110   5.0 3.03 MW ML2MW
1986 11 28 1546 129.779 -25.433   5.0 3.89 MW ML2MW
1986 12 14 0932 121.510 -19.180   5.0 3.41 MW ML2MW
1986 12 18 0126 122.808 -17.265   5.0 3.32 MW ML2MW
1986 12 18 0658 116.820 -27.830   5.0 4.11 MW ML2MW
1986 12 30 1700 116.090 -20.650   5.0 3.02 MW ML2MW
1987 02 24 0810 122.220 -32.510   5.0 3.04 MW ML2MW
1987 03 02 2222 117.490 -31.220   2.0 3.21 MW ML2MW
1987 03 30 0510 131.519 -26.062  33.0 3.67 MW ML2MW
1987 04 10 0643 122.100 -17.250   5.0 3.19 MW ML2MW
1987 04 17 1658 115.980 -25.460  23.0 3.04 MW ML2MW
1987 04 19 2241 122.260 -32.610   5.0 3.18 MW ML2MW
1987 05 02 2349 121.428 -30.710   5.0 3.16 MW ML2MW
1987 05 05 2324 116.720 -32.040   5.0 3.73 MW ML2MW
1987 05 08 1335 122.220 -32.510   5.0 3.04 MW ML2MW
1987 05 10 2336 117.740 -33.390   5.0 3.25 MW ML2MW
1987 05 12 0900 135.632 -27.296  11.1 3.16 MW ML2MW
1987 05 21 0315 128.348 -16.842   0.0 3.34 MW ML2MW
1987 06 11 1218 117.510 -31.200   3.0 3.52 MW ML2MW
1987 06 19 1332 116.690 -20.560   5.0 3.50 MW ML2MW
1987 07 05 1105 120.700 -18.470   5.0 3.08 MW ML2MW
1987 07 07 1031 136.035 -28.178   8.0 3.57 MW ML2MW
1987 07 08 1038 122.280 -32.540   5.0 4.34 MW ML2MW
1987 07 24 0019 129.663 -22.573  25.0 3.04 MW ML2MW
1987 08 19 1621 128.619 -24.455   0.0 3.25 MW ML2MW
1987 08 21 0939 122.370 -32.660   5.0 3.09 MW ML2MW
1987 08 30 1423 128.679 -16.739  14.0 4.14 MW ML2MW
1987 09 25 0918 117.880 -30.690   5.0 3.00 MW ML2MW
1987 10 09 0358 121.262 -30.913  16.0 3.99 MW ML2MW
1987 10 12 0453 118.470 -34.910   5.0 3.30 MW ML2MW
1987 11 01 1527 126.600 -22.080   5.0 3.14 MW ML2MW
1987 11 15 1227 122.220 -32.510   5.0 3.12 MW ML2MW
1987 11 19 1800 120.150 -21.300  25.0 3.51 MW ML2MW
1987 12 04 1315 120.624 -17.655  10.0 4.23 MW ML2MW
1987 12 13 1529 126.270 -29.610   5.0 3.12 MW ML2MW
1987 12 20 1211 121.083 -30.483   5.0 3.43 MW ML2MW
1988 01 01 0901 117.770 -30.760   5.0 3.75 MW ML2MW
1988 01 06 0342 117.500 -31.200   2.0 4.15 MW ML2MW
1988 01 22 1204 133.854 -19.896   5.0 6.55 MW Choy & Bowman (1990); Somerville et al. (2009); GCMT
1988 02 06 0524 124.730 -16.601  15.0 5.10 MW EHB
1988 03 10 1415 130.650 -14.630  10.0 5.12 MW MS2MW
1988 03 12 1359 128.829 -16.640   5.0 3.15 MW ML2MW
1988 03 14 0748 116.800 -30.540   4.0 3.55 MW ML2MW
1988 04 17 1354 116.770 -30.520   2.0 3.11 MW ML2MW
1988 04 23 2338 126.628 -21.817   5.0 3.18 MW ML2MW
1988 05 08 1553 124.730 -22.830   5.0 3.10 MW ML2MW
1988 05 09 1924 126.430 -21.920   5.0 3.17 MW ML2MW
1988 05 18 0903 122.280 -18.960   5.0 3.15 MW ML2MW
1988 05 26 1704 116.910 -27.900   5.0 3.09 MW ML2MW
1988 06 15 0913 126.500 -31.720   5.0 4.21 MW ML2MW
1988 06 23 1131 128.606 -16.814  10.0 4.09 MW ML2MW
1988 07 05 0900 123.070 -22.500   5.0 3.02 MW ML2MW
1988 07 10 1751 117.940 -33.500   5.0 3.11 MW ML2MW
1988 07 14 2236 128.783 -16.862  33.0 3.96 MW ML2MW
1988 07 16 0016 117.050 -25.080   5.0 3.15 MW ML2MW
1988 07 30 0414 123.540 -18.410   5.0 3.12 MW ML2MW
1988 08 08 1813 126.573 -27.243   5.0 4.58 MW ML2MW
1988 08 15 0413 122.220 -32.510   5.0 3.56 MW ML2MW
1988 08 22 1313 121.660 -16.420   5.0 3.35 MW ML2MW
1988 08 25 2133 128.583 -16.694  10.0 3.26 MW ML2MW
1988 09 10 0746 116.560 -33.320   1.0 3.14 MW ML2MW
1988 09 21 0228 128.130 -17.380   5.0 3.45 MW ML2MW
1988 09 25 0628 132.342 -31.226  15.3 3.38 MW ML2MW
1988 10 19 1549 115.310 -22.840   5.0 3.28 MW ML2MW
1988 11 01 0425 129.540 -25.090   5.0 3.16 MW ML2MW
1988 11 02 1848 140.122 -15.114  10.0 3.55 MW ML2MW
1988 11 04 0734 128.030 -29.940   5.0 3.14 MW ML2MW
1988 11 24 2344 116.440 -25.350   5.0 3.20 MW ML2MW
1988 11 27 1407 123.010 -30.370   5.0 3.28 MW ML2MW
1988 12 15 1856 124.583 -19.164   5.0 3.72 MW ML2MW
1988 12 22 1110 136.222 -28.657   5.7 3.16 MW ML2MW
1988 12 23 0424 126.510 -22.000   5.0 3.08 MW ML2MW
1988 12 25 1001 117.730 -27.420   5.0 3.16 MW ML2MW
1989 01 07 1141 116.060 -25.390   5.0 3.72 MW ML2MW
1989 03 03 0051 121.570 -21.690   5.0 3.06 MW ML2MW
1989 03 03 1326 123.661 -29.340  10.0 4.81 MW ML2MW
1989 03 31 0400 116.929 -30.943  20.0 3.12 MW ML2MW
1989 04 01 0517 127.770 -19.280  10.0 3.23 MW ML2MW
1989 04 10 0737 126.618 -17.124   5.0 3.32 MW ML2MW
1989 04 17 0349 123.760 -28.746   5.0 3.14 MW ML2MW
1989 05 05 0616 131.399 -17.995  10.0 3.29 MW ML2MW
1989 05 28 0255 130.755 -25.139  28.6 4.89 MW ML2MW
1989 07 23 0120 118.334 -33.567   1.0 3.05 MW ML2MW
1989 07 27 0607 125.467 -26.092   5.0 3.15 MW ML2MW
1989 08 13 1917 136.449 -33.851  12.1 3.19 MW ML2MW
1989 09 07 0808 135.924 -33.551  21.1 3.01 MW ML2MW
1989 09 12 0943 128.396 -15.559  33.0 4.39 MW mb2MW
1989 09 13 2152 129.969 -21.517   5.0 3.06 MW ML2MW
1989 10 11 0704 134.473 -11.355   5.0 3.37 MW ML2MW
1989 10 12 0403 122.916 -27.686   5.0 3.13 MW ML2MW
1989 10 27 1642 144.261 -17.135  12.8 3.35 MW ML2MW
1989 11 04 0057 127.798 -17.236   5.0 3.38 MW ML2MW
1989 12 05 2249 118.942 -21.318  10.0 3.59 MW ML2MW
1989 12 09 1609 141.090 -22.200   5.0 3.02 MW ML2MW
1990 01 12 0549 131.570 -25.620   5.0 3.54 MW ML2MW
1990 01 12 0950 131.239 -23.053   5.0 4.25 MW ML2MW
1990 02 01 2258 117.809 -33.449   0.0 3.08 MW ML2MW
1990 02 04 0850 135.753 -27.663  22.6 3.01 MW ML2MW
1990 02 08 0823 137.342 -27.891   9.0 4.34 MW ML2MW
1990 02 14 1350 137.633 -26.313  13.5 3.05 MW ML2MW
1990 02 20 1418 128.532 -16.713  10.0 3.23 MW ML2MW
1990 03 05 1258 127.775 -26.262   3.0 3.08 MW ML2MW
1990 03 17 0548 117.821 -33.413   5.0 3.31 MW ML2MW
1990 03 20 2109 124.310 -18.506   5.0 3.46 MW ML2MW
1990 03 21 1337 129.510 -25.430  10.0 4.34 MW ML2MW
1990 03 28 0713 121.485 -30.760   1.0 3.08 MW ML2MW
1990 04 13 1722 136.920 -19.844   5.0 3.01 MW ML2MW
1990 04 21 2136 127.301 -26.144  10.0 3.23 MW ML2MW
1990 04 30 0424 116.808 -30.529   1.0 3.16 MW ML2MW
1990 05 11 0426 116.812 -30.548   1.0 3.01 MW ML2MW
1990 05 30 1943 116.806 -30.534   3.0 3.31 MW ML2MW
1990 06 09 1342 143.269 -11.898   0.0 4.34 MW ML2MW
1990 06 26 2030 126.799 -18.698   5.0 3.38 MW ML2MW
1990 06 27 1423 123.117 -18.833   5.0 3.23 MW ML2MW
1990 07 08 1100 121.453 -18.886  28.0 3.01 MW ML2MW
1990 07 16 1421 137.300 -35.333   2.9 3.08 MW ML2MW
1990 07 17 0513 121.477 -30.769   1.0 3.31 MW ML2MW
1990 07 28 1339 134.900 -12.400   5.0 3.77 MW ML2MW
1990 08 11 1754 130.270 -23.120  10.0 4.34 MW ML2MW
1990 08 17 1214 122.631 -17.849  10.0 4.09 MW ML2MW
1990 09 12 1205 122.870 -18.630   5.0 3.31 MW ML2MW
1990 09 27 1241 137.510 -25.910  10.0 3.77 MW ML2MW
1990 10 18 0952 115.804 -25.912   5.0 3.08 MW ML2MW
1990 10 29 0452 116.823 -20.709  37.0 3.01 MW ML2MW
1990 11 25 2146 126.400 -21.730   5.0 3.16 MW ML2MW
1990 12 01 2054 131.809 -26.527  12.9 3.38 MW ML2MW
1990 12 01 2235 131.325 -26.582  21.6 4.01 MW ML2MW
1991 01 08 0527 117.066 -30.616   3.2 3.38 MW ML2MW
1991 01 09 1022 123.921 -17.534  10.0 3.69 MW ML2MW
1991 02 09 0124 139.800 -15.470   0.0 3.38 MW ML2MW
1991 02 13 0735 125.653 -29.775   1.0 3.08 MW ML2MW
1991 03 04 0014 136.336 -33.542   3.8 3.11 MW ML2MW
1991 03 09 0136 121.423 -30.761  11.0 4.09 MW ML2MW
1991 03 09 1522 120.752 -20.570   5.0 3.08 MW ML2MW
1991 03 15 0429 124.655 -29.360   1.0 3.16 MW ML2MW
1991 03 24 0311 115.962 -21.914   5.0 3.16 MW ML2MW
1991 03 25 1842 136.948 -34.122   0.9 3.19 MW ML2MW
1991 04 09 1400 116.993 -20.647   5.0 3.46 MW ML2MW
1991 04 18 0450 132.807 -26.447  10.0 3.04 MW ML2MW
1991 05 06 0709 131.000 -13.910   5.0 3.16 MW ML2MW
1991 05 16 0202 116.093 -25.457   9.0 3.08 MW ML2MW
1991 05 21 0212 125.486 -15.455   5.0 3.16 MW ML2MW
1991 06 14 1222 122.318 -32.603   5.0 3.62 MW ML2MW
1991 06 17 0452 121.678 -19.974   5.0 3.23 MW ML2MW
1991 07 28 0531 122.305 -17.719   5.0 3.23 MW ML2MW
1991 08 06 1411 143.247 -17.915   5.0 4.58 MW ML2MW
1991 08 17 0008 115.699 -29.127   5.0 3.08 MW ML2MW
1991 08 18 1156 128.607 -16.770  10.0 3.85 MW ML2MW
1991 08 19 1858 135.999 -34.352  25.4 3.08 MW ML2MW
1991 08 22 0916 123.763 -16.568   5.0 3.01 MW ML2MW
1991 08 30 1404 119.671 -20.535   5.0 3.38 MW ML2MW
1991 09 23 2119 120.786 -21.171  10.0 3.93 MW ML2MW
1991 10 06 2259 129.087 -16.877   5.0 3.62 MW ML2MW
1991 10 09 1646 128.663 -16.706   5.0 3.69 MW ML2MW
1991 10 25 0505 119.907 -20.460   5.0 3.16 MW ML2MW
1991 11 05 0926 122.097 -32.836   5.0 3.77 MW ML2MW
1991 11 18 0449 119.420 -20.398   5.0 3.46 MW ML2MW
1991 12 11 1759 117.745 -30.394   2.0 3.31 MW ML2MW
1991 12 13 0448 117.360 -34.389   1.0 4.17 MW ML2MW
1991 12 22 1601 128.547 -16.383   5.0 3.01 MW ML2MW
1992 01 04 0714 117.279 -31.997   1.0 3.38 MW ML2MW
1992 01 07 0631 123.374 -30.496  37.0 3.23 MW ML2MW
1992 01 14 2127 117.275 -31.997   5.0 3.08 MW ML2MW
1992 01 18 0249 126.708 -19.856   5.0 3.16 MW ML2MW
1992 03 10 0347 130.077 -25.449   5.0 3.31 MW ML2MW
1992 03 15 0631 124.663 -28.752   5.0 3.01 MW ML2MW
1992 03 31 0214 126.875 -18.820  10.0 3.97 MW mb2MW
1992 03 31 1722 116.218 -25.524   5.0 3.01 MW ML2MW
1992 04 01 0839 117.699 -30.861   3.0 3.01 MW ML2MW
1992 04 16 0801 116.674 -24.416   5.3 3.38 MW ML2MW
1992 04 18 2040 123.250 -17.322  10.0 3.54 MW ML2MW
1992 04 28 2134 116.485 -27.539  37.0 3.31 MW ML2MW
1992 05 14 0132 122.210 -32.309   5.0 3.08 MW ML2MW
1992 06 02 0116 127.954 -22.015   5.0 3.31 MW ML2MW
1992 06 13 1805 130.096 -23.862  16.0 4.34 MW ML2MW
1992 06 14 1528 129.200 -21.450  10.0 3.23 MW ML2MW
1992 07 07 1609 121.052 -21.360  10.0 3.31 MW ML2MW
1992 07 12 1746 123.066 -19.903   5.0 3.16 MW ML2MW
1992 07 14 0519 129.220 -22.160  10.0 3.38 MW ML2MW
1992 07 15 0017 126.433 -22.064   5.0 4.58 MW ML2MW
1992 07 27 0940 129.286 -24.284   5.0 3.16 MW ML2MW
1992 07 27 1159 122.139 -17.616   5.0 3.93 MW ML2MW
1992 08 02 0734 126.730 -19.906   5.0 3.31 MW ML2MW
1992 08 10 0024 136.387 -25.822   5.0 3.01 MW ML2MW
1992 08 21 2053 130.136 -16.818   5.0 3.85 MW ML2MW
1992 08 22 1054 128.791 -27.452   5.0 3.77 MW ML2MW
1992 09 30 1118 134.466 -11.379  15.0 4.84 MW ML2MW
1992 11 01 2100 136.968 -28.828  15.0 3.31 MW ML2MW
1992 11 16 2104 127.206 -17.034   5.0 3.31 MW ML2MW
1992 11 29 1557 116.356 -23.937  10.0 3.16 MW ML2MW
1992 12 02 1138 125.960 -32.066   5.0 3.01 MW ML2MW
1992 12 03 1737 131.395 -25.931  10.0 3.62 MW ML2MW
1992 12 12 0709 115.992 -25.378   5.0 3.01 MW ML2MW
1992 12 29 2020 129.870 -25.404   0.0 3.93 MW ML2MW
1993 01 28 2046 116.865 -27.890   5.0 3.23 MW ML2MW
1993 02 07 0551 116.363 -30.522   5.0 3.16 MW ML2MW
1993 02 27 2208 122.317 -32.625   5.0 3.46 MW ML2MW
1993 03 08 1142 120.793 -21.108   5.0 3.46 MW ML2MW
1993 03 22 0208 129.903 -25.392   0.0 3.31 MW ML2MW
1993 03 27 0808 122.821 -18.561   5.0 3.23 MW ML2MW
1993 04 05 1754 127.593 -25.768   5.0 3.16 MW ML2MW
1993 04 27 1155 116.497 -24.343   5.0 3.01 MW ML2MW
1993 05 28 1503 121.806 -28.218   1.0 3.62 MW ML2MW
1993 06 10 0336 122.298 -32.458   5.0 3.38 MW ML2MW
1993 07 06 2359 126.368 -22.569   5.0 3.38 MW ML2MW
1993 07 09 1006 115.713 -24.458   5.0 3.62 MW ML2MW
1993 08 11 1914 126.841 -19.514  10.0 3.54 MW ML2MW
1993 08 20 2207 143.762 -16.859   8.0 3.08 MW ML2MW
1993 08 28 1926 127.925 -16.133   5.0 3.31 MW ML2MW
1993 09 19 2002 127.403 -15.764   5.0 3.01 MW ML2MW
1993 11 20 0738 125.726 -20.590   5.0 3.38 MW ML2MW
1993 11 30 0051 125.087 -29.892   5.0 3.31 MW ML2MW
1993 12 07 2353 134.239 -33.816   4.0 3.09 MW ML2MW
1993 12 18 1927 133.857 -11.827  19.3 4.39 MW mb2MW
1994 01 07 1213 122.297 -32.425   5.0 3.16 MW ML2MW
1994 02 20 1432 123.757 -29.608   5.0 3.31 MW ML2MW
1994 02 28 0758 127.270 -15.172   5.0 3.31 MW ML2MW
1994 03 23 1150 117.714 -20.292   5.0 3.69 MW ML2MW
1994 04 07 2057 134.799 -11.978  33.0 3.16 MW ML2MW
1994 04 19 1125 126.548 -21.917   5.0 3.46 MW ML2MW
1994 04 26 1549 118.481 -30.605   5.0 4.01 MW ML2MW
1994 05 13 0420 117.247 -31.175   5.0 3.01 MW ML2MW
1994 06 06 1017 118.074 -33.715   5.0 3.08 MW ML2MW
1994 06 26 0736 133.815 -33.605  13.3 3.22 MW ML2MW
1994 07 04 0910 141.530 -19.580   5.0 3.77 MW ML2MW
1994 07 05 1907 141.589 -20.055   5.0 4.09 MW ML2MW
1994 07 10 0327 118.422 -33.609   5.0 3.01 MW ML2MW
1994 07 12 2029 137.517 -35.727  14.1 3.08 MW ML2MW
1994 08 22 0331 126.315 -21.986   5.0 3.46 MW ML2MW
1994 09 01 0625 130.459 -22.873   5.0 3.23 MW ML2MW
1994 09 04 1301 124.253 -30.688   5.0 4.17 MW ML2MW
1994 09 12 1203 136.427 -22.512   5.0 3.85 MW ML2MW
1994 10 05 1659 117.782 -33.455   1.0 3.01 MW ML2MW
1994 10 09 1501 128.070 -16.652   5.0 3.62 MW ML2MW
1994 10 11 1034 121.307 -33.294   3.0 3.85 MW ML2MW
1994 11 04 2200 135.440 -28.316  12.5 3.16 MW ML2MW
1994 11 23 2053 116.736 -31.977   5.0 3.16 MW ML2MW
1994 12 02 1942 130.133 -23.587   0.0 4.09 MW ML2MW
1994 12 24 0818 139.311 -11.208   5.0 3.54 MW ML2MW
1994 12 27 1910 130.248 -23.649   5.0 3.16 MW ML2MW
1995 01 01 1227 136.115 -28.541  10.3 3.23 MW ML2MW
1995 01 03 0633 131.316 -14.037   5.0 4.01 MW ML2MW
1995 01 07 0330 126.620 -28.153   5.0 3.01 MW ML2MW
1995 01 09 0533 120.526 -20.936   5.0 3.54 MW ML2MW
1995 01 11 2238 132.052 -23.401   3.0 3.01 MW ML2MW
1995 01 18 1302 131.906 -25.995   5.0 3.01 MW ML2MW
1995 01 20 0804 120.780 -20.891   5.0 3.31 MW ML2MW
1995 01 23 0819 117.218 -34.249   5.0 3.01 MW ML2MW
1995 01 27 1914 123.229 -18.859   5.0 3.46 MW ML2MW
1995 01 28 0720 121.450 -30.773   0.0 3.01 MW ML2MW
1995 01 31 0845 136.748 -28.970  11.8 3.08 MW ML2MW
1995 02 01 0955 118.686 -33.743   5.0 3.01 MW ML2MW
1995 02 03 0604 136.538 -33.625   4.0 3.04 MW ML2MW
1995 02 16 1227 122.109 -16.943   5.0 3.01 MW ML2MW
1995 02 21 0126 122.512 -18.886   5.0 3.23 MW ML2MW
1995 02 23 0403 126.226 -21.905   5.0 3.38 MW ML2MW
1995 03 06 1056 129.814 -22.129   6.0 3.38 MW ML2MW
1995 03 06 1242 135.544 -33.931   6.8 3.13 MW ML2MW
1995 03 16 2301 130.406 -23.347   5.0 3.16 MW ML2MW
1995 03 17 0927 123.529 -18.086   5.0 3.08 MW ML2MW
1995 03 28 0732 120.440 -27.696   5.0 3.08 MW ML2MW
1995 04 05 2338 126.953 -32.672   5.0 3.93 MW ML2MW
1995 04 06 0402 129.025 -17.909   5.0 3.01 MW ML2MW
1995 04 20 1311 118.184 -33.282   1.8 3.38 MW ML2MW
1995 05 11 0006 140.960 -19.220   0.0 3.16 MW ML2MW
1995 05 29 2033 136.600 -24.800   5.0 3.31 MW ML2MW
1995 06 04 2036 125.796 -24.119   5.0 3.69 MW ML2MW
1995 06 24 1106 117.710 -30.367   3.0 3.01 MW ML2MW
1995 07 01 1104 135.937 -28.014  10.0 3.23 MW ML2MW
1995 07 01 1843 122.416 -17.483  36.5 3.31 MW ML2MW
1995 07 02 1928 135.383 -28.016   0.0 3.62 MW ML2MW
1995 07 03 2316 135.072 -27.601  10.0 3.23 MW ML2MW
1995 07 10 1225 132.316 -22.357   0.0 3.31 MW ML2MW
1995 08 07 0030 120.146 -21.362   5.0 3.23 MW ML2MW
1995 08 10 0650 131.704 -22.357   0.0 3.23 MW ML2MW
1995 08 15 0157 120.813 -18.414   5.0 3.23 MW ML2MW
1995 08 15 1458 128.925 -11.251  33.0 3.21 MW mb2MW
1995 09 21 0940 127.504 -22.249  10.0 3.88 MW mb2MW
1995 10 01 1139 134.483 -19.832  24.0 3.62 MW ML2MW
1995 10 19 0355 122.835 -18.546   5.0 3.38 MW ML2MW
1995 10 20 0739 116.411 -24.977   5.0 3.01 MW ML2MW
1995 10 27 1028 137.017 -35.239  15.5 4.09 MW ML2MW
1995 10 30 1905 135.510 -10.020 151.0 3.30 MW mb2MW
1995 11 20 1116 131.450 -25.991  10.0 3.54 MW ML2MW
1995 12 12 2211 124.282 -18.527   5.0 3.38 MW ML2MW
1995 12 16 0156 127.454 -21.081   5.0 3.46 MW ML2MW
1995 12 25 1509 134.070 -18.917   0.0 3.23 MW ML2MW
1996 01 01 1235 127.920 -14.490  33.0 3.21 MW mb2MW
1996 01 22 1234 120.813 -21.123   5.0 3.16 MW ML2MW
1996 02 04 1755 120.897 -18.863   5.0 3.46 MW ML2MW
1996 02 17 2323 135.787 -10.691  33.0 3.21 MW mb2MW
1996 03 10 1800 128.420 -20.540   5.0 3.16 MW ML2MW
1996 03 11 0624 117.610 -31.454   1.0 3.23 MW ML2MW
1996 03 11 2324 127.149 -16.578   5.0 3.62 MW ML2MW
1996 03 30 0717 121.454 -30.727   1.0 3.01 MW ML2MW
1996 04 22 0958 126.595 -22.082   5.0 3.62 MW ML2MW
1996 04 28 2052 128.651 -16.663  18.0 3.16 MW ML2MW
1996 05 10 1248 120.163 -20.856  14.6 3.46 MW ML2MW
1996 05 14 2314 116.802 -34.036   1.0 3.16 MW ML2MW
1996 05 21 2021 121.966 -18.535  30.0 3.31 MW ML2MW
1996 06 01 0715 121.468 -30.743   1.0 3.23 MW ML2MW
1996 06 09 0143 135.927 -34.171   9.6 3.54 MW ML2MW
1996 06 13 1552 142.488 -15.553  10.0 3.23 MW ML2MW
1996 07 02 1627 129.430 -10.850   0.0 3.23 MW ML2MW
1996 07 04 1241 134.200 -20.080   0.0 3.01 MW ML2MW
1996 07 09 0926 129.936 -26.990   5.0 3.31 MW ML2MW
1996 07 15 0519 116.075 -26.239  18.0 3.08 MW ML2MW
1996 07 16 1857 126.628 -18.083   5.0 3.01 MW ML2MW
1996 08 01 0618 131.610 -11.590   5.0 3.16 MW ML2MW
1996 08 07 1502 129.757 -16.643   5.0 3.01 MW ML2MW
1996 08 29 1214 120.132 -21.034   5.0 3.69 MW ML2MW
1996 09 02 0546 128.652 -16.563   1.0 3.16 MW ML2MW
1996 09 04 1211 130.685 -26.444   0.0 3.16 MW ML2MW
1996 09 18 2335 116.724 -31.978   1.0 3.23 MW ML2MW
1996 10 23 1823 128.650 -16.598   5.0 3.62 MW ML2MW
1996 10 26 0854 117.909 -33.900   1.0 3.69 MW ML2MW
1996 11 12 0502 130.005 -21.963  11.0 3.16 MW ML2MW
1996 11 16 0621 117.685 -31.454   3.0 3.38 MW ML2MW
1996 11 30 1723 117.480 -25.230  10.0 3.63 MW mb2MW
1996 11 30 1738 116.682 -24.560   5.0 3.23 MW ML2MW
1996 12 01 0450 132.988 -26.695   5.0 3.46 MW ML2MW
1996 12 03 0755 119.749 -32.004   1.0 3.23 MW ML2MW
1996 12 06 0401 128.704 -23.405   5.0 3.08 MW ML2MW
1996 12 08 2129 124.630 -15.197  33.0 3.62 MW ML2MW
1996 12 10 0602 128.448 -26.251   5.0 3.46 MW ML2MW
1996 12 17 1102 116.587 -31.004   5.0 3.01 MW ML2MW
1996 12 20 0611 116.568 -31.009   3.0 3.01 MW ML2MW
1996 12 21 1231 135.300 -10.630 386.0 3.30 MW mb2MW
1996 12 29 0745 128.583 -16.892   5.0 3.01 MW ML2MW
1996 12 31 1504 122.458 -17.708   5.0 3.31 MW ML2MW
1997 02 05 0015 139.241 -28.710  11.5 4.17 MW ML2MW
1997 02 05 1455 123.271 -29.851   5.0 3.38 MW ML2MW
1997 02 06 1356 123.916 -30.128   5.0 3.38 MW ML2MW
1997 02 21 0826 125.243 -27.411   5.0 3.01 MW ML2MW
1997 02 22 0848 126.327 -21.757  12.0 3.77 MW ML2MW
1997 02 24 1242 135.177 -27.634   8.1 3.23 MW ML2MW
1997 03 03 0305 127.003 -16.597   5.0 3.38 MW ML2MW
1997 03 14 2358 130.547 -10.848  12.0 3.23 MW ML2MW
1997 03 18 2324 119.532 -19.209  33.0 3.38 MW ML2MW
1997 03 27 0614 117.673 -31.475   5.0 3.38 MW ML2MW
1997 06 06 0617 125.812 -24.156   5.0 3.16 MW ML2MW
1997 06 13 2222 129.181 -17.001   5.0 3.01 MW ML2MW
1997 06 23 2044 131.870 -23.110  19.0 4.09 MW ML2MW
1997 07 01 0606 115.642 -21.419   5.0 3.31 MW ML2MW
1997 07 21 1510 137.769 -32.725  14.0 3.77 MW ML2MW
1997 07 23 1829 126.541 -22.114   5.0 3.62 MW ML2MW
1997 07 29 0542 130.154 -12.789   0.0 4.09 MW ML2MW
1997 07 29 0742 125.807 -28.360  10.0 4.09 MW ML2MW
1997 07 31 1914 123.284 -17.317   5.0 3.16 MW ML2MW
1997 08 03 0117 116.059 -28.604   5.0 3.08 MW ML2MW
1997 08 10 0920 124.333 -16.159  20.0 6.21 MW GCMT
1997 08 17 1305 121.784 -17.151   5.0 3.23 MW ML2MW
1997 08 31 1523 117.684 -31.449   5.0 4.42 MW ML2MW
1997 09 01 0948 123.138 -18.116   5.0 4.34 MW ML2MW
1997 09 05 1152 120.820 -20.111   5.0 3.01 MW ML2MW
1997 09 11 1619 126.262 -30.968   5.0 3.16 MW ML2MW
1997 09 26 0810 127.560 -22.792   5.0 3.08 MW ML2MW
1997 11 11 1226 128.168 -16.504   5.0 3.54 MW ML2MW
1997 11 23 0420 128.496 -16.798  33.0 3.08 MW ML2MW
1997 12 07 1750 116.490 -30.998   5.0 3.16 MW ML2MW
1997 12 23 1011 115.064 -21.884   5.0 3.46 MW ML2MW
1997 12 28 1556 122.313 -32.621   5.0 3.16 MW ML2MW
1998 01 29 2106 136.898 -34.177   5.1 3.19 MW ML2MW
1998 01 30 1654 143.180 -13.250  10.0 3.54 MW ML2MW
1998 01 31 1322 120.399 -21.214   5.0 3.69 MW ML2MW
1998 02 08 0446 122.259 -17.831   5.0 3.16 MW ML2MW
1998 02 11 0859 115.263 -23.558   5.0 3.16 MW ML2MW
1998 02 13 0510 124.087 -17.484   5.0 3.38 MW ML2MW
1998 02 26 1413 136.621 -33.347  27.7 3.77 MW ML2MW
1998 03 14 0733 119.550 -27.566   5.0 3.01 MW ML2MW
1998 03 22 1753 122.164 -31.516   5.0 3.93 MW ML2MW
1998 03 29 0350 139.168 -12.360  35.0 4.67 MW ML2MW
1998 04 08 1641 126.642 -17.925   5.0 3.08 MW ML2MW
1998 04 10 0346 122.343 -32.589   5.0 4.17 MW ML2MW
1998 04 12 1510 128.551 -16.924   5.0 3.08 MW ML2MW
1998 04 13 2303 136.130 -12.941  10.0 3.31 MW ML2MW
1998 04 29 1034 117.477 -31.207   3.0 3.16 MW ML2MW
1998 05 06 0529 136.867 -34.151  15.2 3.65 MW ML2MW
1998 05 11 1211 118.080 -33.694   1.0 3.31 MW ML2MW
1998 05 15 2354 130.940 -26.090   5.0 3.46 MW ML2MW
1998 06 05 1347 121.319 -31.111   5.0 3.01 MW ML2MW
1998 06 07 2242 117.683 -31.464   5.0 3.62 MW ML2MW
1998 06 09 0100 135.769 -28.037  27.1 4.25 MW ML2MW
1998 06 16 1513 134.470 -23.650   7.0 3.31 MW ML2MW
1998 06 18 1321 131.031 -12.206   0.0 3.62 MW ML2MW
1998 06 22 0946 119.947 -21.886   5.0 3.93 MW ML2MW
1998 06 23 0838 131.860 -26.080  10.0 3.23 MW ML2MW
1998 06 23 1512 132.010 -13.340   0.0 3.23 MW ML2MW
1998 06 27 0701 121.605 -30.815   5.0 3.54 MW ML2MW
1998 07 02 1509 135.013 -33.599  21.3 3.13 MW ML2MW
1998 07 05 0849 118.640 -26.249   5.0 3.08 MW ML2MW
1998 07 08 1044 121.416 -30.777   1.0 3.08 MW ML2MW
1998 07 15 1551 136.873 -34.161  12.3 3.38 MW ML2MW
1998 07 17 1846 127.845 -26.502  11.0 3.46 MW ML2MW
1998 07 18 2319 123.793 -30.262   5.0 3.01 MW ML2MW
1998 07 23 0149 131.350 -23.030   0.0 3.16 MW ML2MW
1998 07 31 0046 125.694 -24.301   5.0 3.31 MW ML2MW
1998 08 04 0145 132.534 -13.211   0.0 3.46 MW ML2MW
1998 08 08 0736 123.997 -15.634   0.0 3.46 MW ML2MW
1998 08 17 0245 123.565 -17.662   5.0 3.16 MW ML2MW
1998 08 17 0457 135.246 -28.994   8.3 3.62 MW ML2MW
1998 09 11 0207 132.810 -26.410   0.0 3.23 MW ML2MW
1998 10 02 0943 136.388 -13.774   0.0 3.23 MW ML2MW
1998 10 05 2024 135.880 -33.556  14.1 3.05 MW ML2MW
1998 10 08 1621 121.448 -30.833   1.0 3.01 MW ML2MW
1998 10 14 2226 121.320 -31.033   5.0 3.62 MW ML2MW
1998 11 13 1154 124.887 -19.132   7.0 3.77 MW ML2MW
1998 11 19 0642 137.790 -25.000   0.0 3.08 MW ML2MW
1999 01 18 1450 126.410 -27.788  10.0 4.09 MW ML2MW
1999 01 22 0007 116.936 -33.970   1.0 3.31 MW ML2MW
1999 01 23 2256 115.553 -21.464   5.0 3.46 MW ML2MW
1999 02 01 0423 136.814 -28.400  25.5 3.16 MW ML2MW
1999 02 26 0008 136.420 -27.827   7.2 3.16 MW ML2MW
1999 03 01 0128 137.590 -25.800   0.0 3.54 MW ML2MW
1999 03 06 1530 118.213 -23.589  10.0 3.62 MW ML2MW
1999 03 06 2354 139.137 -28.565   6.9 4.01 MW ML2MW
1999 03 07 1959 128.085 -17.275   5.0 3.01 MW ML2MW
1999 03 22 0122 127.312 -16.692   5.0 3.54 MW ML2MW
1999 03 27 2209 124.441 -30.832   5.0 3.16 MW ML2MW
1999 03 29 1512 128.375 -15.126   5.0 3.01 MW ML2MW
1999 04 09 0728 129.812 -25.189   5.0 3.08 MW ML2MW
1999 04 10 2227 124.752 -19.621   5.0 3.31 MW ML2MW
1999 05 02 1559 116.300 -20.820   5.0 3.31 MW ML2MW
1999 05 19 2331 127.880 -13.730   5.0 3.16 MW ML2MW
1999 06 20 1143 122.680 -16.950   5.0 3.01 MW ML2MW
1999 07 13 0146 117.480 -31.210   3.0 3.01 MW ML2MW
1999 07 27 0548 127.860 -13.710   5.0 3.16 MW ML2MW
1999 08 10 2118 126.610 -22.040   5.0 3.01 MW ML2MW
1999 08 14 1245 131.044 -26.170  10.0 3.62 MW ML2MW
1999 11 04 1836 127.480 -15.970   5.0 3.16 MW ML2MW
1999 11 09 0505 121.390 -28.820   5.0 3.62 MW ML2MW
1999 11 11 1606 115.570 -22.330   5.0 3.01 MW ML2MW
1999 11 15 0316 137.328 -35.433  12.4 3.38 MW ML2MW
1999 11 30 1512 119.770 -21.240   5.0 3.31 MW ML2MW
1999 12 01 1525 126.590 -27.180   5.0 3.31 MW ML2MW
1999 12 09 1928 119.517 -20.470   5.0 3.31 MW ML2MW
1999 12 16 1236 125.880 -16.840   5.0 3.16 MW ML2MW
1999 12 31 0459 119.780 -32.110   1.0 3.16 MW ML2MW
2000 01 07 0302 121.430 -18.100   5.0 3.16 MW ML2MW
2000 01 10 2057 124.082 -28.554  10.0 3.16 MW ML2MW
2000 01 13 0224 123.806 -16.478   5.0 3.94 MW ML2MW
2000 02 02 2324 118.255 -33.700   5.0 3.31 MW ML2MW
2000 02 06 1251 121.705 -17.121   5.0 3.31 MW ML2MW
2000 02 08 0426 128.814 -23.911   5.0 3.23 MW ML2MW
2000 02 15 1744 127.654 -14.118   0.0 3.49 MW ML2MW
2000 02 21 1615 126.430 -16.740   5.0 3.01 MW ML2MW
2000 02 24 2044 117.790 -30.750   8.0 3.46 MW ML2MW
2000 02 28 0421 134.588 -27.158   0.0 3.01 MW ML2MW
2000 02 29 1124 120.960 -17.500   5.0 3.01 MW ML2MW
2000 03 30 1555 128.560 -16.640   5.0 3.01 MW ML2MW
2000 04 03 1109 134.790 -35.087  14.1 3.17 MW ML2MW
2000 04 13 0314 128.635 -16.421  15.0 3.73 MW ML2MW
2000 05 22 1425 116.945 -25.326   5.0 3.16 MW ML2MW
2000 06 05 0349 118.574 -30.578   2.0 3.14 MW ML2MW
2000 06 12 2041 132.732 -19.911   0.0 3.01 MW ML2MW
2000 06 19 1804 131.404 -22.832   5.0 3.55 MW ML2MW
2000 06 27 0312 136.873 -34.170   8.2 3.19 MW ML2MW
2000 07 22 1328 132.520 -20.570   0.0 3.21 MW ML2MW
2000 07 25 2056 126.286 -22.291  10.0 3.08 MW ML2MW
2000 07 29 0245 123.749 -29.933  10.0 3.31 MW ML2MW
2000 07 30 1850 122.760 -17.720  10.0 3.11 MW ML2MW
2000 08 01 1123 131.749 -26.787   0.0 3.33 MW ML2MW
2000 08 11 0401 121.788 -34.639   0.0 3.01 MW ML2MW
2000 09 07 0107 131.205 -23.264  10.0 3.23 MW ML2MW
2000 09 07 2359 136.889 -34.169   9.0 3.26 MW ML2MW
2000 09 09 1731 124.086 -16.678  10.0 3.80 MW ML2MW
2000 09 22 0604 117.058 -30.526   1.1 3.69 MW ML2MW
2000 10 28 1333 119.345 -26.808  10.0 3.01 MW ML2MW
2000 11 11 2200 126.172 -27.637   2.0 3.33 MW ML2MW
2000 11 15 0848 126.540 -22.039  11.0 3.31 MW ML2MW
2000 11 16 0125 118.386 -34.537   0.0 3.15 MW ML2MW
2000 12 13 0549 119.877 -18.175   0.0 3.01 MW ML2MW
2000 12 28 0528 130.763 -12.544   0.0 3.66 MW ML2MW
2001 01 03 1509 118.036 -30.873   5.0 3.08 MW ML2MW
2001 01 04 2123 123.887 -28.940  10.0 3.54 MW ML2MW
2001 01 10 1003 126.635 -27.890   0.0 3.08 MW ML2MW
2001 01 19 0115 136.853 -34.176   9.0 3.26 MW ML2MW
2001 01 19 0700 122.425 -28.258  11.0 3.01 MW ML2MW
2001 01 25 1406 126.450 -18.350   0.0 3.47 MW ML2MW
2001 01 31 0352 116.961 -30.534   0.0 3.07 MW ML2MW
2001 02 02 0322 122.410 -20.915  20.0 3.23 MW ML2MW
2001 03 08 1049 120.326 -31.457  10.0 4.01 MW ML2MW
2001 03 11 2123 129.571 -11.349   0.0 3.77 MW ML2MW
2001 03 27 0458 122.408 -32.029  10.0 3.46 MW ML2MW
2001 03 29 0008 132.807 -10.417  10.0 3.01 MW ML2MW
2001 03 29 1853 135.364 -27.071  20.6 3.39 MW ML2MW
2001 03 29 1928 115.838 -22.340   0.0 3.01 MW ML2MW
2001 04 12 1822 137.370 -25.673  10.0 3.40 MW ML2MW
2001 04 12 2237 137.692 -25.843  10.0 3.46 MW ML2MW
2001 04 21 0856 127.611 -20.013  10.0 3.46 MW ML2MW
2001 04 25 2337 124.280 -30.910   5.0 3.43 MW ML2MW
2001 05 09 0232 137.330 -35.323  17.4 3.39 MW ML2MW
2001 05 11 0811 127.460 -14.490   0.0 3.77 MW ML2MW
2001 05 21 1119 119.780 -31.984   0.0 3.08 MW ML2MW
2001 05 28 0743 131.680 -26.500  10.0 3.16 MW ML2MW
2001 06 24 1017 119.740 -31.995   0.0 3.01 MW ML2MW
2001 06 26 2256 119.490 -20.170  10.0 3.16 MW ML2MW
2001 06 30 0817 117.822 -32.145   0.0 3.14 MW ML2MW
2001 07 03 0513 121.790 -28.760   7.0 3.01 MW ML2MW
2001 07 19 1107 129.475 -11.984   0.0 3.38 MW ML2MW
2001 07 27 0423 124.366 -18.384   0.0 3.52 MW ML2MW
2001 07 28 1949 126.662 -22.137  10.0 3.61 MW ML2MW
2001 08 10 1014 131.231 -12.487   5.0 3.16 MW ML2MW
2001 08 14 0803 127.580 -22.940   0.0 3.64 MW ML2MW
2001 08 18 0205 122.555 -33.416  10.0 3.16 MW ML2MW
2001 08 25 0338 120.940 -18.870   5.0 3.46 MW ML2MW
2001 09 08 1031 133.529 -34.272   7.2 3.14 MW ML2MW
2001 09 28 0254 117.061 -30.536   2.3 4.99 MW ML2MW
2001 10 06 1631 120.046 -17.656   0.0 3.49 MW ML2MW
2001 10 07 1354 139.767 -24.934   0.0 3.23 MW ML2MW
2001 10 13 0507 129.014 -30.501  12.6 3.09 MW ML2MW
2001 10 19 0418 129.547 -23.601   1.0 3.86 MW ML2MW
2001 10 19 1743 120.628 -33.712  10.0 4.92 MW ML2MW
2001 10 23 0617 124.381 -28.200  10.0 3.08 MW ML2MW
2001 12 26 1854 117.688 -31.380   2.9 3.30 MW ML2MW
2002 01 19 0115 136.857 -34.176   8.8 3.26 MW ML2MW
2002 02 05 1751 122.320 -17.457   0.0 3.50 MW ML2MW
2002 02 06 0448 120.413 -22.785  10.0 3.73 MW ML2MW
2002 02 11 2133 136.300 -29.264   8.1 3.40 MW ML2MW
2002 03 17 0109 125.388 -27.539   5.0 3.31 MW ML2MW
2002 03 24 1156 131.680 -26.691   2.0 3.49 MW ML2MW
2002 04 13 0037 137.714 -26.480  12.0 3.08 MW ML2MW
2002 04 14 0444 128.429 -17.010   0.0 3.01 MW ML2MW
2002 04 15 2244 130.040 -23.151   3.0 3.42 MW ML2MW
2002 04 16 1601 129.965 -23.024   2.0 3.41 MW ML2MW
2002 06 28 1257 130.090 -23.291   5.0 3.27 MW ML2MW
2002 07 18 0423 119.872 -32.195  10.0 3.93 MW ML2MW
2002 07 24 2048 121.243 -30.382  10.0 3.38 MW ML2MW
2002 08 02 1343 121.207 -30.917   3.0 3.86 MW ML2MW
2002 09 09 0657 126.709 -31.527   6.0 3.91 MW ML2MW
2002 10 06 1457 129.274 -22.186   1.0 3.60 MW ML2MW
2002 10 15 0359 118.581 -19.717  10.0 3.97 MW ML2MW
2002 10 25 0425 126.813 -32.415   5.0 3.57 MW ML2MW
2002 10 25 0646 123.114 -15.743   8.0 3.34 MW ML2MW
2002 10 31 2251 123.752 -16.814   0.0 3.10 MW ML2MW
2002 11 01 0855 129.904 -11.931  10.0 4.17 MW ML2MW
2002 11 05 0912 135.239 -22.479  10.0 3.28 MW ML2MW
2002 11 05 1225 123.320 -16.362   0.0 4.09 MW ML2MW
2002 12 28 0924 135.819 -35.248  10.1 3.27 MW ML2MW
2003 01 15 0203 137.306 -25.947  10.0 3.23 MW ML2MW
2003 01 30 1948 135.772 -27.776  11.5 3.01 MW ML2MW
2003 02 01 0849 136.832 -33.427  32.5 3.47 MW ML2MW
2003 02 04 0753 116.974 -20.752   5.0 3.53 MW ML2MW
2003 03 06 0357 126.675 -22.162  10.0 3.30 MW ML2MW
2003 03 18 1906 123.629 -17.086   5.0 3.79 MW ML2MW
2003 03 27 1440 133.274 -33.780  24.1 3.54 MW ML2MW
2003 05 02 1441 137.986 -33.878  19.2 3.16 MW ML2MW
2003 05 03 2237 138.140 -28.062   3.1 3.18 MW ML2MW
2003 05 11 0305 135.095 -27.857   2.4 3.81 MW ML2MW
2003 05 16 0514 136.320 -11.500   5.0 3.08 MW ML2MW
2003 05 19 1705 129.679 -10.713  76.0 3.38 MW mb2MW
2003 05 20 1232 128.431 -16.846   5.0 3.07 MW ML2MW
2003 05 25 2228 118.601 -20.310   0.0 3.06 MW ML2MW
2003 05 27 1023 135.607 -35.217   8.8 3.34 MW ML2MW
2003 05 31 0316 115.589 -26.122  10.0 3.68 MW ML2MW
2003 06 06 1140 126.524 -22.073   0.0 3.23 MW ML2MW
2003 06 21 1551 132.673 -21.097   0.0 3.35 MW ML2MW
2003 07 03 0536 120.149 -25.795  21.8 3.67 MW ML2MW
2003 07 18 1319 119.609 -34.372   5.0 3.10 MW ML2MW
2003 07 18 2008 116.547 -31.172   0.0 3.08 MW ML2MW
2003 07 27 2257 125.142 -19.012  10.0 3.31 MW ML2MW
2003 08 07 0510 129.882 -23.343   0.0 3.26 MW ML2MW
2003 08 15 0541 122.647 -28.608   0.0 3.23 MW ML2MW
2003 09 16 1616 130.389 -22.676   0.0 3.27 MW ML2MW
2003 10 31 1214 138.146 -13.874  10.0 3.23 MW ML2MW
2003 12 03 0003 135.737 -34.191   5.0 3.20 MW ML2MW
2003 12 05 2226 126.844 -18.387  10.0 3.88 MW mb2MW
2004 01 17 1608 122.396 -18.783  10.0 3.90 MW ML2MW
2004 01 23 0928 132.786 -22.297  10.0 3.35 MW ML2MW
2004 01 23 1531 123.549 -31.672  14.9 4.23 MW ML2MW
2004 01 26 2039 131.849 -26.181  10.0 3.30 MW ML2MW
2004 02 03 2339 117.094 -30.746   0.0 3.14 MW ML2MW
2004 02 11 0930 130.100 -22.498  12.5 4.90 MW GCMT
2004 02 11 1935 121.132 -31.129   0.0 3.06 MW ML2MW
2004 02 18 1541 131.671 -27.600  27.6 3.10 MW ML2MW
2004 02 23 1723 125.571 -20.832   5.0 3.76 MW ML2MW
2004 03 01 2233 123.171 -32.423   1.7 3.28 MW ML2MW
2004 03 05 0011 127.084 -32.346  10.0 4.30 MW ML2MW
2004 03 24 0627 124.144 -29.849  10.0 3.24 MW ML2MW
2004 04 03 0729 128.715 -16.756  10.0 3.31 MW ML2MW
2004 04 10 0555 130.093 -25.064  10.0 3.23 MW ML2MW
2004 04 11 0347 140.659 -20.035   0.0 3.01 MW ML2MW
2004 05 05 1008 131.071 -26.042  10.0 3.50 MW ML2MW
2004 05 31 2232 121.760 -31.326   0.0 3.65 MW ML2MW
2004 06 07 1340 125.483 -27.695   6.8 3.71 MW ML2MW
2004 07 01 1158 127.590 -22.940   0.0 3.03 MW ML2MW
2004 07 11 0435 137.635 -28.714  16.0 3.01 MW ML2MW
2004 07 18 1417 116.900 -20.800   0.0 3.04 MW ML2MW
2004 08 14 1537 130.950 -26.090   0.8 3.49 MW ML2MW
2004 09 04 1044 117.030 -30.902   1.7 3.07 MW ML2MW
2004 09 10 0847 117.061 -30.550   5.0 3.22 MW ML2MW
2004 09 25 1510 129.152 -16.776  10.0 4.00 MW ML2MW
2004 10 11 1225 117.098 -30.879   0.0 3.29 MW ML2MW
2004 10 18 2227 127.437 -16.527   9.0 3.06 MW ML2MW
2004 11 01 1315 124.844 -19.111   8.9 3.92 MW ML2MW
2004 11 23 1050 127.153 -16.937  10.0 3.97 MW ML2MW
2004 11 24 0242 117.726 -30.548  10.0 4.16 MW Allen et al. (2006)
2004 11 25 0559 137.477 -35.654  32.5 3.09 MW ML2MW
2004 12 13 1326 117.070 -30.427   2.1 3.22 MW ML2MW
2004 12 16 0955 125.120 -17.597  11.8 3.54 MW ML2MW
2004 12 23 0427 124.414 -15.048   0.0 3.85 MW ML2MW
2004 12 27 0337 136.859 -33.362  19.0 3.06 MW ML2MW
2005 01 03 0040 117.479 -30.652   1.5 3.61 MW ML2MW
2005 01 09 1711 120.740 -20.613   0.0 3.62 MW ML2MW
2005 01 24 0943 122.587 -17.530  10.0 3.75 MW ML2MW
2005 01 27 1717 119.236 -31.416   5.4 3.60 MW ML2MW
2005 01 27 1729 122.381 -32.467  10.0 3.45 MW ML2MW
2005 02 16 1826 131.537 -31.461   9.2 3.04 MW ML2MW
2005 02 18 1757 121.085 -32.827   0.0 3.43 MW ML2MW
2005 02 24 1657 117.485 -30.629   2.5 3.46 MW ML2MW
2005 02 27 0617 118.282 -33.606   0.0 3.68 MW ML2MW
2005 03 13 0209 131.694 -26.205   5.0 4.40 MW ML2MW
2005 03 15 1249 116.844 -32.527   0.0 3.00 MW ML2MW
2005 03 16 0127 117.464 -30.639   2.6 3.55 MW Allen et al. (2006)
2005 03 17 1636 116.604 -31.116  10.4 3.00 MW ML2MW
2005 03 18 1104 117.343 -30.717  10.0 3.08 MW ML2MW
2005 03 19 0729 130.868 -26.091  10.0 3.96 MW ML2MW
2005 03 22 1951 119.610 -21.004  10.0 4.11 MW ML2MW
2005 03 25 0416 117.217 -31.160   5.0 3.14 MW ML2MW
2005 03 29 1615 126.605 -22.144   5.0 3.46 MW ML2MW
2005 04 02 0914 127.241 -16.645   0.0 3.12 MW ML2MW
2005 04 14 1717 118.344 -33.507   0.0 3.06 MW ML2MW
2005 04 18 1353 118.273 -33.614   2.0 3.07 MW ML2MW
2005 05 01 0943 117.912 -30.194   2.7 4.08 MW ML2MW
2005 05 04 1845 117.319 -25.932   9.0 3.37 MW ML2MW
2005 05 14 1333 136.741 -28.687  26.1 3.79 MW ML2MW
2005 05 18 2339 119.374 -20.108  26.0 4.50 MW ML2MW
2005 05 27 1210 117.447 -30.650   4.3 3.46 MW ML2MW
2005 06 09 1644 115.068 -23.093  14.5 3.62 MW ML2MW
2005 06 12 1051 117.108 -30.802   2.3 4.24 MW ML2MW
2005 06 12 2036 117.030 -30.558   7.6 4.40 MW ML2MW
2005 06 16 0429 135.561 -34.138   9.3 3.69 MW ML2MW
2005 06 30 0525 135.741 -29.070   6.2 3.23 MW ML2MW
2005 09 21 2246 117.165 -30.146   2.0 4.06 MW Ghasemi et al (2016)
2005 11 08 0922 143.969 -16.804   7.8 3.38 MW ML2MW
2005 11 15 1450 128.666 -16.486   2.0 3.24 MW ML2MW
2005 11 25 2032 117.195 -30.134   2.2 3.68 MW ML2MW
2005 12 01 0152 117.038 -30.536   2.5 3.14 MW ML2MW
2005 12 26 0750 128.746 -16.133   0.0 3.11 MW ML2MW
2006 01 22 0049 135.890 -28.087   3.3 3.16 MW ML2MW
2006 01 25 1158 135.562 -34.157   4.4 3.68 MW ML2MW
2006 02 16 0046 122.536 -17.735  10.0 3.21 MW mb2MW
2006 03 07 0106 117.142 -30.146   2.2 3.68 MW ML2MW
2006 03 29 1257 117.685 -30.280   0.0 3.23 MW ML2MW
2006 04 01 0109 130.972 -26.046  10.0 3.97 MW mb2MW
2006 04 02 0839 119.081 -22.368  10.0 3.99 MW ML2MW
2006 04 24 1245 137.742 -25.734   0.0 3.05 MW mb2MW
2006 05 02 0247 137.341 -25.877  10.0 3.55 MW ML2MW
2006 05 13 0104 135.595 -27.709  10.0 4.14 MW mb2MW
2006 05 24 2134 129.984 -23.204  10.0 3.80 MW ML2MW
2006 05 24 2200 127.138 -16.534   2.3 3.12 MW ML2MW
2006 05 26 0738 128.691 -16.664   0.0 3.16 MW ML2MW
2006 06 03 1626 121.808 -16.813  10.0 3.25 MW ML2MW
2006 06 06 1534 117.838 -25.119  10.0 4.42 MW ML2MW
2006 06 15 1520 131.777 -23.003   0.0 3.04 MW ML2MW
2006 06 17 2041 132.479 -21.248   0.0 3.04 MW ML2MW
2006 07 04 1608 121.526 -30.779   7.0 3.27 MW ML2MW
2006 07 17 0645 136.913 -34.175   4.4 3.52 MW ML2MW
2006 08 12 2313 136.023 -28.239  18.1 3.09 MW ML2MW
2006 09 02 1547 116.609 -24.482   2.0 3.60 MW ML2MW
2006 09 13 0547 126.611 -22.141  10.0 3.31 MW ML2MW
2006 09 18 0823 123.289 -17.686   0.0 3.21 MW mb2MW
2006 10 04 1500 135.638 -34.171  10.1 3.28 MW ML2MW
2006 10 13 1106 144.339 -17.468   4.0 3.38 MW ML2MW
2006 11 28 2151 123.951 -28.561   9.0 3.19 MW ML2MW
2006 12 07 1058 117.411 -25.188  14.0 3.45 MW ML2MW
2006 12 21 1210 121.456 -30.731   0.0 3.16 MW ML2MW
2007 02 05 1717 125.413 -19.294   5.0 3.22 MW ML2MW
2007 02 09 1634 123.613 -17.818  15.0 3.34 MW ML2MW
2007 02 17 1344 126.617 -17.903   0.0 3.46 MW ML2MW
2007 02 28 2022 123.232 -18.723  16.0 3.55 MW ML2MW
2007 03 02 1019 136.708 -23.580   6.9 3.62 MW ML2MW
2007 03 06 0407 124.341 -29.933   1.0 3.85 MW ML2MW
2007 03 28 0423 136.115 -28.281   8.5 3.16 MW ML2MW
2007 04 05 0942 132.208 -24.721   0.0 3.01 MW ML2MW
2007 04 20 0719 132.900 -26.572   0.0 3.23 MW ML2MW
2007 04 25 2027 127.151 -18.119   0.0 3.21 MW ML2MW
2007 06 05 1039 135.613 -28.175  10.0 3.09 MW ML2MW
2007 07 01 1356 128.633 -23.003  10.0 3.85 MW ML2MW
2007 08 03 0838 120.571 -23.394   0.0 3.08 MW ML2MW
2007 08 05 0712 117.648 -33.185  17.0 3.59 MW ML2MW
2007 08 24 0609 128.672 -16.657   0.0 3.08 MW ML2MW
2007 08 26 0034 115.369 -22.145   6.0 3.37 MW ML2MW
2007 08 30 2232 135.998 -28.050   0.0 3.08 MW ML2MW
2007 09 10 0320 130.369 -15.344   9.0 3.13 MW ML2MW
2007 09 28 0840 120.660 -23.150   0.0 3.23 MW ML2MW
2007 10 09 2358 117.505 -33.946   0.0 4.74 MW Dawson et al. (2008); Somerville et al. (2009); Ghasemi et al (2016)
2007 11 05 0641 129.666 -22.390   0.0 3.39 MW ML2MW
2007 11 12 1326 121.519 -30.699   4.0 3.09 MW ML2MW
2007 11 19 2001 143.735 -12.336  24.0 4.63 MW ML2MW
2007 11 26 1005 123.719 -30.127   2.0 3.41 MW ML2MW
2007 11 27 0248 115.047 -23.219  10.0 3.77 MW ML2MW
2007 12 01 2058 129.657 -22.291  10.0 3.39 MW ML2MW
2008 01 13 1616 117.069 -26.650   2.5 3.14 MW ML2MW
2008 01 18 1040 118.590 -30.534  13.9 3.07 MW ML2MW
2008 01 19 1224 122.127 -33.016   0.0 3.35 MW ML2MW
2008 02 22 0258 123.526 -19.097   2.1 3.25 MW ML2MW
2008 03 17 0656 137.427 -25.975  10.0 3.63 MW ML2MW
2008 03 19 0717 134.047 -19.654  15.0 3.62 MW ML2MW
2008 03 20 0515 126.017 -23.696   0.0 3.00 MW ML2MW
2008 03 24 1731 118.385 -30.668  12.8 3.22 MW ML2MW
2008 04 05 1204 117.781 -30.349   1.1 3.00 MW ML2MW
2008 04 10 0813 116.960 -30.429  12.0 3.07 MW ML2MW
2008 04 12 2353 118.023 -30.925   6.0 3.01 MW ML2MW
2008 04 17 1822 122.519 -18.709  10.0 3.28 MW ML2MW
2008 04 21 0729 117.210 -30.581  10.0 3.08 MW ML2MW
2008 05 03 2214 117.365 -31.168   5.0 3.76 MW ML2MW
2008 05 17 0036 116.975 -30.117   0.0 3.52 MW ML2MW
2008 05 17 0905 117.501 -30.664  11.1 3.01 MW ML2MW
2008 05 20 0825 129.609 -23.363   0.0 3.55 MW ML2MW
2008 05 28 0430 122.323 -18.596   0.0 4.46 MW ML2MW
2008 06 23 1317 127.722 -18.176   0.0 3.03 MW ML2MW
2008 07 02 0240 121.473 -30.739   0.0 3.56 MW ML2MW
2008 07 04 1525 125.965 -31.700   0.6 3.11 MW ML2MW
2008 07 09 2345 125.223 -26.034   1.4 4.62 MW Ghasemi et al (2016)
2008 07 20 1908 135.818 -28.268  10.0 3.09 MW ML2MW
2008 07 20 2114 116.759 -32.004   3.0 3.03 MW ML2MW
2008 07 27 0644 127.744 -18.144   0.0 3.18 MW ML2MW
2008 08 01 1727 117.132 -30.495   0.0 3.41 MW ML2MW
2008 08 07 2354 137.597 -34.159  12.2 3.01 MW ML2MW
2008 10 02 0514 135.231 -33.792  28.1 3.29 MW ML2MW
2008 11 06 1456 116.655 -30.876   8.0 3.49 MW ML2MW
2008 11 14 2115 129.800 -12.600   0.0 3.18 MW ML2MW
2008 12 05 1530 127.550 -22.203   3.0 3.33 MW ML2MW
2008 12 15 1652 118.889 -30.409   7.2 3.18 MW ML2MW
2009 01 14 2257 133.172 -29.228  12.5 3.19 MW ML2MW
2009 02 11 0802 116.640 -33.390  10.0 3.03 MW ML2MW
2009 03 14 1309 136.032 -28.391  28.4 3.16 MW ML2MW
2009 04 03 1531 120.822 -31.973   0.0 3.03 MW ML2MW
2009 04 04 1240 133.943 -33.593   8.7 4.03 MW ML2MW
2009 04 06 2050 117.191 -31.950   0.0 3.33 MW ML2MW
2009 04 07 2126 121.461 -30.785   0.0 3.41 MW ML2MW
2009 04 08 0531 116.881 -34.148   0.0 4.19 MW ML2MW
2009 04 14 0140 135.762 -27.990  10.3 3.77 MW ML2MW
2009 04 28 1906 121.553 -30.644   3.0 3.41 MW ML2MW
2009 06 21 0608 124.631 -30.308  10.0 3.41 MW ML2MW
2009 08 09 2117 117.734 -30.234   3.5 3.11 MW ML2MW
2009 08 20 1157 135.676 -34.113   6.7 3.06 MW ML2MW
2009 09 20 2058 136.101 -27.550  17.4 3.54 MW ML2MW
2009 10 02 0506 137.780 -11.790   0.0 3.69 MW ML2MW
2009 10 12 0658 133.978 -19.542  16.7 3.03 MW ML2MW
2009 10 16 0224 133.119 -34.419  32.3 4.27 MW ML2MW
2009 10 24 1626 120.659 -33.468  10.0 4.23 MW MS2MW
2009 11 03 0654 125.792 -27.579   9.5 3.64 MW ML2MW
2009 11 08 0541 138.819 -10.450  30.0 3.93 MW ML2MW
2009 11 17 1227 136.415 -27.935  33.0 3.31 MW ML2MW
2010 01 05 0555 128.600 -17.009  10.0 3.42 MW ML2MW
2010 01 14 2135 120.278 -33.147   0.0 3.03 MW ML2MW
2010 01 26 1825 115.510 -26.080   3.7 3.87 MW ML2MW
2010 02 03 0502 138.098 -28.157   7.6 3.82 MW ML2MW
2010 02 14 1014 122.307 -32.506   0.0 3.46 MW ML2MW
2010 03 11 1257 132.472 -22.413   0.0 3.26 MW ML2MW
2010 03 20 1056 126.785 -18.718   1.0 3.11 MW ML2MW
2010 03 23 0340 128.712 -15.797   3.0 3.49 MW ML2MW
2010 04 03 2050 118.316 -30.683   0.0 3.03 MW ML2MW
2010 04 11 1202 132.830 -16.924  20.0 3.63 MW ML2MW
2010 04 20 0017 121.770 -30.745  10.0 4.16 MW Ghasemi et al (2016)
2010 04 21 1545 118.049 -32.322   3.0 3.26 MW ML2MW
2010 04 22 1122 121.520 -32.838   0.0 3.03 MW ML2MW
2010 04 30 0038 117.763 -30.754   7.0 3.22 MW ML2MW
2010 06 04 1056 121.385 -30.726   0.0 3.07 MW ML2MW
2010 06 05 2147 136.719 -33.589  22.4 4.77 MW ML2MW
2010 06 09 1541 123.256 -22.166   0.0 3.29 MW ML2MW
2010 06 10 1749 138.263 -27.989   0.0 3.12 MW ML2MW
2010 06 21 0404 129.752 -21.524   5.0 3.65 MW ML2MW
2010 07 05 1434 118.336 -24.916   0.0 3.17 MW ML2MW
2010 07 27 0635 128.845 -23.113   0.0 3.13 MW ML2MW
2010 07 29 1359 116.460 -30.640   1.0 3.18 MW ML2MW
2010 07 31 1656 136.822 -30.483   0.0 3.13 MW ML2MW
2010 08 18 2054 117.219 -25.345   1.0 3.07 MW ML2MW
2010 08 26 1108 121.148 -21.221   0.0 3.03 MW ML2MW
2010 08 30 1349 134.033 -20.633  10.0 3.33 MW ML2MW
2010 09 02 0427 117.799 -30.855   0.0 3.15 MW ML2MW
2010 09 03 1505 123.232 -20.281  10.0 3.03 MW ML2MW
2010 09 19 2123 121.642 -30.745   1.0 3.68 MW ML2MW
2010 09 26 2259 117.447 -30.520   0.0 3.33 MW ML2MW
2010 10 14 1100 135.707 -23.319   0.0 3.34 MW ML2MW
2010 10 17 1053 117.759 -30.209   0.0 3.25 MW ML2MW
2010 10 23 0340 135.957 -34.040   3.7 3.15 MW ML2MW
2010 10 24 1017 124.228 -30.582  31.0 3.13 MW ML2MW
2010 10 27 0825 135.708 -25.995   0.0 3.68 MW ML2MW
2010 10 30 2335 118.208 -33.303   2.1 3.18 MW ML2MW
2010 11 08 1941 119.162 -31.113  10.0 3.10 MW ML2MW
2010 11 10 0104 136.649 -23.320  10.0 3.42 MW ML2MW
2010 11 18 0400 137.379 -35.423  11.9 3.14 MW ML2MW
2010 12 02 1224 130.429 -11.930   0.0 3.11 MW ML2MW
2010 12 03 0040 135.964 -34.066   5.8 3.01 MW ML2MW
2010 12 05 1325 128.900 -14.885  30.0 3.74 MW ML2MW
2010 12 22 2253 117.782 -30.661   5.0 3.05 MW ML2MW
2010 12 25 1201 129.721 -22.197  15.0 3.50 MW ML2MW
2011 01 04 1640 135.653 -34.104  10.7 3.54 MW ML2MW
2011 01 11 0311 124.491 -27.997   0.0 3.95 MW ML2MW
2011 01 15 0038 136.497 -33.586  27.3 3.89 MW ML2MW
2011 01 30 0857 118.105 -30.535   0.0 3.08 MW ML2MW
2011 02 21 2159 135.420 -20.903   0.6 3.97 MW Ghasemi et al (2016)
2011 02 24 0226 120.084 -26.564  10.0 3.32 MW ML2MW
2011 02 28 1631 116.333 -20.564   6.0 3.64 MW ML2MW
2011 03 26 1922 135.777 -27.828  36.0 3.37 MW ML2MW
2011 04 02 0607 117.345 -25.055   0.0 4.13 MW ML2MW
2011 04 04 1203 127.984 -17.452   0.0 3.02 MW ML2MW
2011 04 14 0118 123.730 -18.197  20.0 3.56 MW ML2MW
2011 04 26 1427 117.155 -30.508   0.0 3.68 MW ML2MW
2011 05 07 0523 123.021 -17.833  10.0 3.75 MW ML2MW
2011 05 12 1836 122.068 -32.463  19.0 3.43 MW ML2MW
2011 05 20 2003 119.504 -23.567  10.0 4.77 MW ML2MW
2011 07 02 0048 123.958 -18.366   0.0 3.27 MW ML2MW
2011 07 07 0001 121.473 -30.832   0.0 3.01 MW ML2MW
2011 07 14 0551 120.356 -20.865  12.0 4.27 MW Ghasemi et al (2016)
2011 07 17 0122 117.800 -31.837   2.0 3.07 MW ML2MW
2011 07 27 0402 121.529 -30.573   0.0 3.58 MW ML2MW
2011 08 11 1753 127.420 -18.698   4.0 3.06 MW ML2MW
2011 08 17 1109 128.677 -16.919   0.0 3.55 MW mb2MW
2011 09 01 0156 123.300 -18.845  10.0 3.78 MW ML2MW
2011 09 27 1913 117.800 -30.642   2.0 3.42 MW ML2MW
2011 10 05 1706 117.236 -33.730  16.0 3.72 MW ML2MW
2011 10 11 2122 117.135 -30.161  11.0 3.09 MW ML2MW
2011 10 27 0705 126.529 -22.061  10.0 3.16 MW ML2MW
2011 11 01 0111 117.611 -31.151  10.0 3.09 MW ML2MW
2011 11 02 0332 121.474 -30.871   4.0 3.08 MW ML2MW
2011 11 26 2059 138.351 -26.012  28.2 3.36 MW ML2MW
2011 11 27 0654 117.560 -30.633   0.0 3.15 MW ML2MW
2011 12 14 0549 123.152 -32.513  15.0 3.64 MW ML2MW
2011 12 27 1410 120.296 -26.741  10.0 3.13 MW ML2MW
2012 01 10 1844 118.222 -33.308   0.0 3.50 MW ML2MW
2012 01 24 1142 116.935 -30.449  10.6 3.33 MW ML2MW
2012 03 09 0616 117.840 -30.410   8.0 3.71 MW ML2MW
2012 03 10 0530 117.005 -34.125  10.0 3.20 MW ML2MW
2012 03 13 1848 116.347 -28.795   0.0 3.06 MW ML2MW
2012 03 13 2026 117.186 -34.134  15.0 3.34 MW ML2MW
2012 03 21 1707 136.098 -28.376   4.9 3.88 MW ML2MW
2012 03 23 0925 131.971 -26.178  10.0 5.18 MW Ghasemi et al (2016)
2012 03 25 1657 117.843 -30.405  10.0 3.71 MW ML2MW
2012 03 25 2053 136.850 -30.440   0.0 3.73 MW ML2MW
2012 04 21 0133 118.203 -31.222  11.0 3.33 MW ML2MW
2012 05 10 2228 115.850 -23.903  10.0 3.10 MW ML2MW
2012 06 03 0920 129.173 -17.083  15.0 3.31 MW ML2MW
2012 06 17 0339 135.512 -27.697  10.0 3.07 MW ML2MW
2012 06 29 1228 136.882 -23.931  10.0 3.42 MW ML2MW
2012 07 18 0920 117.794 -30.429   2.0 3.79 MW ML2MW
2012 08 14 0051 117.789 -30.452  10.0 3.45 MW ML2MW
2012 08 19 1627 135.472 -27.528   7.7 3.41 MW ML2MW
2012 08 28 1942 117.773 -30.438   5.0 3.26 MW ML2MW
2012 09 14 1710 129.475 -20.951   5.0 3.49 MW ML2MW
2012 09 26 0522 132.163 -26.054  13.0 3.53 MW ML2MW
2012 09 26 1737 121.072 -30.996  10.0 3.39 MW ML2MW
2012 10 07 0320 120.630 -27.768   0.0 3.61 MW ML2MW
2012 10 12 1927 127.681 -22.881  10.0 3.51 MW ML2MW
2012 11 05 1931 129.045 -11.546  39.0 4.35 MW ML2MW
2012 11 08 0356 127.209 -29.907  32.5 3.66 MW ML2MW
2012 11 14 2023 117.802 -30.322   2.0 3.15 MW ML2MW
2012 11 21 0621 128.603 -22.974  10.0 3.47 MW ML2MW
2012 11 28 2235 125.943 -27.757   0.0 3.89 MW Ghasemi et al (2016)
2012 11 30 1624 122.560 -32.374  14.0 3.07 MW ML2MW
2012 12 01 1719 127.661 -16.195  10.0 3.74 MW ML2MW
2012 12 09 0741 117.608 -31.232   0.0 3.17 MW ML2MW
2012 12 12 2048 118.824 -32.261  10.0 3.05 MW ML2MW
2012 12 22 0929 122.512 -32.529  10.0 3.04 MW ML2MW
2013 01 05 0232 120.611 -27.808   0.0 3.07 MW ML2MW
2013 01 07 0814 116.004 -25.380  13.0 3.40 MW ML2MW
2013 02 01 0949 117.427 -30.650   2.0 3.43 MW ML2MW
2013 02 13 1649 136.589 -12.796  10.0 4.11 MW ML2MW
2013 02 16 1438 118.883 -32.252   6.0 3.00 MW ML2MW
2013 02 20 0957 137.357 -35.489  18.8 3.58 MW ML2MW
2013 03 03 0927 119.045 -32.410  10.0 3.00 MW ML2MW
2013 03 03 2136 119.276 -32.375   1.0 3.63 MW ML2MW
2013 03 05 0637 117.431 -30.654   4.0 3.05 MW ML2MW
2013 03 08 2159 122.228 -21.738  10.0 3.25 MW ML2MW
2013 03 15 0440 127.693 -22.755  10.0 3.55 MW ML2MW
2013 03 20 2314 123.373 -17.630  10.0 3.01 MW ML2MW
2013 03 27 2335 136.957 -33.431   7.2 3.25 MW ML2MW
2013 04 12 0949 120.471 -21.302  20.0 3.35 MW ML2MW
2013 05 01 1941 136.747 -30.357   0.0 3.46 MW ML2MW
2013 05 17 1511 117.456 -30.619   4.0 3.57 MW ML2MW
2013 06 03 2025 116.977 -34.292   0.0 3.21 MW ML2MW
2013 06 05 1317 121.548 -20.263   0.0 3.42 MW ML2MW
2013 06 06 0944 121.471 -30.696   0.0 3.07 MW ML2MW
2013 06 09 1422 132.230 -25.953  33.4 5.38 MW Ghasemi et al (2016)
2013 06 12 1330 127.743 -22.752   0.0 3.64 MW ML2MW
2013 06 13 1530 117.439 -30.628   5.0 3.28 MW ML2MW
2013 06 25 2048 116.234 -28.805   0.0 3.49 MW ML2MW
2013 07 05 0153 117.591 -33.458   5.0 3.25 MW ML2MW
2013 07 23 0934 117.905 -30.857   9.0 3.01 MW ML2MW
2013 07 29 0521 131.669 -22.675   0.0 3.38 MW ML2MW
2013 08 01 0416 117.959 -30.913   0.0 3.15 MW ML2MW
2013 08 14 1139 136.749 -33.577  13.7 3.41 MW ML2MW
2013 08 21 1102 117.655 -33.449   0.0 3.17 MW ML2MW
2013 08 24 0639 123.662 -30.872   0.0 3.12 MW ML2MW
2013 09 13 1158 120.930 -20.993   2.0 3.50 MW ML2MW
2013 09 22 1928 117.619 -33.457   5.0 3.22 MW ML2MW
2013 09 28 0400 129.119 -15.610   0.0 3.52 MW ML2MW
2013 09 30 2114 121.498 -31.898  12.0 3.95 MW ML2MW
2013 10 04 2003 117.658 -30.622   0.0 3.66 MW ML2MW
2013 10 14 1554 130.825 -24.050   0.0 3.01 MW ML2MW
2013 10 30 2225 120.746 -27.786   0.0 4.01 MW ML2MW
2013 11 18 1743 128.660 -16.606   0.0 3.28 MW ML2MW
2013 11 25 1539 124.529 -19.312  10.0 3.23 MW ML2MW
2013 12 01 1250 117.383 -30.669  17.0 3.07 MW ML2MW
2013 12 07 0625 117.116 -30.495   9.0 3.17 MW ML2MW
2013 12 07 2024 125.528 -31.506  10.0 3.16 MW ML2MW
2013 12 14 1432 117.026 -32.248  13.0 3.47 MW ML2MW
2013 12 15 0732 125.637 -31.637  10.0 3.14 MW ML2MW
2013 12 16 1702 117.479 -30.613  10.0 3.04 MW ML2MW
2013 12 16 1838 125.154 -21.811  15.0 3.24 MW ML2MW
2013 12 23 0852 116.269 -31.187   1.0 3.12 MW ML2MW
2013 12 30 0907 128.700 -16.604   0.0 3.45 MW ML2MW
2014 01 16 2054 129.678 -15.073  10.0 3.31 MW ML2MW
2014 01 17 1609 135.277 -27.537  15.8 3.02 MW ML2MW
2014 01 22 1100 136.555 -28.874  18.2 3.24 MW ML2MW
2014 01 24 0032 117.678 -30.610   0.0 3.36 MW ML2MW
2014 01 31 0303 117.585 -33.454   6.0 3.27 MW ML2MW
2014 02 01 0526 119.627 -34.614  10.0 3.17 MW ML2MW
2014 02 06 1341 129.565 -15.058  10.0 3.47 MW ML2MW
2014 02 09 1053 117.740 -30.491   3.0 3.11 MW ML2MW
2014 02 15 0458 125.979 -31.640   0.0 3.31 MW ML2MW
2014 02 26 0000 121.187 -30.679   0.0 4.32 MW Ghasemi et al (2016)
2014 03 01 1414 122.304 -17.698  10.0 3.26 MW ML2MW
2014 03 06 2349 117.761 -30.402   0.0 3.19 MW ML2MW
2014 03 16 0324 124.438 -17.414  10.0 3.64 MW ML2MW
2014 04 01 0701 117.768 -30.422   2.0 3.36 MW ML2MW
2014 04 05 0255 117.778 -30.414   7.0 3.39 MW ML2MW
2014 05 01 0817 126.419 -18.205   5.0 3.12 MW ML2MW
2014 05 04 2237 128.589 -23.005  10.0 3.91 MW Ghasemi et al (2016)
2014 05 11 2034 117.474 -30.618  12.0 3.22 MW ML2MW
2014 06 02 1012 126.236 -32.693  10.0 3.34 MW ML2MW
2014 06 04 0229 137.615 -29.902   8.6 4.52 MW ML2MW
2014 06 07 0554 135.116 -27.225  27.4 3.18 MW ML2MW
2014 07 08 0649 116.172 -30.463  10.0 3.09 MW ML2MW
2014 07 09 1555 127.320 -23.122  10.0 3.30 MW ML2MW
2014 07 16 0035 128.382 -25.718  10.0 3.44 MW ML2MW
2014 07 19 2152 117.917 -19.503  23.0 3.15 MW ML2MW
2014 07 22 1949 117.689 -30.642  10.0 3.42 MW ML2MW
2014 08 02 0517 116.804 -29.192   0.0 3.08 MW ML2MW
2014 08 17 0228 119.335 -23.055   0.0 3.01 MW ML2MW
2014 08 30 1043 136.466 -33.816   4.4 3.06 MW ML2MW
2014 08 30 1044 136.466 -33.816   4.4 3.09 MW ML2MW
2014 09 04 0644 117.840 -30.480  10.0 3.16 MW ML2MW
2014 09 04 0653 117.787 -30.386  10.0 3.05 MW ML2MW
2014 09 05 1407 143.895 -16.949   0.0 3.29 MW ML2MW
2014 09 06 1354 124.413 -30.018  13.0 3.16 MW ML2MW
2014 09 08 1257 117.207 -33.710  12.0 3.41 MW ML2MW
2014 09 18 0321 126.970 -31.646  15.0 3.17 MW ML2MW
2014 09 26 1538 119.534 -20.100  10.0 4.02 MW Ghasemi et al (2016)
2014 10 09 1545 127.132 -18.137   9.0 3.24 MW ML2MW
2014 10 30 1734 117.919 -30.310  10.0 3.24 MW ML2MW
2014 10 31 1915 121.232 -30.815  10.0 3.88 MW Ghasemi et al (2016)
2014 11 04 1555 121.133 -30.920   9.0 3.11 MW ML2MW
2014 11 12 0200 125.666 -18.287  18.0 3.64 MW ML2MW
2014 12 01 1025 131.300 -21.716  10.0 3.97 MW ML2MW
2014 12 03 0246 117.668 -30.617   6.0 3.41 MW ML2MW
2014 12 05 0357 117.153 -30.738   5.2 3.44 MW ML2MW
2014 12 05 2316 123.450 -19.017  10.0 3.26 MW ML2MW
2014 12 06 0609 127.388 -17.616  10.0 3.46 MW ML2MW
2014 12 08 0526 116.807 -29.142  10.0 3.11 MW ML2MW
2015 01 06 1241 133.071 -26.862   4.0 3.62 MW ML2MW
2015 01 18 1557 121.176 -30.697  10.0 3.24 MW ML2MW
2015 01 23 0556 121.488 -31.424   4.0 3.39 MW ML2MW
2015 02 13 2215 121.532 -30.627  13.0 3.70 MW ML2MW
2015 03 05 1458 117.298 -30.285  14.0 3.36 MW ML2MW
2015 03 08 2341 137.475 -25.884  24.5 3.01 MW ML2MW
2015 03 15 1134 121.489 -33.545  10.0 3.33 MW ML2MW
2015 03 18 0549 131.356 -17.946  15.0 3.38 MW ML2MW
2015 03 26 0328 136.625 -33.351  10.6 3.03 MW ML2MW
2015 04 13 0225 122.621 -17.544  10.0 3.10 MW ML2MW
2015 04 23 0405 116.328 -25.542  16.0 3.02 MW ML2MW
2015 04 26 2242 121.234 -30.760  15.0 3.35 MW ML2MW
2015 04 28 1816 124.700 -18.383  10.0 3.27 MW ML2MW
2015 05 02 2131 132.111 -25.916  23.0 3.16 MW ML2MW
2015 05 11 1331 127.779 -18.152  10.0 3.03 MW ML2MW
2015 05 16 1450 127.875 -17.295  10.0 3.13 MW ML2MW
2015 05 23 2107 128.744 -16.873  10.0 3.63 MW ML2MW
2015 06 03 2115 121.301 -30.856   0.0 3.07 MW ML2MW
2015 06 04 1802 134.048 -19.708  10.0 3.13 MW ML2MW
2015 06 08 1539 129.764 -14.588   3.0 3.01 MW ML2MW
2015 06 10 2352 121.369 -30.922  15.0 3.16 MW ML2MW
2015 06 19 2210 136.722 -33.481  25.6 3.11 MW ML2MW
2015 06 22 1258 119.190 -33.209   0.0 3.05 MW ML2MW
2015 07 24 1137 123.050 -30.517  10.0 3.16 MW ML2MW
2015 09 02 1640 116.086 -33.092  10.0 3.43 MW ML2MW
2015 09 28 0012 117.927 -31.878  10.0 3.23 MW ML2MW
2015 10 07 2030 121.874 -17.229  14.0 4.22 MW ML2MW
2015 10 13 0654 120.751 -22.569  13.0 4.08 MW Ghasemi et al (2016)
2015 10 27 0632 126.526 -20.267  10.0 3.56 MW ML2MW
2015 11 01 2333 117.846 -30.875  12.0 3.21 MW ML2MW
2015 11 11 2012 130.546 -12.181  20.0 3.33 MW ML2MW
2015 11 28 1952 128.752 -16.593   6.0 3.13 MW ML2MW
2015 12 05 1548 120.862 -21.295  10.0 3.89 MW ML2MW
2015 12 06 2212 118.086 -33.508  10.0 3.12 MW ML2MW
2015 12 10 0208 117.858 -25.611  10.0 3.18 MW ML2MW
2015 12 18 0200 132.059 -16.293   8.0 3.55 MW ML2MW
2015 12 24 1748 136.855 -33.416  28.6 3.23 MW ML2MW
2015 12 25 0712 138.109 -25.613  32.1 3.29 MW ML2MW
2016 01 20 1006 116.673 -25.500  10.0 3.06 MW ML2MW
2016 03 02 0436 117.714 -33.480  15.0 3.10 MW ML2MW
2016 03 16 0738 120.836 -21.307  15.0 3.37 MW ML2MW
2016 03 20 0638 136.824 -28.894  29.0 3.16 MW ML2MW
2016 03 24 0453 120.530 -21.512  20.0 3.32 MW ML2MW
2016 03 30 1334 117.276 -30.304  17.0 3.30 MW ML2MW
2016 03 30 1334 117.276 -30.304  17.0 3.29 MW ML2MW
2016 03 30 1334 117.263 -30.348   3.3 3.30 MW ML2MW
2016 03 30 1334 117.263 -30.348   3.3 3.29 MW ML2MW
2016 04 25 2030 121.233 -30.650  10.0 3.48 MW ML2MW
2016 04 30 1945 123.858 -19.061  10.0 3.33 MW ML2MW
2016 05 01 1525 137.160 -29.681  10.0 3.21 MW ML2MW
2016 05 16 2013 128.602 -22.904  10.0 4.15 MW Ghasemi et al (2016)
2016 05 20 1814 129.832 -25.579   0.0 6.06 MW GCMT; Ghasemi et al (2016)
2016 05 22 2111 136.289 -33.934  10.0 3.03 MW ML2MW
2016 05 23 1500 117.737 -30.455  10.0 3.43 MW ML2MW
2016 06 01 2230 116.942 -32.154   7.0 3.12 MW ML2MW
2016 06 09 1018 124.392 -30.880  10.0 3.63 MW ML2MW
2016 06 10 0149 126.347 -28.009   0.0 3.21 MW ML2MW
2016 06 13 1512 118.454 -30.708  10.0 3.13 MW ML2MW
2016 06 23 1609 121.375 -30.771   0.0 3.29 MW ML2MW
2016 06 25 1946 117.613 -31.482   0.0 3.02 MW ML2MW
2016 06 30 0025 117.343 -30.137  17.0 3.65 MW ML2MW
2016 07 05 0655 117.512 -30.054   0.0 3.40 MW ML2MW
2016 07 08 0940 122.346 -32.541  10.0 4.97 MW Ghasemi et al (2016)
2016 07 15 0547 116.570 -25.067  10.0 3.01 MW ML2MW
2016 07 16 0319 123.960 -17.064  10.0 3.10 MW ML2MW
2016 07 16 0345 119.789 -28.715  10.0 3.14 MW ML2MW
2016 07 22 1052 137.881 -32.129  10.0 3.20 MW ML2MW
2016 08 25 0405 124.792 -19.502  10.0 3.17 MW ML2MW
2016 09 05 0946 123.566 -16.567   0.0 3.16 MW ML2MW
2016 09 08 1515 119.268 -31.294   0.0 3.14 MW ML2MW
2016 09 11 1622 126.303 -16.798   9.0 3.01 MW ML2MW
2016 09 19 0530 116.570 -29.383   5.0 3.17 MW ML2MW
2016 09 20 0108 132.526 -26.517   9.0 3.39 MW ML2MW
2016 09 29 0149 119.181 -31.452  10.0 3.38 MW ML2MW
2016 10 10 2314 121.437 -30.785   0.0 3.57 MW ML2MW
2016 10 16 1353 136.599 -28.266  15.0 3.03 MW ML2MW
2016 10 25 0953 121.543 -30.835  10.0 3.23 MW ML2MW
2016 11 03 1625 137.098 -29.627  10.0 3.70 MW ML2MW
2016 11 06 0954 128.002 -19.102  10.0 4.48 MW Ghasemi et al (2016)
2016 11 15 2110 118.404 -30.690  10.0 3.03 MW ML2MW
2016 12 05 0531 116.550 -29.334  10.0 3.28 MW ML2MW
2016 12 24 0040 117.120 -30.826  10.0 3.58 MW ML2MW
2016 12 26 1259 137.217 -27.210  10.0 3.68 MW ML2MW
2016 12 27 1709 136.459 -33.289  10.0 3.13 MW ML2MW
2017 01 03 1530 118.455 -30.609  10.0 4.32 MW ML2MW
2017 01 15 0716 115.145 -23.670  10.0 3.87 MW ML2MW
2017 01 28 0423 118.841 -32.187  10.0 3.07 MW ML2MW
2017 01 30 0233 137.632 -34.156  10.0 3.38 MW ML2MW
2017 02 16 0935 135.882 -28.182   0.0 3.07 MW ML2MW
2017 03 05 0458 123.876 -15.489  10.0 3.39 MW ML2MW
2017 03 17 0731 122.445 -32.444  10.0 3.09 MW ML2MW
2017 03 19 0920 117.786 -30.420  10.0 3.36 MW ML2MW
2017 03 22 1449 125.259 -17.323  10.0 3.09 MW ML2MW
2017 03 26 2000 122.891 -31.616  10.0 4.03 MW ML2MW
2017 03 26 2025 122.814 -31.794  10.0 3.17 MW ML2MW
2017 03 29 0255 136.080 -28.282  10.0 3.52 MW ML2MW
2017 03 31 1604 121.124 -33.085  10.0 3.51 MW ML2MW
2017 04 04 0355 128.939 -25.903  10.0 4.07 MW ML2MW
2017 04 04 1825 121.927 -33.206  10.0 3.05 MW ML2MW
2017 04 10 0440 117.796 -30.429  10.0 3.03 MW ML2MW
2017 05 13 0927 119.272 -33.204  10.0 3.51 MW ML2MW
2017 05 15 1912 123.588 -27.167  10.0 3.78 MW ML2MW
2017 07 15 2127 131.897 -26.122   0.0 3.68 MW ML2MW
2017 07 15 2127 131.935 -26.094  10.0 3.68 MW ML2MW
2017 07 16 1731 122.187 -31.018  10.0 3.44 MW ML2MW
2017 07 19 1505 117.833 -32.075  10.0 3.34 MW ML2MW
2017 07 26 0704 118.013 -22.372  10.0 3.06 MW ML2MW
2017 07 26 1321 129.459 -25.455  10.0 3.08 MW ML2MW
2017 07 31 2333 119.365 -32.256  10.0 3.15 MW ML2MW
2017 08 06 0421 128.018 -19.134  10.0 4.94 MW ML2MW
2017 08 22 0532 116.698 -29.244  10.0 3.24 MW ML2MW
2017 08 31 0807 117.215 -30.460  10.0 4.03 MW ML2MW
2017 09 08 0353 119.209 -31.372  10.0 3.21 MW ML2MW
2017 09 11 0121 120.069 -33.184  10.0 3.70 MW ML2MW
2017 09 11 1418 120.098 -33.346  10.0 3.09 MW ML2MW
2017 10 07 0002 127.399 -15.615  10.0 3.48 MW ML2MW
2017 10 10 1120 127.931 -21.235  10.0 3.68 MW ML2MW
2017 10 11 1231 131.593 -23.083  10.0 3.02 MW ML2MW
2017 10 21 0947 119.194 -31.336  10.0 3.00 MW ML2MW
2017 10 21 1215 132.685 -26.494  10.0 3.39 MW ML2MW
2017 10 21 1732 132.575 -26.481  10.0 3.22 MW ML2MW
2017 11 09 0910 127.996 -21.306  10.0 3.17 MW ML2MW
2017 11 12 0812 120.549 -21.791  10.0 3.47 MW ML2MW
2017 11 14 0216 119.894 -21.444  10.0 3.57 MW ML2MW
2017 11 14 0619 119.996 -21.305  10.0 3.50 MW ML2MW
2017 11 25 0718 115.786 -24.465  10.0 3.16 MW ML2MW
2017 12 05 1558 116.190 -22.523  10.0 3.23 MW ML2MW
2018 01 10 2131 123.355 -18.893  10.0 3.57 MW ML2MW
2018 01 29 0030 130.366 -15.443  10.0 3.42 MW ML2MW
2018 02 17 0020 132.936 -26.467  10.0 3.23 MW ML2MW
2018 02 19 1205 117.802 -32.099  10.0 3.10 MW ML2MW
2018 02 24 2255 128.512 -15.206  10.0 3.35 MW ML2MW
2018 03 03 2200 128.818 -16.767  10.0 3.61 MW ML2MW
2018 03 11 0140 117.854 -34.010  10.0 3.05 MW ML2MW
2018 04 13 1156 121.329 -30.599  10.0 3.50 MW ML2MW
2018 04 17 0239 126.583 -22.006  10.0 3.13 MW ML2MW
2018 04 19 1919 119.309 -33.225  10.0 3.12 MW ML2MW
2018 04 24 1521 120.609 -26.385  10.0 3.14 MW ML2MW
2018 04 26 0203 117.781 -30.438  10.0 3.05 MW ML2MW
2018 05 01 2134 127.563 -25.600  10.0 3.18 MW ML2MW
2018 05 02 0607 127.533 -25.466  10.0 3.20 MW ML2MW
2018 05 09 1913 120.910 -21.574  10.0 3.50 MW ML2MW
2018 05 12 0050 139.331 -28.798  10.0 4.19 MW ML2MW
2018 05 19 1623 122.213 -21.817  10.0 3.56 MW ML2MW
2018 05 23 1726 117.975 -33.504  10.0 3.33 MW ML2MW
2018 05 28 1254 117.313 -30.149  10.0 3.15 MW ML2MW
2018 06 20 0254 122.424 -32.668  10.0 4.75 MW ML2MW
2018 07 01 0227 136.679 -33.606  10.0 3.75 MW ML2MW
2018 07 02 2233 119.821 -28.565  10.0 3.03 MW ML2MW
2018 07 05 0732 117.407 -30.664  10.0 3.38 MW ML2MW
2018 07 05 1805 119.138 -33.289  10.0 3.06 MW ML2MW
2018 07 10 1405 121.765 -31.114  10.0 3.21 MW ML2MW
2018 07 27 1539 117.783 -30.539  10.0 3.05 MW ML2MW
2018 08 08 1419 122.412 -32.536  10.0 4.38 MW ML2MW
2018 08 15 1629 119.613 -32.134  10.0 3.12 MW ML2MW
2018 09 05 0803 128.196 -19.026  10.0 3.55 MW ML2MW
2018 09 16 0456 116.902 -34.407   1.7 5.25 MW AUST
2018 09 17 0351 117.618 -30.293  10.0 3.27 MW ML2MW
2018 09 30 0716 136.701 -33.583   0.0 3.04 MW ML2MW
2018 10 05 1303 117.888 -33.990   0.0 3.21 MW ML2MW
2018 10 10 0257 135.917 -35.319  10.0 3.47 MW ML2MW
2018 11 08 2107 116.787 -34.423   3.0 5.20 MW AUST
2018 12 11 1103 128.771 -16.505   7.5 3.40 MW ML2MW
2018 12 21 2154 135.259 -33.926  10.0 3.43 MW ML2MW
2019 01 03 0045 129.890 -31.397  10.0 3.09 MW ML2MW
2019 01 04 0319 126.475 -18.277  10.0 3.05 MW ML2MW
2019 01 11 1305 117.790 -30.532  10.0 3.07 MW ML2MW
2019 01 13 1943 118.517 -33.957  10.0 3.47 MW ML2MW
2019 01 23 1325 125.316 -17.055  10.0 3.03 MW ML2MW
2019 02 05 1557 130.840 -21.820  10.0 3.47 MW ML2MW
2019 02 18 0027 136.296 -33.651   7.2 3.40 MW ML2MW
2019 02 20 0226 129.232 -15.580  10.0 3.77 MW ML2MW
2019 02 21 0956 125.591 -32.047  10.0 3.19 MW ML2MW
2019 03 06 0659 118.548 -33.920  10.0 3.29 MW ML2MW
2019 03 11 0006 118.206 -33.834  10.0 3.61 MW ML2MW
2019 03 19 0054 129.539 -26.405  10.0 3.09 MW ML2MW
2019 03 19 2346 117.016 -32.252   3.3 3.26 MW ML2MW
2019 03 23 1258 130.347 -25.940   9.6 3.16 MW ML2MW
2019 04 13 1818 136.595 -33.580  10.0 3.53 MW ML2MW
2019 04 20 1013 131.136 -21.920  10.0 3.15 MW ML2MW
2019 04 24 0103 121.950 -17.234  10.0 3.38 MW ML2MW
2019 04 24 0342 128.353 -21.396  10.0 3.45 MW ML2MW
2019 05 01 0309 119.864 -32.928  10.0 3.12 MW ML2MW
2019 05 02 0358 135.452 -27.514   7.2 3.42 MW ML2MW
2019 05 13 2130 116.551 -30.216   0.0 3.11 MW ML2MW
2019 05 16 0527 116.926 -33.527  10.0 3.32 MW ML2MW
2019 05 20 0814 121.223 -30.783  10.0 3.36 MW ML2MW
2019 05 22 1424 117.748 -30.406  10.0 3.15 MW ML2MW
2019 05 24 2137 117.641 -30.486  10.0 3.18 MW ML2MW
2019 05 29 2043 123.973 -30.366  10.0 3.16 MW ML2MW
2019 05 30 0226 131.859 -21.281  10.0 4.87 MW AUST
2019 05 30 0901 116.745 -30.303  10.0 3.27 MW ML2MW
2019 06 02 1014 118.644 -33.266  10.0 3.04 MW ML2MW
2019 06 07 1149 118.995 -32.330  10.0 3.12 MW ML2MW
2019 06 11 0528 117.731 -30.407  10.0 3.28 MW ML2MW
2019 06 15 0259 121.125 -21.396  10.0 3.91 MW ML2MW
2019 06 16 1408 128.545 -16.972  10.0 3.02 MW ML2MW
2019 06 20 1024 117.348 -32.530  10.0 3.04 MW ML2MW
2019 06 20 1430 119.335 -33.100  10.0 4.23 MW ML2MW
2019 06 20 1547 119.170 -33.197  10.0 3.03 MW ML2MW
2019 06 21 1506 129.628 -25.210  10.0 3.34 MW ML2MW
2019 06 22 0143 126.891 -25.784  10.0 3.29 MW ML2MW
2019 06 22 1225 117.803 -34.027  10.0 3.41 MW ML2MW
2019 06 23 1347 120.031 -30.721  10.0 3.90 MW ML2MW
2019 06 23 1544 123.464 -30.404  10.0 3.75 MW ML2MW
2019 07 04 1643 135.136 -27.458  10.0 3.20 MW ML2MW
2019 07 05 2001 135.927 -33.911  10.0 3.39 MW ML2MW
2019 07 05 2139 119.673 -32.335  10.0 3.35 MW ML2MW
2019 07 08 0816 117.737 -30.434  10.0 3.17 MW ML2MW
2019 07 14 0539 120.295 -18.262  20.0 6.55 MW AUST
2019 07 14 0603 120.638 -18.745  11.2 4.13 MW ML2MW
2019 07 14 0615 120.801 -18.717  10.0 3.40 MW ML2MW
2019 07 14 0623 120.760 -18.622  15.0 3.81 MW ML2MW
2019 07 14 1007 120.612 -18.443  18.1 3.76 MW ML2MW
2019 07 14 2133 120.568 -18.365  21.9 4.31 MW ML2MW
2019 07 15 0528 120.732 -18.427  10.0 3.30 MW ML2MW
2019 07 15 0947 120.552 -18.582  10.0 3.35 MW ML2MW
2019 07 15 2122 120.652 -18.542  21.3 3.66 MW ML2MW
2019 07 17 1020 120.363 -18.526  21.5 4.38 MW ML2MW
2019 07 22 0933 116.105 -28.703  10.0 3.10 MW ML2MW
2019 07 24 2342 136.977 -28.659  10.0 3.28 MW ML2MW
2019 07 26 0836 119.961 -18.137  10.0 3.51 MW ML2MW
2019 07 28 2348 134.101 -19.748  10.0 3.30 MW ML2MW
2019 08 01 1649 117.556 -34.698  10.0 3.88 MW ML2MW
2019 08 03 1841 118.274 -33.879  10.0 3.49 MW ML2MW
2019 08 04 2222 117.964 -34.079  10.0 3.28 MW ML2MW
2019 08 06 2006 117.416 -34.756  10.0 3.47 MW ML2MW
2019 08 08 0103 120.433 -18.580  10.0 3.71 MW ML2MW
2019 08 11 1725 136.274 -33.457  10.0 3.20 MW ML2MW
2019 08 12 1911 120.579 -21.414  10.0 4.33 MW ML2MW
2019 08 21 0500 120.528 -18.597  10.0 3.01 MW ML2MW
2019 08 28 0204 118.443 -33.943  10.0 3.31 MW ML2MW
2019 08 30 0054 118.388 -33.938  10.0 3.31 MW ML2MW
2019 09 11 0901 127.487 -23.526  10.0 4.17 MW ML2MW
2019 09 15 2205 117.755 -30.345  10.0 3.74 MW ML2MW
2019 09 18 0247 117.647 -30.406  10.0 3.47 MW ML2MW
2019 09 26 1152 117.171 -30.564  10.0 3.07 MW ML2MW
2019 09 29 1523 125.288 -29.391  10.0 3.20 MW ML2MW
2019 10 04 1635 136.987 -25.643  10.0 3.88 MW ML2MW
2019 10 12 1205 126.820 -23.101  10.0 3.44 MW ML2MW
2019 10 15 2018 125.221 -19.496  10.0 3.18 MW ML2MW
2019 10 19 0712 133.664 -29.041  10.0 3.15 MW ML2MW
2019 10 26 0457 120.532 -18.391  10.0 3.82 MW ML2MW
2019 10 29 2216 120.293 -18.524  10.0 3.37 MW ML2MW
2019 10 31 0739 122.885 -33.740  10.0 3.29 MW ML2MW
2019 11 07 0124 118.510 -34.005  10.0 3.06 MW ML2MW
2019 11 16 0024 124.312 -30.398  10.0 3.06 MW ML2MW
2019 11 22 0355 125.295 -19.540  10.0 3.01 MW ML2MW
2019 12 13 0539 122.462 -32.553  10.0 3.31 MW ML2MW
2019 12 13 0836 117.630 -31.081  10.0 3.10 MW ML2MW
2019 12 15 1801 118.926 -32.383  10.0 3.44 MW ML2MW
2019 12 18 0916 120.324 -17.944  10.0 3.02 MW ML2MW
2019 12 19 0217 120.218 -27.687  10.0 3.40 MW ML2MW
2019 12 20 1429 136.189 -12.333  10.0 4.18 MW ML2MW
2019 12 29 1955 117.820 -34.014  10.0 3.47 MW ML2MW
2019 12 30 0907 118.015 -33.473  10.0 3.48 MW ML2MW
2019 12 31 0510 124.410 -29.376  10.0 3.44 MW ML2MW
2020 01 08 0520 123.724 -28.212  10.0 3.42 MW ML2MW
2020 01 11 1100 133.184 -33.123  10.0 3.02 MW ML2MW
2020 01 15 1456 123.112 -19.449  10.0 3.36 MW ML2MW
2020 01 18 0602 124.487 -29.108  10.0 3.08 MW ML2MW
2020 01 28 0310 126.364 -23.434  10.0 3.77 MW ML2MW
2020 02 16 0537 120.054 -22.418  10.0 3.45 MW ML2MW
2020 02 22 0950 135.661 -27.918  10.0 3.52 MW ML2MW
2020 02 22 1231 118.079 -30.766  10.0 3.15 MW ML2MW
2020 03 01 1237 122.525 -32.486  10.0 3.27 MW ML2MW
2020 03 14 0951 131.719 -22.680  10.0 3.03 MW ML2MW
2020 03 19 0937 117.753 -19.526   9.8 3.13 MW ML2MW
2020 03 26 1056 130.761 -21.566  10.0 3.19 MW ML2MW
2020 03 30 0947 116.074 -21.485  10.0 3.21 MW ML2MW
2020 04 12 0934 128.613 -17.831  10.0 3.55 MW ML2MW
2020 04 12 2203 121.807 -17.087  10.0 3.58 MW ML2MW
2020 04 17 0242 121.910 -17.101  10.0 3.48 MW ML2MW
2020 04 19 2019 116.416 -29.825  10.0 3.09 MW ML2MW
2020 04 24 0459 126.944 -18.064  10.0 3.40 MW ML2MW
2020 04 29 1501 117.638 -31.089  10.0 3.24 MW ML2MW
2020 05 02 1654 126.147 -27.827  10.0 3.73 MW ML2MW
2020 05 03 2339 120.666 -27.766  10.0 3.08 MW ML2MW
2020 05 14 1900 136.734 -29.070  10.0 3.65 MW ML2MW
2020 05 25 0852 117.023 -30.587  10.0 4.07 MW ML2MW
2020 05 25 1347 129.152 -21.452  10.0 3.17 MW ML2MW
2020 06 05 0520 124.384 -29.232  10.0 3.00 MW ML2MW
2020 06 06 2128 124.516 -30.853  10.0 3.04 MW ML2MW
2020 06 08 1316 124.344 -30.761  10.0 3.27 MW ML2MW
2020 06 13 1540 128.526 -16.626  10.0 3.40 MW ML2MW
2020 06 18 2121 129.239 -21.458  10.0 3.06 MW ML2MW
2020 06 22 1110 121.512 -30.549  10.0 3.31 MW ML2MW
2020 06 28 0138 135.813 -33.578  10.0 3.10 MW ML2MW
2020 07 06 1240 118.206 -31.333  10.0 3.10 MW ML2MW
2020 07 12 0919 119.142 -33.265  10.0 3.44 MW ML2MW
2020 07 14 0332 135.644 -28.217  10.0 3.13 MW ML2MW
2020 07 16 1943 128.512 -16.682  10.0 3.36 MW ML2MW
2020 07 23 0922 117.678 -33.445   5.0 3.37 MW ML2MW
2020 07 26 2017 123.736 -17.128   7.1 3.11 MW ML2MW
2020 07 29 1149 115.899 -29.196   6.2 3.32 MW ML2MW
2020 08 02 0918 117.852 -31.852   0.6 3.28 MW ML2MW
2020 08 05 0644 136.349 -34.611  10.0 3.12 MW ML2MW
2020 08 06 1128 118.460 -34.202   5.0 3.52 MW ML2MW
2020 08 09 0206 117.204 -31.981   5.0 3.30 MW ML2MW
2020 08 10 0326 118.582 -34.223   2.3 3.01 MW ML2MW
2020 08 10 0754 122.175 -32.530   5.0 3.45 MW ML2MW
2020 08 19 1951 121.212 -30.713   6.9 3.09 MW ML2MW
2020 08 23 2240 136.586 -33.571  10.0 3.59 MW ML2MW
2020 08 25 1915 121.373 -30.800   1.9 3.25 MW ML2MW
2020 09 09 0024 116.985 -32.231   5.0 3.13 MW ML2MW
2020 09 19 1354 119.172 -33.388  10.0 3.26 MW ML2MW
2020 09 20 1607 118.019 -30.773   0.7 3.24 MW ML2MW
2020 09 24 0825 119.121 -21.420  10.0 4.19 MW ML2MW
2020 09 26 2205 126.736 -27.437   7.2 3.19 MW ML2MW
2020 09 29 1211 117.185 -21.321  10.0 4.38 MW ML2MW
2020 10 04 1804 122.764 -32.168   1.2 3.03 MW ML2MW
2020 10 05 0027 117.814 -24.167  10.0 3.77 MW ML2MW
2020 10 23 2209 120.070 -18.413  10.0 3.20 MW ML2MW
2020 10 24 2243 135.365 -13.449  10.0 3.05 MW ML2MW
2020 10 31 1236 138.134 -30.935   8.2 3.37 MW ML2MW
2020 12 04 2345 117.333 -32.001   8.0 3.11 MW ML2MW
2020 12 17 0413 124.685 -19.057  10.0 3.30 MW ML2MW
2020 12 20 0943 123.682 -28.107  10.0 3.13 MW ML2MW
2020 12 21 1714 130.878 -23.170  10.0 3.75 MW ML2MW
2020 12 29 1459 115.368 -24.153   8.8 3.63 MW ML2MW
2021 01 06 2356 116.883 -28.797  10.0 3.03 MW ML2MW
2021 01 20 2333 135.631 -28.774  10.0 3.26 MW ML2MW
2021 01 22 0523 120.134 -22.569  10.1 3.39 MW ML2MW
2021 02 06 1116 117.218 -31.980   0.6 3.49 MW ML2MW
2021 02 07 0729 116.392 -21.708  10.0 3.53 MW ML2MW
2021 02 07 1354 124.323 -30.462  10.0 3.16 MW ML2MW
2021 03 03 0902 121.541 -30.637  10.0 3.44 MW ML2MW
2021 03 06 0351 117.605 -30.627   8.4 3.22 MW ML2MW
2021 03 10 1327 122.943 -31.760  10.0 3.07 MW ML2MW
2021 03 11 0439 117.504 -31.177   9.3 3.19 MW ML2MW
2021 03 12 1357 129.447 -22.303  10.0 4.37 MW ML2MW
2021 03 18 0049 116.989 -31.634   1.6 3.04 MW ML2MW
2021 04 18 1100 117.258 -30.960   6.7 3.10 MW ML2MW
2021 04 22 2054 117.395 -24.343  10.0 3.16 MW ML2MW
2021 05 04 0714 121.512 -30.689   9.7 3.51 MW ML2MW
2021 05 11 0917 128.907 -16.591  10.0 3.22 MW ML2MW
2021 05 14 1651 127.266 -16.791  10.0 3.38 MW ML2MW
2021 05 25 0047 117.258 -30.933   2.3 3.28 MW ML2MW
2021 05 25 2147 121.424 -30.867   5.0 3.00 MW ML2MW
2021 06 01 1755 120.709 -27.872  10.0 3.07 MW ML2MW
2021 06 02 1355 124.076 -27.102  10.0 3.25 MW ML2MW
2021 06 06 1725 117.041 -31.655   5.0 3.04 MW ML2MW
2021 06 07 0803 120.108 -22.578  10.0 4.06 MW ML2MW
2021 06 07 0905 117.665 -31.246   5.1 3.02 MW ML2MW
2021 06 09 1458 124.414 -18.652  10.0 3.11 MW ML2MW
2021 06 17 0552 128.722 -16.624  10.0 3.89 MW ML2MW
2021 06 18 1237 124.514 -30.204  10.0 3.68 MW ML2MW
2021 06 25 1554 121.070 -21.502  10.0 3.14 MW ML2MW
2021 06 27 1932 120.754 -27.782  10.0 3.19 MW ML2MW
2021 06 28 2305 117.210 -31.397   0.8 3.29 MW ML2MW
2021 06 29 0217 119.971 -18.087  10.0 3.72 MW ML2MW
2021 06 30 2354 116.382 -29.600  10.0 3.65 MW ML2MW
2021 07 07 0451 127.103 -31.648  10.0 3.08 MW ML2MW
2021 07 07 0903 137.319 -35.652   3.8 3.19 MW ML2MW
2021 07 07 1803 117.794 -30.890   2.1 3.01 MW ML2MW
2021 07 15 2046 123.934 -28.996  10.0 3.22 MW ML2MW
2021 07 19 0812 117.277 -30.951   5.0 3.67 MW ML2MW
2021 07 19 1554 130.142 -26.434  10.0 3.32 MW ML2MW
2021 07 24 0905 118.299 -32.139   6.4 3.38 MW ML2MW
2021 08 07 0520 120.118 -22.587  10.0 3.74 MW ML2MW
2021 08 09 2322 117.706 -30.247   0.5 3.67 MW ML2MW
2021 08 09 2325 117.716 -30.259   1.5 3.66 MW ML2MW
2021 08 12 1544 140.459 -22.526  10.0 3.39 MW ML2MW
2021 08 13 0524 123.650 -27.980  10.0 3.10 MW ML2MW
2021 08 19 2253 120.753 -21.649  10.0 3.36 MW ML2MW
2021 08 25 2217 127.774 -16.522  10.0 3.81 MW ML2MW
2021 08 26 1758 117.033 -33.640   0.8 3.43 MW ML2MW
2021 09 01 1033 117.247 -30.933   5.0 3.75 MW ML2MW
2021 09 02 1555 133.823 -18.993  10.0 3.19 MW ML2MW
2021 09 04 0437 130.861 -21.797  10.0 3.07 MW ML2MW
2021 09 15 0531 120.095 -22.566  10.0 3.58 MW ML2MW
2021 09 27 1422 122.345 -18.379   8.4 3.09 MW ML2MW
2021 10 18 1844 136.075 -28.257  10.0 3.08 MW ML2MW
2021 10 29 1025 135.743 -33.550  10.0 3.43 MW ML2MW
2022 02 07 1900 126.797 -32.232  10.0 3.43 MW ML2MW
2022 02 14 2240 137.200 -26.451  10.0 3.18 MW ML2MW
2022 03 06 1004 136.183 -28.398   5.7 3.24 MW ML2MW
2022 03 12 0039 126.440 -28.141  10.0 3.10 MW ML2MW
2022 03 20 0537 133.706 -28.275   7.6 3.16 MW ML2MW
2022 04 15 0034 128.983 -24.769  10.0 3.13 MW ML2MW
2022 06 14 0141 132.745 -26.513  10.0 3.02 MW ML2MW
2022 06 25 2119 125.932 -31.812  10.0 3.14 MW ML2MW
