1929 08 16 2128 120.660 -16.990  33.0 6.24 MW MS2MW
1941 04 29 0135 116.197 -26.791  25.0 6.80 MW MS2MW
1961 06 18 1613 119.300 -20.100  13.0 5.21 MW ML2MW
1961 08 23 1801 119.000 -18.500  18.0 5.11 MW ML2MW
1963 01 18 0549 117.260 -32.150   6.0 4.72 MW ML2MW
1963 08 27 1915 128.600 -16.600  33.0 4.77 MW mb2MW
1964 03 23 2241 123.042 -17.875  27.3 4.64 MW mb2MW
1965 05 19 0213 111.953 -25.027   4.7 5.29 MW MS2MW
1965 09 10 1224 122.200 -18.100  18.0 4.91 MW ML2MW
1968 06 19 0555 124.900 -19.100  18.0 4.64 MW mb2MW
1968 08 06 1908 123.200 -18.500  18.0 4.93 MW mb2MW
1968 10 14 0258 116.980 -31.620  10.0 6.59 MW Vogfjörd & Langston (1987); Somerville et al. (2009)
1969 06 17 1954 116.730 -25.260   0.0 4.55 MW ML2MW
1969 09 24 2339 118.200 -21.700   7.0 4.64 MW mb2MW
1969 10 09 0129 117.460 -18.820   0.0 4.55 MW mb2MW
1970 02 01 1840 118.500 -20.300   7.0 4.64 MW mb2MW
1970 03 10 1715 116.512 -31.092  15.0 5.02 MW ML2MW
1970 12 26 1825 116.310 -31.080   7.0 3.91 MW ML2MW
1971 01 14 1744 114.600 -24.730   0.0 4.47 MW mb2MW
1971 07 12 2259 115.160 -24.540   0.0 4.64 MW mb2MW
1971 09 13 2158 117.560 -20.190   0.0 4.05 MW mb2MW
1972 01 25 1737 117.100 -29.850   0.0 4.05 MW mb2MW
1972 04 12 2213 120.000 -20.620   0.0 4.29 MW ML2MW
1972 10 21 0233 115.550 -24.880   0.0 4.53 MW ML2MW
1974 04 17 0721 123.986 -29.581  33.0 4.37 MW ML2MW
1974 09 04 2317 116.970 -30.790   0.0 4.29 MW ML2MW
1974 09 30 0332 112.800 -30.300   0.0 4.47 MW ML2MW
1974 11 07 0153 118.650 -18.160   0.0 4.93 MW mb2MW
1975 02 08 1133 116.100 -24.900   0.0 3.97 MW mb2MW
1975 03 06 2351 126.488 -17.212   0.0 4.77 MW mb2MW
1975 04 18 1634 113.860 -24.400   0.0 4.14 MW mb2MW
1975 07 21 2139 123.500 -30.200   0.0 4.30 MW mb2MW
1975 07 24 2223 120.470 -21.090   0.0 4.55 MW mb2MW
1975 08 25 1128 123.286 -18.958   0.0 4.30 MW mb2MW
1975 11 06 0920 113.500 -30.250   0.0 4.39 MW mb2MW
1975 11 28 1755 115.560 -21.530   0.0 4.39 MW mb2MW
1976 02 19 0232 114.300 -19.410   0.0 5.42 MW mb2MW
1976 07 27 1756 113.900 -20.000   0.0 4.05 MW mb2MW
1976 11 28 1834 122.417 -18.618  33.0 4.05 MW mb2MW
1977 11 17 1756 123.670 -30.590   0.0 4.30 MW ML2MW
1977 11 22 0800 120.400 -19.600   0.0 4.13 MW ML2MW
1977 12 30 1009 117.172 -25.245  33.0 4.65 MW ML2MW
1978 05 01 0342 115.503 -23.464   0.0 4.47 MW mb2MW
1979 01 24 2149 115.690 -31.070  25.0 3.01 MW ML2MW
1979 02 07 2248 120.850 -21.420   0.0 3.78 MW ML2MW
1979 03 26 0014 126.070 -16.350   0.0 3.02 MW ML2MW
1979 03 31 0445 127.030 -18.040   0.0 3.19 MW ML2MW
1979 04 23 0545 120.163 -16.617  30.8 6.15 MW GCMT
1979 04 25 0656 118.020 -33.520   7.0 3.26 MW ML2MW
1979 05 26 0418 117.340 -18.660  37.0 3.54 MW ML2MW
1979 06 02 0947 117.104 -30.821   3.0 6.10 MW GCMT
1979 06 10 2014 115.150 -24.720  16.0 3.18 MW ML2MW
1979 06 18 2015 123.925 -29.643   0.0 3.58 MW ML2MW
1979 07 14 0940 122.755 -18.103  15.0 5.04 MW GCMT
1979 07 16 2039 127.049 -17.224  10.0 4.48 MW ML2MW
1979 08 12 1041 114.610 -19.940  37.0 3.70 MW ML2MW
1979 09 11 0205 120.507 -21.443   5.0 4.04 MW ML2MW
1979 10 26 0256 128.570 -16.460   0.0 3.18 MW ML2MW
1979 10 31 1407 114.430 -20.630  37.0 3.71 MW ML2MW
1979 11 05 0942 127.300 -16.450   0.0 3.28 MW ML2MW
1980 01 02 1749 122.090 -17.810  37.0 3.16 MW ML2MW
1980 02 09 1850 122.740 -19.780   8.0 3.39 MW ML2MW
1980 03 08 0051 124.410 -31.130  19.0 3.29 MW ML2MW
1980 03 15 0709 121.640 -18.770   0.0 4.11 MW ML2MW
1980 04 01 1522 123.790 -17.170   0.0 3.07 MW ML2MW
1980 04 09 0542 118.790 -17.220   0.0 3.32 MW ML2MW
1980 06 22 1620 119.250 -18.500   0.0 3.32 MW ML2MW
1980 07 31 1219 120.960 -19.510   0.0 4.00 MW ML2MW
1980 08 01 2019 119.360 -17.030  37.0 3.41 MW ML2MW
1980 08 07 2047 123.534 -29.304   0.0 3.89 MW ML2MW
1980 08 17 1851 115.580 -27.460  37.0 3.04 MW ML2MW
1980 11 02 1827 113.320 -23.860  10.0 3.11 MW ML2MW
1980 11 23 1932 123.360 -30.000  10.0 3.43 MW ML2MW
1980 11 24 1954 123.868 -15.853  33.0 3.34 MW ML2MW
1980 12 08 0012 114.110 -32.120  37.0 4.62 MW ML2MW
1980 12 23 1425 114.550 -21.200  10.0 3.07 MW ML2MW
1980 12 24 0626 116.670 -34.690   0.0 3.20 MW ML2MW
1981 01 01 0900 122.756 -17.510  33.0 4.14 MW ML2MW
1981 01 12 2023 112.590 -21.780  10.0 3.58 MW ML2MW
1981 02 23 0711 116.610 -25.430   0.0 3.12 MW ML2MW
1981 02 26 0258 117.810 -33.560   0.0 3.21 MW ML2MW
1981 03 15 1829 123.412 -18.590  37.0 3.27 MW ML2MW
1981 03 17 2138 123.230 -18.660  37.0 3.02 MW ML2MW
1981 04 03 2000 123.150 -18.120   0.0 3.60 MW ML2MW
1981 04 16 1913 121.460 -33.100  10.0 3.17 MW ML2MW
1981 04 21 1505 114.080 -22.410  10.0 3.06 MW ML2MW
1981 05 05 0552 121.840 -18.940  37.0 3.60 MW ML2MW
1981 06 02 1213 121.630 -18.590  37.0 3.32 MW ML2MW
1981 06 27 2333 122.654 -17.784  37.0 3.20 MW ML2MW
1981 06 28 0823 126.500 -17.880  17.0 3.01 MW ML2MW
1981 06 28 2002 117.210 -25.613   6.0 3.68 MW ML2MW
1981 06 29 0639 111.217 -26.356  37.0 3.60 MW ML2MW
1981 07 03 1739 128.760 -16.530  10.0 3.13 MW ML2MW
1981 07 16 1246 114.240 -21.030  10.0 4.39 MW ML2MW
1981 07 29 0452 113.880 -21.670  10.0 3.33 MW ML2MW
1981 08 15 1923 121.057 -15.986  33.0 3.34 MW ML2MW
1981 09 26 0127 112.060 -23.130  10.0 3.74 MW ML2MW
1981 10 05 2101 114.370 -24.310  10.0 3.11 MW ML2MW
1981 10 11 0202 116.150 -25.290  10.0 3.29 MW ML2MW
1981 11 01 1546 117.267 -26.490  33.0 3.23 MW ML2MW
1981 11 09 1600 116.420 -24.860  10.0 3.20 MW ML2MW
1981 11 14 2313 123.920 -29.790  10.0 3.40 MW ML2MW
1981 12 06 0140 114.169 -22.902   0.0 3.76 MW ML2MW
1981 12 06 1255 128.730 -16.820  10.0 3.11 MW ML2MW
1981 12 14 1159 122.651 -13.902  33.0 3.80 MW mb2MW
1981 12 15 0043 125.120 -19.400   0.0 3.08 MW ML2MW
1982 01 09 0608 120.409 -21.278  28.0 3.34 MW ML2MW
1982 02 19 0111 123.349 -18.902   0.0 3.63 MW ML2MW
1982 02 19 0936 118.430 -18.840  10.0 3.16 MW ML2MW
1982 02 19 2026 113.900 -22.290  10.0 3.50 MW ML2MW
1982 02 26 1524 122.490 -17.670  37.0 3.20 MW ML2MW
1982 02 27 1843 121.180 -18.860  37.0 3.08 MW ML2MW
1982 03 17 0429 127.600 -14.974  10.0 3.53 MW ML2MW
1982 03 27 1543 114.000 -22.470  10.0 3.87 MW ML2MW
1982 05 18 0725 117.380 -32.220  10.0 3.02 MW ML2MW
1982 06 06 1406 122.257 -32.358  33.0 3.90 MW ML2MW
1982 06 16 1513 118.470 -18.050  37.0 3.94 MW ML2MW
1982 07 11 0222 114.470 -22.930  10.0 3.25 MW ML2MW
1982 08 04 2200 117.310 -29.280  10.0 3.16 MW ML2MW
1982 09 11 1015 123.030 -30.330  10.0 3.39 MW ML2MW
1982 10 03 1700 115.850 -22.090  10.0 4.19 MW ML2MW
1982 10 10 0256 116.740 -31.000   7.0 3.11 MW ML2MW
1982 11 03 0240 120.480 -20.530  37.0 4.31 MW ML2MW
1982 12 16 1431 121.150 -18.320  37.0 3.17 MW ML2MW
1982 12 21 2159 117.190 -32.110  10.0 3.07 MW ML2MW
1982 12 31 2219 124.142 -17.450  33.0 4.14 MW mb2MW
1983 01 01 2052 117.180 -32.100  10.0 3.22 MW ML2MW
1983 01 13 0247 120.100 -16.400  37.0 3.74 MW ML2MW
1983 01 17 2157 125.230 -32.320  10.0 3.32 MW ML2MW
1983 01 26 0616 117.319 -30.610  10.0 4.59 MW ML2MW
1983 03 12 0400 117.240 -26.770  10.0 3.01 MW ML2MW
1983 03 13 1658 118.760 -18.000  37.0 3.13 MW ML2MW
1983 03 14 0329 128.597 -16.676  10.0 3.13 MW ML2MW
1983 04 05 0450 116.350 -25.300  10.0 3.25 MW ML2MW
1983 04 09 0519 114.380 -29.290  37.0 3.04 MW ML2MW
1983 04 21 2118 118.970 -18.090  37.0 3.73 MW ML2MW
1983 04 24 0820 116.930 -19.110  25.0 3.00 MW ML2MW
1983 06 07 0616 125.581 -15.009  10.0 3.65 MW ML2MW
1983 06 07 1018 114.470 -23.940  10.0 3.02 MW ML2MW
1983 06 29 1524 122.621 -18.972  10.0 3.07 MW ML2MW
1983 07 15 1704 111.810 -25.070  10.0 3.34 MW ML2MW
1983 08 04 0255 118.260 -31.280  10.0 3.04 MW ML2MW
1983 08 06 0227 112.520 -26.270  10.0 3.02 MW ML2MW
1983 08 31 0721 120.180 -20.560  10.0 3.20 MW ML2MW
1983 09 02 1822 113.030 -23.990  10.0 3.40 MW ML2MW
1983 10 03 0751 112.940 -25.010  10.0 3.14 MW ML2MW
1983 10 24 0053 114.920 -26.940  10.0 3.50 MW ML2MW
1983 10 30 0109 123.740 -16.530  37.0 3.52 MW ML2MW
1983 11 11 1821 116.340 -19.560  37.0 3.17 MW ML2MW
1983 12 18 1510 120.309 -17.084  37.0 3.25 MW ML2MW
1984 01 08 1153 115.700 -24.670  10.0 3.13 MW ML2MW
1984 02 21 0559 122.720 -31.820  10.0 3.99 MW ML2MW
1984 03 02 0501 122.420 -17.660  10.0 3.43 MW ML2MW
1984 03 16 0345 123.344 -15.003  37.0 4.30 MW mb2MW
1984 05 22 1852 110.740 -24.630  37.0 3.20 MW ML2MW
1984 06 02 1536 113.380 -22.750  10.0 3.28 MW ML2MW
1984 06 10 1559 117.370 -32.230  10.0 3.09 MW ML2MW
1984 06 29 0204 117.410 -32.230  10.0 3.41 MW ML2MW
1984 06 30 1245 116.494 -19.937  10.0 3.98 MW ML2MW
1984 08 07 2051 127.320 -15.550   0.0 3.46 MW ML2MW
1984 08 08 1524 119.340 -19.610  10.0 3.07 MW ML2MW
1984 09 10 0751 123.550 -31.590  10.0 3.20 MW ML2MW
1984 10 27 1846 114.300 -23.560  10.0 3.04 MW ML2MW
1984 12 28 2153 114.590 -23.780  10.0 3.18 MW ML2MW
1985 03 03 1104 126.590 -18.270  10.0 3.12 MW ML2MW
1985 03 13 2152 121.678 -15.427  33.0 4.35 MW ML2MW
1985 04 09 0718 120.520 -20.490  10.0 3.13 MW ML2MW
1985 04 21 1456 121.897 -19.965  10.0 3.54 MW ML2MW
1985 04 24 1538 114.060 -21.730  10.0 3.36 MW ML2MW
1985 05 05 1650 116.630 -25.960  10.0 3.84 MW ML2MW
1985 05 06 1621 122.416 -12.312  33.0 3.97 MW mb2MW
1985 05 07 1004 118.880 -18.950  10.0 3.90 MW ML2MW
1985 05 20 2258 120.860 -18.410  10.0 3.44 MW ML2MW
1985 05 26 1243 118.580 -20.350  10.0 3.09 MW ML2MW
1985 06 05 0341 122.430 -32.650  10.0 3.11 MW ML2MW
1985 06 10 1500 113.435 -22.398  33.0 3.87 MW ML2MW
1985 07 28 0739 122.582 -32.554   5.8 4.72 MW ML2MW
1985 08 13 1234 117.869 -18.892  37.0 3.60 MW ML2MW
1985 08 18 0109 113.960 -22.960  10.0 3.65 MW ML2MW
1985 11 05 2205 113.700 -21.780  37.0 3.14 MW ML2MW
1985 11 13 1748 120.515 -16.552  33.0 3.33 MW ML2MW
1985 11 15 0835 113.530 -23.740  10.0 3.68 MW ML2MW
1985 11 24 0926 124.640 -15.910  33.0 4.05 MW mb2MW
1985 11 27 2318 117.351 -30.646   3.0 4.31 MW ML2MW
1985 12 06 0302 117.360 -32.010  10.0 3.54 MW ML2MW
1985 12 16 1014 113.230 -27.320  10.0 3.02 MW ML2MW
1986 01 02 2313 115.150 -20.790   5.0 3.04 MW ML2MW
1986 01 14 0038 113.440 -23.870   5.0 3.88 MW ML2MW
1986 01 15 2211 114.990 -34.510   5.0 3.63 MW ML2MW
1986 01 20 0746 122.340 -32.360   5.0 3.98 MW ML2MW
1986 01 20 2331 124.220 -29.050  10.0 3.37 MW ML2MW
1986 02 06 1144 119.201 -18.654   5.0 3.45 MW ML2MW
1986 02 17 0206 117.410 -32.230   5.0 3.26 MW ML2MW
1986 04 16 0601 123.480 -20.450   5.0 3.23 MW ML2MW
1986 04 20 1141 115.010 -19.590   5.0 3.30 MW ML2MW
1986 05 08 1747 116.540 -19.620   5.0 3.16 MW ML2MW
1986 05 17 1241 117.200 -33.360   5.0 3.87 MW ML2MW
1986 05 17 1457 119.800 -33.760   5.0 3.39 MW ML2MW
1986 05 21 2042 116.220 -25.310   5.0 3.35 MW ML2MW
1986 05 31 2038 117.949 -18.846  10.0 3.68 MW ML2MW
1986 09 06 1041 119.050 -22.730   5.0 3.10 MW ML2MW
1986 09 13 0237 120.950 -15.810   5.0 3.59 MW ML2MW
1986 09 16 1616 122.310 -32.590   5.0 3.36 MW ML2MW
1986 10 13 1206 118.810 -33.950   5.0 3.22 MW ML2MW
1986 10 16 2136 114.590 -22.610   5.0 3.96 MW ML2MW
1986 11 05 0757 118.850 -18.470   5.0 3.58 MW ML2MW
1986 12 04 1347 115.830 -20.250   5.0 3.71 MW ML2MW
1986 12 14 0932 121.510 -19.180   5.0 3.36 MW ML2MW
1986 12 18 0126 122.808 -17.265   5.0 3.27 MW ML2MW
1986 12 18 0658 116.820 -27.830   5.0 4.10 MW ML2MW
1987 01 07 0526 117.750 -19.310   5.0 3.17 MW ML2MW
1987 02 24 0810 122.220 -32.510   5.0 3.00 MW ML2MW
1987 03 02 2222 117.490 -31.220   2.0 3.16 MW ML2MW
1987 03 14 1925 114.100 -22.750   5.0 3.05 MW ML2MW
1987 04 10 0643 122.100 -17.250   5.0 3.15 MW ML2MW
1987 04 17 1658 115.980 -25.460  23.0 3.00 MW ML2MW
1987 04 19 2241 122.260 -32.610   5.0 3.14 MW ML2MW
1987 05 02 2349 121.428 -30.710   5.0 3.12 MW ML2MW
1987 05 05 2324 116.720 -32.040   5.0 3.70 MW ML2MW
1987 05 08 1335 122.220 -32.510   5.0 3.00 MW ML2MW
1987 05 10 2336 117.740 -33.390   5.0 3.21 MW ML2MW
1987 05 21 0315 128.348 -16.842   0.0 3.30 MW ML2MW
1987 06 11 1218 117.510 -31.200   3.0 3.47 MW ML2MW
1987 06 19 1332 116.690 -20.560   5.0 3.46 MW ML2MW
1987 06 21 1615 118.990 -18.170   5.0 3.55 MW ML2MW
1987 07 05 1105 120.700 -18.470   5.0 3.04 MW ML2MW
1987 07 08 1038 122.280 -32.540   5.0 4.36 MW ML2MW
1987 07 19 0303 113.060 -27.220   5.0 4.36 MW ML2MW
1987 08 21 0939 122.370 -32.660   5.0 3.04 MW ML2MW
1987 08 30 1423 128.679 -16.739  14.0 4.13 MW ML2MW
1987 09 18 0041 119.220 -16.760   5.0 3.37 MW ML2MW
1987 09 24 2046 115.650 -19.670   5.0 3.59 MW ML2MW
1987 10 09 0358 121.262 -30.913  16.0 3.97 MW ML2MW
1987 10 16 1119 112.560 -25.760   5.0 3.99 MW ML2MW
1987 10 21 0233 112.840 -26.360   5.0 3.24 MW ML2MW
1987 10 25 2242 119.220 -18.170   5.0 3.31 MW ML2MW
1987 11 06 1336 122.966 -13.388  10.0 3.60 MW ML2MW
1987 11 15 1227 122.220 -32.510   5.0 3.07 MW ML2MW
1987 11 15 1237 114.000 -23.310   5.0 3.14 MW ML2MW
1987 11 19 1800 120.150 -21.300  25.0 3.46 MW ML2MW
1987 12 04 1315 120.624 -17.655  10.0 4.24 MW ML2MW
1987 12 20 1211 121.083 -30.483   5.0 3.39 MW ML2MW
1987 12 25 1936 120.652 -16.326  10.0 3.85 MW ML2MW
1987 12 27 0807 114.380 -23.760   5.0 3.44 MW ML2MW
1988 01 01 0901 117.770 -30.760   5.0 3.72 MW ML2MW
1988 01 06 0342 117.500 -31.200   2.0 4.14 MW ML2MW
1988 01 20 1740 116.370 -18.000   5.0 3.09 MW ML2MW
1988 02 06 0524 124.730 -16.601  15.0 5.10 MW EHB
1988 03 12 1359 128.829 -16.640   5.0 3.11 MW ML2MW
1988 03 14 0748 116.800 -30.540   4.0 3.51 MW ML2MW
1988 03 20 1915 114.000 -29.110   5.0 3.03 MW ML2MW
1988 04 17 1354 116.770 -30.520   2.0 3.07 MW ML2MW
1988 05 18 0903 122.280 -18.960   5.0 3.11 MW ML2MW
1988 05 26 1704 116.910 -27.900   5.0 3.05 MW ML2MW
1988 05 29 0606 122.435 -13.864  10.0 3.24 MW ML2MW
1988 06 23 1131 128.606 -16.814  10.0 4.08 MW ML2MW
1988 07 10 1751 117.940 -33.500   5.0 3.07 MW ML2MW
1988 07 14 2236 128.783 -16.862  33.0 3.94 MW ML2MW
1988 07 16 0016 117.050 -25.080   5.0 3.10 MW ML2MW
1988 07 30 0414 123.540 -18.410   5.0 3.08 MW ML2MW
1988 08 15 0413 122.220 -32.510   5.0 3.52 MW ML2MW
1988 08 22 1313 121.660 -16.420   5.0 3.30 MW ML2MW
1988 08 25 2133 128.583 -16.694  10.0 3.22 MW ML2MW
1988 09 10 0746 116.560 -33.320   1.0 3.10 MW ML2MW
1988 09 21 0228 128.130 -17.380   5.0 3.41 MW ML2MW
1988 10 19 1549 115.310 -22.840   5.0 3.24 MW ML2MW
1988 10 24 1759 115.830 -20.260   5.0 3.24 MW ML2MW
1988 11 24 2344 116.440 -25.350   5.0 3.16 MW ML2MW
1988 11 27 1407 123.010 -30.370   5.0 3.24 MW ML2MW
1988 12 15 1856 124.583 -19.164   5.0 3.68 MW ML2MW
1988 12 25 1001 117.730 -27.420   5.0 3.12 MW ML2MW
1989 01 07 1141 116.060 -25.390   5.0 3.69 MW ML2MW
1989 02 17 1151 117.550 -19.340   5.0 3.04 MW ML2MW
1989 02 24 1216 113.940 -20.030   5.0 3.13 MW ML2MW
1989 02 27 2325 122.586 -12.337  33.0 3.80 MW mb2MW
1989 03 03 0051 121.570 -21.690   5.0 3.02 MW ML2MW
1989 03 03 1326 123.661 -29.340  10.0 4.88 MW ML2MW
1989 03 21 1800 114.580 -23.240  10.0 3.51 MW ML2MW
1989 03 31 0400 116.929 -30.943  20.0 3.08 MW ML2MW
1989 04 10 0737 126.618 -17.124   5.0 3.28 MW ML2MW
1989 04 17 0349 123.760 -28.746   5.0 3.10 MW ML2MW
1989 07 20 0929 114.888 -33.967   5.0 3.14 MW ML2MW
1989 07 23 0120 118.334 -33.567   1.0 3.01 MW ML2MW
1989 09 12 0943 128.396 -15.559  33.0 4.39 MW mb2MW
1989 11 04 0057 127.798 -17.236   5.0 3.33 MW ML2MW
1989 12 05 2249 118.942 -21.318  10.0 3.55 MW ML2MW
1989 12 21 1729 114.086 -21.867   5.0 3.03 MW ML2MW
1990 02 01 2258 117.809 -33.449   0.0 3.04 MW ML2MW
1990 02 18 2247 117.982 -18.183   5.0 4.35 MW ML2MW
1990 02 20 1418 128.532 -16.713  10.0 3.19 MW ML2MW
1990 03 17 0548 117.821 -33.413   5.0 3.26 MW ML2MW
1990 03 20 2109 124.310 -18.506   5.0 3.42 MW ML2MW
1990 03 28 0713 121.485 -30.760   1.0 3.04 MW ML2MW
1990 03 30 1131 113.385 -24.022   5.0 3.50 MW ML2MW
1990 04 01 1035 122.589 -13.359  33.0 3.63 MW mb2MW
1990 04 15 0620 114.057 -22.327   5.0 3.26 MW ML2MW
1990 04 30 0424 116.808 -30.529   1.0 3.11 MW ML2MW
1990 05 28 0823 113.839 -27.549   5.0 3.04 MW ML2MW
1990 05 30 1943 116.806 -30.534   3.0 3.26 MW ML2MW
1990 06 27 1423 123.117 -18.833   5.0 3.19 MW ML2MW
1990 07 13 1818 116.318 -18.853   5.0 3.11 MW ML2MW
1990 07 17 0513 121.477 -30.769   1.0 3.26 MW ML2MW
1990 08 17 1214 122.631 -17.849  10.0 4.08 MW ML2MW
1990 08 28 1004 112.751 -22.864   5.2 3.58 MW ML2MW
1990 09 12 1205 122.870 -18.630   5.0 3.26 MW ML2MW
1990 10 15 1949 113.924 -22.505   5.0 3.26 MW ML2MW
1990 10 18 0952 115.804 -25.912   5.0 3.04 MW ML2MW
1991 01 08 0527 117.066 -30.616   3.2 3.34 MW ML2MW
1991 01 09 1022 123.921 -17.534  10.0 3.66 MW ML2MW
1991 02 04 0827 115.712 -18.718   5.0 3.66 MW ML2MW
1991 02 08 0015 114.246 -24.638   5.0 3.04 MW ML2MW
1991 03 09 0136 121.423 -30.761  11.0 4.08 MW ML2MW
1991 03 09 1522 120.752 -20.570   5.0 3.04 MW ML2MW
1991 03 17 0938 114.010 -28.092   5.0 3.34 MW ML2MW
1991 03 24 0311 115.962 -21.914   5.0 3.11 MW ML2MW
1991 04 09 1400 116.993 -20.647   5.0 3.42 MW ML2MW
1991 04 14 0746 111.306 -26.664   5.0 3.66 MW ML2MW
1991 04 20 1508 112.506 -27.384   5.0 3.19 MW ML2MW
1991 05 07 0528 118.407 -18.799   5.0 3.11 MW ML2MW
1991 05 15 0906 113.042 -22.325  35.0 3.11 MW ML2MW
1991 05 16 0202 116.093 -25.457   9.0 3.04 MW ML2MW
1991 05 21 0212 125.486 -15.455   5.0 3.11 MW ML2MW
1991 06 14 1222 122.318 -32.603   5.0 3.58 MW ML2MW
1991 06 17 0452 121.678 -19.974   5.0 3.19 MW ML2MW
1991 07 02 0648 111.266 -26.954   5.0 3.58 MW ML2MW
1991 07 28 0531 122.305 -17.719   5.0 3.19 MW ML2MW
1991 08 17 0008 115.699 -29.127   5.0 3.04 MW ML2MW
1991 08 18 1156 128.607 -16.770  10.0 3.82 MW ML2MW
1991 08 30 1404 119.671 -20.535   5.0 3.34 MW ML2MW
1991 09 05 0611 112.678 -25.093   5.0 3.11 MW ML2MW
1991 09 11 0212 114.042 -22.536   5.0 3.04 MW ML2MW
1991 09 23 2119 120.786 -21.171  10.0 3.91 MW ML2MW
1991 10 06 2259 129.087 -16.877   5.0 3.58 MW ML2MW
1991 10 09 1646 128.663 -16.706   5.0 3.66 MW ML2MW
1991 10 18 0907 114.126 -20.500   5.0 4.17 MW ML2MW
1991 10 25 0505 119.907 -20.460   5.0 3.11 MW ML2MW
1991 11 05 0926 122.097 -32.836   5.0 3.74 MW ML2MW
1991 11 18 0449 119.420 -20.398   5.0 3.42 MW ML2MW
1991 11 24 1438 117.001 -19.375   5.0 3.19 MW ML2MW
1991 12 06 1458 112.167 -26.763   5.0 3.34 MW ML2MW
1991 12 11 1759 117.745 -30.394   2.0 3.26 MW ML2MW
1991 12 13 0448 117.360 -34.389   1.0 4.17 MW ML2MW
1992 01 04 0714 117.279 -31.997   1.0 3.34 MW ML2MW
1992 01 07 0631 123.374 -30.496  37.0 3.19 MW ML2MW
1992 01 14 2127 117.275 -31.997   5.0 3.04 MW ML2MW
1992 04 16 0801 116.674 -24.416   5.3 3.34 MW ML2MW
1992 04 18 2040 123.250 -17.322  10.0 3.50 MW ML2MW
1992 04 28 2134 116.485 -27.539  37.0 3.26 MW ML2MW
1992 05 14 0132 122.210 -32.309   5.0 3.04 MW ML2MW
1992 06 25 1959 113.135 -23.552   5.0 3.26 MW ML2MW
1992 07 07 1609 121.052 -21.360  10.0 3.26 MW ML2MW
1992 07 12 1746 123.066 -19.903   5.0 3.11 MW ML2MW
1992 07 12 2142 114.089 -32.789   5.0 3.42 MW ML2MW
1992 07 27 1159 122.139 -17.616   5.0 3.91 MW ML2MW
1992 08 05 2152 114.409 -21.585   5.0 3.04 MW ML2MW
1992 08 27 1919 123.600 -12.407  33.0 3.66 MW ML2MW
1992 08 30 1740 119.064 -18.214   5.0 3.19 MW ML2MW
1992 10 21 2142 121.912 -15.252   5.0 3.26 MW ML2MW
1992 10 27 1715 119.110 -18.193  33.0 3.74 MW ML2MW
1992 11 09 0536 119.275 -18.202   5.0 3.42 MW ML2MW
1992 11 16 2104 127.206 -17.034   5.0 3.26 MW ML2MW
1992 11 29 1557 116.356 -23.937  10.0 3.11 MW ML2MW
1993 01 28 2046 116.865 -27.890   5.0 3.19 MW ML2MW
1993 02 07 0551 116.363 -30.522   5.0 3.11 MW ML2MW
1993 02 27 2208 122.317 -32.625   5.0 3.42 MW ML2MW
1993 03 08 1142 120.793 -21.108   5.0 3.42 MW ML2MW
1993 03 11 2216 114.606 -21.552   5.0 3.50 MW ML2MW
1993 03 12 1704 115.556 -30.075   9.0 3.19 MW ML2MW
1993 03 26 0020 113.925 -22.043  37.5 3.11 MW ML2MW
1993 03 27 0808 122.821 -18.561   5.0 3.19 MW ML2MW
1993 04 15 0005 121.138 -15.724  10.0 3.34 MW ML2MW
1993 04 28 1450 119.434 -17.822   5.0 3.04 MW ML2MW
1993 05 14 2014 113.472 -22.978   5.0 3.91 MW ML2MW
1993 06 07 1508 119.174 -18.093   5.0 3.11 MW ML2MW
1993 06 10 0336 122.298 -32.458   5.0 3.34 MW ML2MW
1993 07 09 1006 115.713 -24.458   5.0 3.58 MW ML2MW
1993 08 28 1926 127.925 -16.133   5.0 3.26 MW ML2MW
1993 10 03 0231 113.722 -22.019   5.0 3.11 MW ML2MW
1993 11 20 0120 113.978 -23.051   5.0 3.04 MW ML2MW
1994 01 07 1213 122.297 -32.425   5.0 3.11 MW ML2MW
1994 02 20 1432 123.757 -29.608   5.0 3.26 MW ML2MW
1994 02 28 0758 127.270 -15.172   5.0 3.26 MW ML2MW
1994 03 23 1150 117.714 -20.292   5.0 3.66 MW ML2MW
1994 04 20 2040 116.288 -20.224   5.0 3.04 MW ML2MW
1994 04 26 1549 118.481 -30.605   5.0 3.99 MW ML2MW
1994 06 06 1017 118.074 -33.715   5.0 3.04 MW ML2MW
1994 07 22 1136 123.418 -12.199  33.0 3.55 MW mb2MW
1994 09 04 1301 124.253 -30.688   5.0 4.17 MW ML2MW
1994 10 09 1501 128.070 -16.652   5.0 3.58 MW ML2MW
1994 10 11 1034 121.307 -33.294   3.0 3.82 MW ML2MW
1994 10 25 0809 123.689 -12.213  33.0 4.05 MW mb2MW
1994 11 23 2053 116.736 -31.977   5.0 3.11 MW ML2MW
1995 01 09 0533 120.526 -20.936   5.0 3.50 MW ML2MW
1995 01 20 0804 120.780 -20.891   5.0 3.26 MW ML2MW
1995 01 27 1914 123.229 -18.859   5.0 3.42 MW ML2MW
1995 02 11 0812 113.904 -27.206   5.0 3.04 MW ML2MW
1995 02 21 0126 122.512 -18.886   5.0 3.19 MW ML2MW
1995 03 17 0927 123.529 -18.086   5.0 3.04 MW ML2MW
1995 04 20 1311 118.184 -33.282   1.8 3.34 MW ML2MW
1995 04 20 1403 123.605 -12.230  24.5 3.97 MW mb2MW
1995 06 18 0745 126.380 -11.116 150.0 4.08 MW ML2MW
1995 06 25 2023 121.439 -16.066   5.0 3.34 MW ML2MW
1995 07 01 1843 122.416 -17.483  36.5 3.26 MW ML2MW
1995 07 15 0222 115.546 -30.058   5.0 3.04 MW ML2MW
1995 08 07 0030 120.146 -21.362   5.0 3.19 MW ML2MW
1995 08 15 0157 120.813 -18.414   5.0 3.19 MW ML2MW
1995 08 17 1336 113.199 -25.618   5.0 3.19 MW ML2MW
1995 08 20 1957 122.619 -12.385  59.0 3.80 MW mb2MW
1995 08 25 1150 112.183 -23.754   5.0 4.22 MW mb2MW
1995 09 15 0440 118.049 -19.354  22.0 3.11 MW ML2MW
1995 10 19 0355 122.835 -18.546   5.0 3.34 MW ML2MW
1995 10 29 0655 113.531 -24.063   5.0 3.42 MW ML2MW
1995 12 10 1251 123.248 -14.281   5.0 3.34 MW ML2MW
1995 12 12 2211 124.282 -18.527   5.0 3.34 MW ML2MW
1996 01 01 1235 127.920 -14.490  33.0 3.21 MW mb2MW
1996 01 22 1234 120.813 -21.123   5.0 3.11 MW ML2MW
1996 01 26 1041 117.205 -19.438   5.0 3.04 MW ML2MW
1996 02 04 1755 120.897 -18.863   5.0 3.42 MW ML2MW
1996 03 11 0039 113.860 -29.209   5.0 3.11 MW ML2MW
1996 03 11 0624 117.610 -31.454   1.0 3.19 MW ML2MW
1996 03 11 2324 127.149 -16.578   5.0 3.58 MW ML2MW
1996 03 13 0340 123.064 -12.584  33.0 3.91 MW ML2MW
1996 03 17 2239 114.302 -21.820   5.0 3.42 MW ML2MW
1996 04 02 0355 127.890 -10.600  64.0 3.50 MW ML2MW
1996 04 06 0846 119.397 -17.902   5.0 3.26 MW ML2MW
1996 04 28 2052 128.651 -16.663  18.0 3.11 MW ML2MW
1996 05 10 1248 120.163 -20.856  14.6 3.42 MW ML2MW
1996 05 14 2314 116.802 -34.036   1.0 3.11 MW ML2MW
1996 05 21 2021 121.966 -18.535  30.0 3.26 MW ML2MW
1996 05 28 0126 128.573 -10.213  67.0 3.72 MW mb2MW
1996 06 01 0715 121.468 -30.743   1.0 3.19 MW ML2MW
1996 07 15 0519 116.075 -26.239  18.0 3.04 MW ML2MW
1996 08 29 1214 120.132 -21.034   5.0 3.66 MW ML2MW
1996 09 02 0546 128.652 -16.563   1.0 3.11 MW ML2MW
1996 09 06 2024 115.047 -27.240   5.0 3.34 MW ML2MW
1996 09 18 2335 116.724 -31.978   1.0 3.19 MW ML2MW
1996 10 18 0528 114.588 -32.761   5.0 3.99 MW ML2MW
1996 10 23 1823 128.650 -16.598   5.0 3.58 MW ML2MW
1996 10 26 0854 117.909 -33.900   1.0 3.66 MW ML2MW
1996 11 16 0621 117.685 -31.454   3.0 3.34 MW ML2MW
1996 11 20 0555 113.280 -21.970   0.0 3.34 MW ML2MW
1996 11 30 1723 117.480 -25.230  10.0 3.63 MW mb2MW
1996 11 30 1738 116.682 -24.560   5.0 3.19 MW ML2MW
1996 12 03 0755 119.749 -32.004   1.0 3.19 MW ML2MW
1996 12 08 2129 124.630 -15.197  33.0 3.58 MW ML2MW
1996 12 31 1504 122.458 -17.708   5.0 3.26 MW ML2MW
1997 02 02 1936 124.073 -13.884  33.0 3.55 MW mb2MW
1997 02 05 1455 123.271 -29.851   5.0 3.34 MW ML2MW
1997 02 06 1356 123.916 -30.128   5.0 3.34 MW ML2MW
1997 02 20 1445 120.863 -15.951   5.0 3.50 MW ML2MW
1997 03 03 0305 127.003 -16.597   5.0 3.34 MW ML2MW
1997 03 18 2324 119.532 -19.209  33.0 3.34 MW ML2MW
1997 03 27 0614 117.673 -31.475   5.0 3.34 MW ML2MW
1997 04 21 1337 113.898 -22.729   5.0 3.19 MW ML2MW
1997 05 18 0835 112.975 -23.740   5.0 3.11 MW ML2MW
1997 05 21 1158 122.072 -14.902   5.0 3.26 MW ML2MW
1997 06 05 0515 122.376 -12.718   0.0 3.26 MW ML2MW
1997 06 28 0100 114.474 -23.512  12.9 3.11 MW ML2MW
1997 07 01 0606 115.642 -21.419   5.0 3.26 MW ML2MW
1997 07 08 2134 114.330 -28.465   5.0 4.08 MW ML2MW
1997 07 31 1914 123.284 -17.317   5.0 3.11 MW ML2MW
1997 08 03 0117 116.059 -28.604   5.0 3.04 MW ML2MW
1997 08 10 0920 124.333 -16.159  20.0 6.21 MW GCMT
1997 08 12 1811 111.128 -24.657   5.0 3.11 MW ML2MW
1997 08 17 1305 121.784 -17.151   5.0 3.19 MW ML2MW
1997 08 30 1855 118.691 -18.295   5.0 3.34 MW ML2MW
1997 08 31 1523 117.684 -31.449   5.0 4.44 MW ML2MW
1997 09 01 0948 123.138 -18.116   5.0 4.35 MW ML2MW
1997 09 12 1822 114.960 -21.106  37.0 3.66 MW ML2MW
1997 09 13 1158 113.653 -24.219   5.0 3.04 MW ML2MW
1997 10 02 0933 114.927 -23.049   5.0 3.11 MW ML2MW
1997 10 10 1717 116.786 -19.381   5.0 3.26 MW ML2MW
1997 10 22 1255 113.499 -21.919   5.0 3.04 MW ML2MW
1997 11 11 1226 128.168 -16.504   5.0 3.50 MW ML2MW
1997 11 19 1426 112.491 -22.583   5.0 3.66 MW ML2MW
1997 11 20 0144 118.855 -18.385   5.0 3.34 MW ML2MW
1997 11 23 0420 128.496 -16.798  33.0 3.04 MW ML2MW
1997 12 07 1750 116.490 -30.998   5.0 3.11 MW ML2MW
1997 12 14 1836 112.980 -23.943  84.0 3.34 MW ML2MW
1997 12 23 1011 115.064 -21.884   5.0 3.42 MW ML2MW
1997 12 28 1556 122.313 -32.621   5.0 3.11 MW ML2MW
1998 01 11 1432 122.817 -12.569   0.0 3.11 MW ML2MW
1998 01 31 1322 120.399 -21.214   5.0 3.66 MW ML2MW
1998 02 08 0446 122.259 -17.831   5.0 3.11 MW ML2MW
1998 02 11 0859 115.263 -23.558   5.0 3.11 MW ML2MW
1998 02 13 0510 124.087 -17.484   5.0 3.34 MW ML2MW
1998 03 12 1240 113.308 -23.750   5.0 3.26 MW ML2MW
1998 03 22 1753 122.164 -31.516   5.0 3.91 MW ML2MW
1998 04 08 1641 126.642 -17.925   5.0 3.04 MW ML2MW
1998 04 10 0346 122.343 -32.589   5.0 4.17 MW ML2MW
1998 04 12 1510 128.551 -16.924   5.0 3.04 MW ML2MW
1998 04 29 1034 117.477 -31.207   3.0 3.11 MW ML2MW
1998 05 11 1211 118.080 -33.694   1.0 3.26 MW ML2MW
1998 05 18 2145 111.366 -24.705   5.0 3.11 MW ML2MW
1998 05 25 0503 123.827 -13.827   0.0 3.34 MW ML2MW
1998 06 07 2242 117.683 -31.464   5.0 3.58 MW ML2MW
1998 06 13 2013 117.531 -18.955   5.0 3.19 MW ML2MW
1998 06 22 0946 119.947 -21.886   5.0 3.91 MW ML2MW
1998 06 27 0701 121.605 -30.815   5.0 3.50 MW ML2MW
1998 07 05 0849 118.640 -26.249   5.0 3.04 MW ML2MW
1998 07 08 1044 121.416 -30.777   1.0 3.04 MW ML2MW
1998 07 13 0531 120.981 -15.904   5.0 3.19 MW ML2MW
1998 07 21 1223 113.504 -28.226   5.0 3.11 MW ML2MW
1998 08 08 0736 123.997 -15.634   0.0 3.42 MW ML2MW
1998 08 08 1326 123.420 -12.766  33.0 3.97 MW mb2MW
1998 08 15 1941 123.361 -12.876  33.0 3.38 MW mb2MW
1998 08 17 0245 123.565 -17.662   5.0 3.11 MW ML2MW
1998 09 13 2250 123.208 -12.501   5.0 3.34 MW ML2MW
1998 10 14 2226 121.320 -31.033   5.0 3.58 MW ML2MW
1998 11 02 0226 113.886 -19.862  10.0 4.14 MW mb2MW
1998 11 13 1154 124.887 -19.132   7.0 3.74 MW ML2MW
1999 01 22 0007 116.936 -33.970   1.0 3.26 MW ML2MW
1999 01 23 2256 115.553 -21.464   5.0 3.42 MW ML2MW
1999 03 06 1530 118.213 -23.589  10.0 3.58 MW ML2MW
1999 03 22 0122 127.312 -16.692   5.0 3.50 MW ML2MW
1999 03 27 2209 124.441 -30.832   5.0 3.11 MW ML2MW
1999 04 01 2239 120.917 -15.984   5.0 3.19 MW ML2MW
1999 04 10 2227 124.752 -19.621   5.0 3.26 MW ML2MW
1999 04 18 2143 122.766 -13.679   5.0 3.26 MW ML2MW
1999 05 02 1559 116.300 -20.820   5.0 3.26 MW ML2MW
1999 06 25 0036 113.910 -22.850   5.0 3.91 MW ML2MW
1999 08 25 1223 112.570 -24.340   5.0 3.11 MW ML2MW
1999 10 29 0615 113.780 -22.170  18.0 3.26 MW ML2MW
1999 11 04 1836 127.480 -15.970   5.0 3.11 MW ML2MW
1999 11 09 0505 121.390 -28.820   5.0 3.58 MW ML2MW
1999 11 30 1512 119.770 -21.240   5.0 3.26 MW ML2MW
1999 12 09 1928 119.517 -20.470   5.0 3.26 MW ML2MW
1999 12 16 1236 125.880 -16.840   5.0 3.11 MW ML2MW
1999 12 31 0459 119.780 -32.110   1.0 3.11 MW ML2MW
2000 01 07 0302 121.430 -18.100   5.0 3.11 MW ML2MW
2000 01 13 0224 123.806 -16.478   5.0 3.92 MW ML2MW
2000 01 20 1501 114.050 -24.130   5.0 3.47 MW ML2MW
2000 02 02 2324 118.255 -33.700   5.0 3.26 MW ML2MW
2000 02 06 1251 121.705 -17.121   5.0 3.26 MW ML2MW
2000 02 08 1337 122.277 -13.529  33.0 3.55 MW mb2MW
2000 02 15 1744 127.654 -14.118   0.0 3.45 MW ML2MW
2000 02 24 2044 117.790 -30.750   8.0 3.42 MW ML2MW
2000 03 01 0611 123.466 -12.610   5.0 3.26 MW ML2MW
2000 03 01 2211 119.290 -18.100   5.0 3.11 MW ML2MW
2000 03 19 2307 113.190 -24.100  11.0 3.11 MW ML2MW
2000 04 01 1329 111.629 -25.186   0.0 4.11 MW ML2MW
2000 04 13 0314 128.635 -16.421  15.0 3.70 MW ML2MW
2000 05 14 1239 112.960 -23.282  10.0 3.80 MW mb2MW
2000 05 22 1425 116.945 -25.326   5.0 3.11 MW ML2MW
2000 05 25 0425 114.792 -20.722   5.0 3.19 MW ML2MW
2000 06 05 0349 118.574 -30.578   2.0 3.10 MW ML2MW
2000 06 20 1412 124.121 -11.736   2.0 3.34 MW ML2MW
2000 07 25 0333 113.630 -24.190   5.0 3.79 MW ML2MW
2000 07 29 0245 123.749 -29.933  10.0 3.26 MW ML2MW
2000 07 30 1850 122.760 -17.720  10.0 3.07 MW ML2MW
2000 09 09 1731 124.086 -16.678  10.0 3.77 MW ML2MW
2000 09 16 0429 113.055 -22.612  27.0 3.11 MW ML2MW
2000 09 22 0604 117.058 -30.526   1.1 3.65 MW ML2MW
2000 09 24 0907 114.791 -22.090  10.0 3.41 MW ML2MW
2000 10 02 1133 113.143 -22.696  13.0 3.66 MW ML2MW
2000 11 16 0125 118.386 -34.537   0.0 3.10 MW ML2MW
2001 01 03 1509 118.036 -30.873   5.0 3.04 MW ML2MW
2001 01 04 2123 123.887 -28.940  10.0 3.49 MW ML2MW
2001 01 25 1406 126.450 -18.350   0.0 3.42 MW ML2MW
2001 01 31 0352 116.961 -30.534   0.0 3.03 MW ML2MW
2001 02 02 0322 122.410 -20.915  20.0 3.19 MW ML2MW
2001 03 08 1049 120.326 -31.457  10.0 3.99 MW ML2MW
2001 03 27 0458 122.408 -32.029  10.0 3.41 MW ML2MW
2001 04 01 0842 113.480 -20.350  10.0 3.91 MW ML2MW
2001 04 25 2337 124.280 -30.910   5.0 3.38 MW ML2MW
2001 04 29 1954 114.042 -27.651   9.0 3.63 MW mb2MW
2001 04 30 2338 113.070 -24.500  18.0 3.44 MW ML2MW
2001 05 11 0811 127.460 -14.490   0.0 3.74 MW ML2MW
2001 05 21 1119 119.780 -31.984   0.0 3.04 MW ML2MW
2001 05 24 0951 122.638 -12.149  10.0 3.26 MW ML2MW
2001 06 23 2202 112.860 -21.980  20.0 3.80 MW ML2MW
2001 06 26 2256 119.490 -20.170  10.0 3.11 MW ML2MW
2001 06 30 0817 117.822 -32.145   0.0 3.10 MW ML2MW
2001 07 27 0423 124.366 -18.384   0.0 3.48 MW ML2MW
2001 08 06 1421 128.803 -10.044  90.0 3.26 MW ML2MW
2001 08 25 0338 120.940 -18.870   5.0 3.42 MW ML2MW
2001 09 04 1656 115.192 -27.288   5.0 3.45 MW ML2MW
2001 09 11 0356 114.990 -24.820   2.0 3.35 MW ML2MW
2001 09 28 0254 117.061 -30.536   2.3 5.02 MW ML2MW
2001 10 06 1631 120.046 -17.656   0.0 3.45 MW ML2MW
2001 10 19 1743 120.628 -33.712  10.0 5.01 MW ML2MW
2001 11 02 0238 123.428 -12.695  33.0 3.38 MW mb2MW
2001 12 01 2209 122.592 -12.967  23.0 3.24 MW ML2MW
2001 12 26 1854 117.688 -31.380   2.9 3.25 MW ML2MW
2002 02 05 1751 122.320 -17.457   0.0 3.46 MW ML2MW
2002 04 05 1910 112.388 -25.181  10.0 3.97 MW ML2MW
2002 04 30 1517 114.013 -32.993  10.0 3.45 MW ML2MW
2002 05 02 0405 119.599 -17.742   2.0 3.37 MW ML2MW
2002 05 11 1350 113.192 -25.023   6.0 3.04 MW ML2MW
2002 06 13 1846 114.230 -19.691  15.0 4.26 MW ML2MW
2002 06 13 2036 113.900 -20.841  10.0 4.05 MW mb2MW
2002 07 18 0423 119.872 -32.195  10.0 3.91 MW ML2MW
2002 07 24 2048 121.243 -30.382  10.0 3.33 MW ML2MW
2002 08 02 1343 121.207 -30.917   3.0 3.83 MW ML2MW
2002 08 16 2225 114.461 -22.814  10.0 3.68 MW ML2MW
2002 10 08 1554 115.498 -25.263   5.0 4.33 MW ML2MW
2002 10 15 0359 118.581 -19.717  10.0 3.95 MW ML2MW
2002 10 25 0646 123.114 -15.743   8.0 3.30 MW ML2MW
2002 10 31 2251 123.752 -16.814   0.0 3.06 MW ML2MW
2002 11 05 1225 123.320 -16.362   0.0 4.08 MW ML2MW
2002 11 17 1105 114.187 -19.851  10.0 3.33 MW ML2MW
2003 02 04 0753 116.974 -20.752   5.0 3.49 MW ML2MW
2003 03 18 1906 123.629 -17.086   5.0 3.76 MW ML2MW
2003 04 08 0313 121.917 -14.642  33.0 3.45 MW ML2MW
2003 04 10 0041 114.333 -29.330  10.0 3.39 MW ML2MW
2003 04 30 0255 111.072 -25.086  22.0 3.28 MW ML2MW
2003 05 20 1232 128.431 -16.846   5.0 3.03 MW ML2MW
2003 05 25 2228 118.601 -20.310   0.0 3.02 MW ML2MW
2003 05 31 0316 115.589 -26.122  10.0 3.65 MW ML2MW
2003 06 19 0726 113.192 -25.481   1.0 3.09 MW ML2MW
2003 07 18 2008 116.547 -31.172   0.0 3.04 MW ML2MW
2003 07 27 2257 125.142 -19.012  10.0 3.26 MW ML2MW
2003 08 15 0541 122.647 -28.608   0.0 3.19 MW ML2MW
2003 10 04 0145 122.465 -13.731   5.0 3.05 MW ML2MW
2003 10 19 0842 112.143 -24.983 116.0 3.43 MW ML2MW
2003 11 12 2057 122.797 -13.237 105.0 3.38 MW mb2MW
2004 01 14 0109 122.789 -12.864  75.0 3.66 MW ML2MW
2004 01 17 1608 122.396 -18.783  10.0 3.87 MW ML2MW
2004 01 23 1531 123.549 -31.672  14.9 4.23 MW ML2MW
2004 01 23 1820 123.700 -12.020 107.0 3.47 MW mb2MW
2004 02 03 2339 117.094 -30.746   0.0 3.10 MW ML2MW
2004 02 11 1935 121.132 -31.129   0.0 3.02 MW ML2MW
2004 03 01 2233 123.171 -32.423   1.7 3.24 MW ML2MW
2004 03 24 0627 124.144 -29.849  10.0 3.19 MW ML2MW
2004 04 03 0729 128.715 -16.756  10.0 3.26 MW ML2MW
2004 04 08 1024 124.198 -12.349  98.0 3.80 MW mb2MW
2004 05 10 1839 113.004 -24.516  20.0 3.44 MW ML2MW
2004 05 12 1125 116.924 -19.780  36.0 3.32 MW ML2MW
2004 05 31 2232 121.760 -31.326   0.0 3.61 MW ML2MW
2004 07 18 1417 116.900 -20.800   0.0 3.00 MW ML2MW
2004 09 04 1044 117.030 -30.902   1.7 3.03 MW ML2MW
2004 09 10 0847 117.061 -30.550   5.0 3.18 MW ML2MW
2004 09 25 1510 129.152 -16.776  10.0 3.99 MW ML2MW
2004 10 11 1225 117.098 -30.879   0.0 3.25 MW ML2MW
2004 10 18 2227 127.437 -16.527   9.0 3.02 MW ML2MW
2004 11 01 1315 124.844 -19.111   8.9 3.89 MW ML2MW
2004 11 23 1050 127.153 -16.937  10.0 3.95 MW ML2MW
2004 11 24 0242 117.726 -30.548  10.0 4.16 MW Allen et al. (2006)
2004 12 02 2128 117.635 -18.650  20.0 3.08 MW ML2MW
2004 12 13 1326 117.070 -30.427   2.1 3.18 MW ML2MW
2004 12 13 2334 113.895 -21.936   0.0 3.05 MW ML2MW
2004 12 16 0955 125.120 -17.597  11.8 3.50 MW ML2MW
2004 12 23 0427 124.414 -15.048   0.0 3.82 MW ML2MW
2005 01 03 0040 117.479 -30.652   1.5 3.58 MW ML2MW
2005 01 09 1711 120.740 -20.613   0.0 3.58 MW ML2MW
2005 01 24 0943 122.587 -17.530  10.0 3.72 MW ML2MW
2005 01 27 1717 119.236 -31.416   5.4 3.56 MW ML2MW
2005 01 27 1729 122.381 -32.467  10.0 3.41 MW ML2MW
2005 02 18 1757 121.085 -32.827   0.0 3.39 MW ML2MW
2005 02 23 1935 122.095 -14.636  10.0 4.22 MW mb2MW
2005 02 24 1657 117.485 -30.629   2.5 3.42 MW ML2MW
2005 02 27 0617 118.282 -33.606   0.0 3.64 MW ML2MW
2005 03 07 1452 112.565 -24.309  10.0 3.35 MW ML2MW
2005 03 08 0454 122.014 -14.738  10.0 3.88 MW mb2MW
2005 03 16 0127 117.464 -30.639   2.6 3.55 MW Allen et al. (2006)
2005 03 18 1104 117.343 -30.717  10.0 3.04 MW ML2MW
2005 03 19 2138 115.764 -20.800  10.0 3.67 MW ML2MW
2005 03 22 1951 119.610 -21.004  10.0 4.10 MW ML2MW
2005 03 25 0416 117.217 -31.160   5.0 3.10 MW ML2MW
2005 04 02 0914 127.241 -16.645   0.0 3.08 MW ML2MW
2005 04 14 1717 118.344 -33.507   0.0 3.02 MW ML2MW
2005 04 18 1353 118.273 -33.614   2.0 3.03 MW ML2MW
2005 05 01 0943 117.912 -30.194   2.7 4.07 MW ML2MW
2005 05 04 1845 117.319 -25.932   9.0 3.32 MW ML2MW
2005 05 06 0659 115.963 -31.635   2.0 3.02 MW ML2MW
2005 05 18 2339 119.374 -20.108  26.0 4.26 MW ML2MW
2005 05 27 1210 117.447 -30.650   4.3 3.42 MW ML2MW
2005 06 09 1644 115.068 -23.093  14.5 3.58 MW ML2MW
2005 06 12 1051 117.108 -30.802   2.3 4.24 MW ML2MW
2005 06 12 2036 117.030 -30.558   7.6 4.40 MW ML2MW
2005 09 21 2246 117.165 -30.146   2.0 4.06 MW Ghasemi et al (2016)
2005 11 15 1450 128.666 -16.486   2.0 3.20 MW ML2MW
2005 11 25 2032 117.195 -30.134   2.2 3.64 MW ML2MW
2005 12 01 0152 117.038 -30.536   2.5 3.10 MW ML2MW
2005 12 20 1949 114.102 -29.400  10.0 3.78 MW ML2MW
2005 12 26 0750 128.746 -16.133   0.0 3.06 MW ML2MW
2005 12 26 2040 122.762 -13.834  10.0 4.22 MW mb2MW
2005 12 27 0932 112.757 -24.860   0.0 3.53 MW ML2MW
2006 01 29 0940 113.446 -21.676  22.0 3.49 MW ML2MW
2006 02 16 0046 122.536 -17.735  10.0 3.21 MW mb2MW
2006 02 22 0842 128.384 -10.382  35.0 3.13 MW mb2MW
2006 03 07 0106 117.142 -30.146   2.2 3.64 MW ML2MW
2006 03 29 1257 117.685 -30.280   0.0 3.18 MW ML2MW
2006 04 02 0839 119.081 -22.368  10.0 3.97 MW ML2MW
2006 05 24 2200 127.138 -16.534   2.3 3.08 MW ML2MW
2006 05 26 0738 128.691 -16.664   0.0 3.11 MW ML2MW
2006 06 03 1626 121.808 -16.813  10.0 3.20 MW ML2MW
2006 06 06 1534 117.838 -25.119  10.0 4.40 MW ML2MW
2006 07 04 1608 121.526 -30.779   7.0 3.23 MW ML2MW
2006 09 02 1547 116.609 -24.482   2.0 3.56 MW ML2MW
2006 09 18 0823 123.289 -17.686   0.0 3.21 MW mb2MW
2006 10 06 1206 113.904 -22.269  26.0 3.17 MW ML2MW
2006 12 07 1058 117.411 -25.188  14.0 3.41 MW ML2MW
2006 12 21 1210 121.456 -30.731   0.0 3.12 MW ML2MW
2007 02 09 1634 123.613 -17.818  15.0 3.29 MW ML2MW
2007 02 15 1538 113.383 -25.918  10.0 5.05 MW Leask (2010); Young (2011)
2007 02 17 1344 126.617 -17.903   0.0 3.42 MW ML2MW
2007 02 28 2022 123.232 -18.723  16.0 3.51 MW ML2MW
2007 03 06 0407 124.341 -29.933   1.0 3.82 MW ML2MW
2007 04 25 2027 127.151 -18.119   0.0 3.17 MW ML2MW
2007 04 28 2219 124.759 -12.018  21.0 3.97 MW mb2MW
2007 06 28 1602 112.923 -28.741  15.0 3.25 MW ML2MW
2007 08 05 0712 117.648 -33.185  17.0 3.55 MW ML2MW
2007 08 24 0609 128.672 -16.657   0.0 3.04 MW ML2MW
2007 08 26 0034 115.369 -22.145   6.0 3.33 MW ML2MW
2007 08 28 1533 115.942 -35.429  18.0 4.43 MW ML2MW
2007 10 09 2358 117.505 -33.946   0.0 4.74 MW Dawson et al. (2008); Somerville et al. (2009); Ghasemi et al (2016)
2007 11 07 1910 114.933 -23.833   0.0 4.32 MW ML2MW
2007 11 12 1326 121.519 -30.699   4.0 3.05 MW ML2MW
2007 11 26 1005 123.719 -30.127   2.0 3.37 MW ML2MW
2007 11 27 0248 115.047 -23.219  10.0 3.74 MW ML2MW
2007 12 13 0529 122.823 -12.537  15.0 3.75 MW ML2MW
2008 01 13 1616 117.069 -26.650   2.5 3.09 MW ML2MW
2008 01 18 1040 118.590 -30.534  13.9 3.03 MW ML2MW
2008 01 19 1224 122.127 -33.016   0.0 3.31 MW ML2MW
2008 01 28 1537 113.872 -22.683   7.2 3.03 MW ML2MW
2008 02 22 0258 123.526 -19.097   2.1 3.20 MW ML2MW
2008 03 24 1731 118.385 -30.668  12.8 3.18 MW ML2MW
2008 03 31 0827 112.332 -27.666  18.0 4.20 MW ML2MW
2008 04 10 0813 116.960 -30.429  12.0 3.03 MW ML2MW
2008 04 17 1822 122.519 -18.709  10.0 3.24 MW ML2MW
2008 04 21 0729 117.210 -30.581  10.0 3.04 MW ML2MW
2008 05 03 2214 117.365 -31.168   5.0 3.73 MW ML2MW
2008 05 17 0036 116.975 -30.117   0.0 3.48 MW ML2MW
2008 05 28 0430 122.323 -18.596   0.0 4.49 MW ML2MW
2008 05 28 0935 118.920 -18.430   5.0 3.56 MW ML2MW
2008 06 01 1214 113.506 -24.208  10.0 3.23 MW ML2MW
2008 07 02 0240 121.473 -30.739   0.0 3.52 MW ML2MW
2008 07 04 1525 125.965 -31.700   0.6 3.07 MW ML2MW
2008 07 29 1109 122.110 -14.550   0.0 4.55 MW ML2MW
2008 08 01 1727 117.132 -30.495   0.0 3.37 MW ML2MW
2008 11 06 1456 116.655 -30.876   8.0 3.44 MW ML2MW
2008 12 15 1652 118.889 -30.409   7.2 3.14 MW ML2MW
2009 03 06 0135 121.240 -16.271  10.0 5.13 MW ML2MW
2009 04 05 2210 119.480 -16.940  10.0 4.30 MW mb2MW
2009 04 06 2050 117.191 -31.950   0.0 3.29 MW ML2MW
2009 04 07 2126 121.461 -30.785   0.0 3.37 MW ML2MW
2009 04 08 0531 116.881 -34.148   0.0 4.19 MW ML2MW
2009 04 28 1906 121.553 -30.644   3.0 3.37 MW ML2MW
2009 06 06 1826 113.267 -28.278   0.0 3.60 MW ML2MW
2009 06 21 0608 124.631 -30.308  10.0 3.37 MW ML2MW
2009 08 09 2117 117.734 -30.234   3.5 3.07 MW ML2MW
2009 10 24 1626 120.659 -33.468  10.0 4.28 MW MS2MW
2009 12 05 1540 114.013 -22.036  21.0 3.29 MW ML2MW
2010 01 05 0555 128.600 -17.009  10.0 3.38 MW ML2MW
2010 01 26 1825 115.510 -26.080   3.7 3.84 MW ML2MW
2010 02 14 1014 122.307 -32.506   0.0 3.42 MW ML2MW
2010 03 23 0340 128.712 -15.797   3.0 3.45 MW ML2MW
2010 04 20 0017 121.770 -30.745  10.0 4.16 MW Ghasemi et al (2016)
2010 04 21 1545 118.049 -32.322   3.0 3.22 MW ML2MW
2010 04 30 0038 117.763 -30.754   7.0 3.18 MW ML2MW
2010 05 19 2008 111.125 -24.985  50.0 3.79 MW ML2MW
2010 06 04 1056 121.385 -30.726   0.0 3.03 MW ML2MW
2010 06 08 2007 113.534 -21.935  34.0 3.93 MW ML2MW
2010 07 04 0348 113.667 -22.370  13.0 3.37 MW ML2MW
2010 07 05 1434 118.336 -24.916   0.0 3.12 MW ML2MW
2010 07 16 1635 119.068 -18.000   0.0 3.03 MW ML2MW
2010 07 29 1359 116.460 -30.640   1.0 3.14 MW ML2MW
2010 08 18 2054 117.219 -25.345   1.0 3.03 MW ML2MW
2010 08 22 0410 110.795 -24.777  10.0 3.61 MW ML2MW
2010 09 02 0427 117.799 -30.855   0.0 3.10 MW ML2MW
2010 09 18 1253 114.650 -22.045   0.0 3.21 MW ML2MW
2010 09 19 2123 121.642 -30.745   1.0 3.65 MW ML2MW
2010 09 26 2259 117.447 -30.520   0.0 3.29 MW ML2MW
2010 10 15 1306 117.435 -19.603  10.0 3.54 MW ML2MW
2010 10 17 1053 117.759 -30.209   0.0 3.20 MW ML2MW
2010 10 24 1017 124.228 -30.582  31.0 3.09 MW ML2MW
2010 10 30 2335 118.208 -33.303   2.1 3.14 MW ML2MW
2010 11 08 1941 119.162 -31.113  10.0 3.06 MW ML2MW
2010 12 22 2253 117.782 -30.661   5.0 3.01 MW ML2MW
2011 01 30 0857 118.105 -30.535   0.0 3.04 MW ML2MW
2011 02 28 1631 116.333 -20.564   6.0 3.60 MW ML2MW
2011 04 02 0607 117.345 -25.055   0.0 4.12 MW ML2MW
2011 04 14 0118 123.730 -18.197  20.0 3.52 MW ML2MW
2011 04 17 1841 113.730 -19.921  10.0 4.93 MW mb2MW
2011 04 26 1427 117.155 -30.508   0.0 3.65 MW ML2MW
2011 05 07 0523 123.021 -17.833  10.0 3.72 MW ML2MW
2011 05 09 0818 112.972 -27.250  10.0 3.66 MW ML2MW
2011 05 11 2034 125.207 -12.614   0.0 3.05 MW mb2MW
2011 05 12 1836 122.068 -32.463  19.0 3.38 MW ML2MW
2011 06 21 2003 113.481 -25.292   0.0 3.57 MW ML2MW
2011 06 27 2218 115.643 -25.283   0.0 3.90 MW ML2MW
2011 07 02 0048 123.958 -18.366   0.0 3.23 MW ML2MW
2011 07 11 1939 116.135 -20.051  33.0 3.47 MW ML2MW
2011 07 14 0235 114.173 -33.165   0.0 3.77 MW ML2MW
2011 07 14 0551 120.356 -20.865  12.0 4.27 MW Ghasemi et al (2016)
2011 07 17 0122 117.800 -31.837   2.0 3.03 MW ML2MW
2011 07 24 1316 114.557 -23.533  10.0 3.32 MW ML2MW
2011 07 27 0402 121.529 -30.573   0.0 3.54 MW ML2MW
2011 08 17 1109 128.677 -16.919   0.0 3.55 MW mb2MW
2011 09 01 0156 123.300 -18.845  10.0 3.74 MW ML2MW
2011 09 27 1913 117.800 -30.642   2.0 3.37 MW ML2MW
2011 10 05 1706 117.236 -33.730  16.0 3.69 MW ML2MW
2011 10 11 2122 117.135 -30.161  11.0 3.05 MW ML2MW
2011 11 01 0111 117.611 -31.151  10.0 3.04 MW ML2MW
2011 11 02 0332 121.474 -30.871   4.0 3.04 MW ML2MW
2011 11 23 1100 122.593 -12.527   0.0 3.11 MW ML2MW
2011 11 27 0654 117.560 -30.633   0.0 3.11 MW ML2MW
2011 12 05 1910 114.777 -21.809  10.0 5.26 MW GCMT; Ghasemi et al (2016)
2011 12 14 0549 123.152 -32.513  15.0 3.61 MW ML2MW
2012 01 10 1844 118.222 -33.308   0.0 3.46 MW ML2MW
2012 01 24 1142 116.935 -30.449  10.6 3.29 MW ML2MW
2012 02 18 0402 113.603 -24.096  10.0 3.02 MW ML2MW
2012 03 01 0418 120.644 -16.505  33.0 3.64 MW ML2MW
2012 03 09 0616 117.840 -30.410   8.0 3.68 MW ML2MW
2012 03 10 0530 117.005 -34.125  10.0 3.15 MW ML2MW
2012 03 13 1848 116.347 -28.795   0.0 3.02 MW ML2MW
2012 03 13 2026 117.186 -34.134  15.0 3.29 MW ML2MW
2012 03 16 1304 113.952 -27.009   5.0 3.35 MW ML2MW
2012 03 25 1657 117.843 -30.405  10.0 3.68 MW ML2MW
2012 03 29 0505 114.224 -29.031   3.0 3.51 MW ML2MW
2012 04 21 0133 118.203 -31.222  11.0 3.29 MW ML2MW
2012 05 10 2228 115.850 -23.903  10.0 3.05 MW ML2MW
2012 05 11 1827 128.104 -10.582 116.0 4.14 MW mb2MW
2012 07 18 0920 117.794 -30.429   2.0 3.76 MW ML2MW
2012 08 14 0051 117.789 -30.452  10.0 3.40 MW ML2MW
2012 08 28 1942 117.773 -30.438   5.0 3.21 MW ML2MW
2012 09 26 1737 121.072 -30.996  10.0 3.35 MW ML2MW
2012 11 14 2023 117.802 -30.322   2.0 3.11 MW ML2MW
2012 11 30 1624 122.560 -32.374  14.0 3.03 MW ML2MW
2012 12 01 1719 127.661 -16.195  10.0 3.70 MW ML2MW
2012 12 09 0741 117.608 -31.232   0.0 3.13 MW ML2MW
2012 12 12 2048 118.824 -32.261  10.0 3.01 MW ML2MW
2012 12 19 2350 112.497 -24.921  10.0 3.16 MW ML2MW
2012 12 22 0929 122.512 -32.529  10.0 3.00 MW ML2MW
2012 12 26 2046 115.809 -35.114   2.0 3.09 MW ML2MW
2012 12 28 1204 112.396 -24.344   3.0 4.10 MW ML2MW
2013 01 07 0814 116.004 -25.380  13.0 3.36 MW ML2MW
2013 01 15 0711 112.861 -25.040   0.0 3.54 MW ML2MW
2013 01 18 1535 118.563 -18.486   5.0 3.12 MW ML2MW
2013 02 01 0949 117.427 -30.650   2.0 3.39 MW ML2MW
2013 03 03 2136 119.276 -32.375   1.0 3.59 MW ML2MW
2013 03 05 0637 117.431 -30.654   4.0 3.01 MW ML2MW
2013 04 12 0949 120.471 -21.302  20.0 3.31 MW ML2MW
2013 05 17 1511 117.456 -30.619   4.0 3.53 MW ML2MW
2013 06 03 2025 116.977 -34.292   0.0 3.17 MW ML2MW
2013 06 05 1317 121.548 -20.263   0.0 3.37 MW ML2MW
2013 06 06 0944 121.471 -30.696   0.0 3.03 MW ML2MW
2013 06 13 1530 117.439 -30.628   5.0 3.23 MW ML2MW
2013 06 25 2048 116.234 -28.805   0.0 3.45 MW ML2MW
2013 07 05 0153 117.591 -33.458   5.0 3.21 MW ML2MW
2013 08 01 0416 117.959 -30.913   0.0 3.11 MW ML2MW
2013 08 21 1102 117.655 -33.449   0.0 3.12 MW ML2MW
2013 08 24 0639 123.662 -30.872   0.0 3.08 MW ML2MW
2013 09 13 1158 120.930 -20.993   2.0 3.46 MW ML2MW
2013 09 21 1341 114.744 -33.944  10.0 3.23 MW ML2MW
2013 09 22 1928 117.619 -33.457   5.0 3.18 MW ML2MW
2013 09 28 0400 129.119 -15.610   0.0 3.47 MW ML2MW
2013 09 30 2114 121.498 -31.898  12.0 3.92 MW ML2MW
2013 10 04 2003 117.658 -30.622   0.0 3.62 MW ML2MW
2013 11 18 1743 128.660 -16.606   0.0 3.23 MW ML2MW
2013 11 25 1539 124.529 -19.312  10.0 3.19 MW ML2MW
2013 12 01 1250 117.383 -30.669  17.0 3.03 MW ML2MW
2013 12 06 1207 112.649 -25.349  10.0 3.05 MW ML2MW
2013 12 07 0625 117.116 -30.495   9.0 3.12 MW ML2MW
2013 12 07 2024 125.528 -31.506  10.0 3.12 MW ML2MW
2013 12 14 1432 117.026 -32.248  13.0 3.42 MW ML2MW
2013 12 15 0732 125.637 -31.637  10.0 3.10 MW ML2MW
2013 12 23 0852 116.269 -31.187   1.0 3.08 MW ML2MW
2013 12 30 0907 128.700 -16.604   0.0 3.41 MW ML2MW
2014 01 24 0032 117.678 -30.610   0.0 3.32 MW ML2MW
2014 01 31 0303 117.585 -33.454   6.0 3.23 MW ML2MW
2014 02 03 0106 114.251 -24.941  10.0 3.10 MW ML2MW
2014 02 09 1053 117.740 -30.491   3.0 3.07 MW ML2MW
2014 02 15 0458 125.979 -31.640   0.0 3.27 MW ML2MW
2014 02 26 0000 121.187 -30.679   0.0 4.32 MW Ghasemi et al (2016)
2014 03 01 1414 122.304 -17.698  10.0 3.22 MW ML2MW
2014 03 06 2349 117.761 -30.402   0.0 3.15 MW ML2MW
2014 03 16 0324 124.438 -17.414  10.0 3.60 MW ML2MW
2014 04 01 0701 117.768 -30.422   2.0 3.32 MW ML2MW
2014 04 05 0255 117.778 -30.414   7.0 3.34 MW ML2MW
2014 05 01 0817 126.419 -18.205   5.0 3.08 MW ML2MW
2014 05 11 2034 117.474 -30.618  12.0 3.17 MW ML2MW
2014 06 15 0738 121.783 -15.314  10.0 3.15 MW ML2MW
2014 07 08 0649 116.172 -30.463  10.0 3.05 MW ML2MW
2014 07 19 2152 117.917 -19.503  23.0 3.10 MW ML2MW
2014 07 22 1949 117.689 -30.642  10.0 3.38 MW ML2MW
2014 08 02 0517 116.804 -29.192   0.0 3.04 MW ML2MW
2014 08 22 0725 114.610 -23.505  10.0 4.01 MW ML2MW
2014 09 04 0644 117.840 -30.480  10.0 3.12 MW ML2MW
2014 09 04 0653 117.787 -30.386  10.0 3.01 MW ML2MW
2014 09 06 1354 124.413 -30.018  13.0 3.12 MW ML2MW
2014 09 08 1257 117.207 -33.710  12.0 3.36 MW ML2MW
2014 09 13 2209 113.285 -24.903  15.0 3.24 MW ML2MW
2014 09 26 1538 119.534 -20.100  10.0 4.02 MW Ghasemi et al (2016)
2014 10 09 1545 127.132 -18.137   9.0 3.19 MW ML2MW
2014 10 10 0423 113.734 -27.269  10.0 3.83 MW ML2MW
2014 10 12 0443 113.893 -29.923  10.0 3.22 MW ML2MW
2014 10 22 0240 114.583 -22.501  10.0 3.07 MW ML2MW
2014 10 30 1734 117.919 -30.310  10.0 3.20 MW ML2MW
2014 10 31 1915 121.232 -30.815  10.0 3.88 MW Ghasemi et al (2016)
2014 11 04 1555 121.133 -30.920   9.0 3.06 MW ML2MW
2014 11 12 0200 125.666 -18.287  18.0 3.60 MW ML2MW
2014 11 28 0301 112.569 -26.054  15.0 3.94 MW ML2MW
2014 12 03 0246 117.668 -30.617   6.0 3.37 MW ML2MW
2014 12 05 0357 117.153 -30.738   5.2 3.40 MW ML2MW
2014 12 05 2316 123.450 -19.017  10.0 3.21 MW ML2MW
2014 12 06 0609 127.388 -17.616  10.0 3.42 MW ML2MW
2014 12 08 0526 116.807 -29.142  10.0 3.07 MW ML2MW
2015 01 14 1212 114.522 -23.460  10.0 3.34 MW ML2MW
2015 01 18 1557 121.176 -30.697  10.0 3.19 MW ML2MW
2015 01 23 0556 121.488 -31.424   4.0 3.34 MW ML2MW
2015 02 13 2215 121.532 -30.627  13.0 3.67 MW ML2MW
2015 03 04 0301 119.213 -18.134 105.0 3.10 MW ML2MW
2015 03 05 1458 117.298 -30.285  14.0 3.32 MW ML2MW
2015 03 15 1134 121.489 -33.545  10.0 3.29 MW ML2MW
2015 04 02 0013 115.070 -26.926  10.0 3.15 MW ML2MW
2015 04 13 0225 122.621 -17.544  10.0 3.06 MW ML2MW
2015 04 26 2242 121.234 -30.760  15.0 3.31 MW ML2MW
2015 04 28 1816 124.700 -18.383  10.0 3.23 MW ML2MW
2015 05 16 1450 127.875 -17.295  10.0 3.09 MW ML2MW
2015 05 23 2107 128.744 -16.873  10.0 3.59 MW ML2MW
2015 06 10 2352 121.369 -30.922  15.0 3.12 MW ML2MW
2015 06 22 1258 119.190 -33.209   0.0 3.01 MW ML2MW
2015 07 24 1137 123.050 -30.517  10.0 3.11 MW ML2MW
2015 09 02 1640 116.086 -33.092  10.0 3.39 MW ML2MW
2015 09 28 0012 117.927 -31.878  10.0 3.19 MW ML2MW
2015 10 07 2030 121.874 -17.229  14.0 4.22 MW ML2MW
2015 10 27 0638 115.570 -20.507  10.0 3.60 MW ML2MW
2015 11 01 2333 117.846 -30.875  12.0 3.17 MW ML2MW
2015 11 28 1952 128.752 -16.593   6.0 3.09 MW ML2MW
2015 12 05 1548 120.862 -21.295  10.0 3.87 MW ML2MW
2015 12 06 2212 118.086 -33.508  10.0 3.08 MW ML2MW
2015 12 10 0208 117.858 -25.611  10.0 3.14 MW ML2MW
2015 12 19 1213 113.267 -25.144  10.0 3.32 MW ML2MW
2016 01 13 1225 116.789 -19.397  10.0 3.38 MW ML2MW
2016 01 20 1006 116.673 -25.500  10.0 3.02 MW ML2MW
2016 03 02 0436 117.714 -33.480  15.0 3.06 MW ML2MW
2016 03 16 0738 120.836 -21.307  15.0 3.33 MW ML2MW
2016 03 24 0453 120.530 -21.512  20.0 3.27 MW ML2MW
2016 03 26 1454 111.834 -24.981  15.0 3.09 MW ML2MW
2016 03 30 1334 117.276 -30.304  17.0 3.24 MW ML2MW
2016 03 30 1334 117.276 -30.304  17.0 3.25 MW ML2MW
2016 03 30 1334 117.263 -30.348   3.3 3.25 MW ML2MW
2016 03 30 1334 117.263 -30.348   3.3 3.24 MW ML2MW
2016 04 25 2030 121.233 -30.650  10.0 3.44 MW ML2MW
2016 04 30 1945 123.858 -19.061  10.0 3.29 MW ML2MW
2016 05 03 1728 114.402 -29.520  10.0 3.15 MW ML2MW
2016 05 23 1500 117.737 -30.455  10.0 3.38 MW ML2MW
2016 05 27 1602 111.510 -24.717  32.0 3.40 MW ML2MW
2016 06 01 2230 116.942 -32.154   7.0 3.07 MW ML2MW
2016 06 09 1018 124.392 -30.880  10.0 3.59 MW ML2MW
2016 06 13 1512 118.454 -30.708  10.0 3.09 MW ML2MW
2016 06 23 1609 121.375 -30.771   0.0 3.25 MW ML2MW
2016 06 30 0025 117.343 -30.137  17.0 3.61 MW ML2MW
2016 07 05 0655 117.512 -30.054   0.0 3.36 MW ML2MW
2016 07 08 0940 122.346 -32.541  10.0 4.97 MW Ghasemi et al (2016)
2016 07 16 0319 123.960 -17.064  10.0 3.06 MW ML2MW
2016 07 16 0345 119.789 -28.715  10.0 3.10 MW ML2MW
2016 08 25 0405 124.792 -19.502  10.0 3.13 MW ML2MW
2016 09 05 0946 123.566 -16.567   0.0 3.11 MW ML2MW
2016 09 08 1515 119.268 -31.294   0.0 3.10 MW ML2MW
2016 09 19 0530 116.570 -29.383   5.0 3.13 MW ML2MW
2016 09 29 0149 119.181 -31.452  10.0 3.33 MW ML2MW
2016 10 10 2314 121.437 -30.785   0.0 3.53 MW ML2MW
2016 10 25 0953 121.543 -30.835  10.0 3.19 MW ML2MW
2016 11 11 0621 115.325 -24.784  15.0 3.28 MW ML2MW
2016 12 05 0531 116.550 -29.334  10.0 3.23 MW ML2MW
2016 12 12 1733 113.115 -27.652  10.0 3.38 MW ML2MW
2016 12 24 0040 117.120 -30.826  10.0 3.54 MW ML2MW
2017 01 03 1530 118.455 -30.609  10.0 4.33 MW ML2MW
2017 01 15 0716 115.145 -23.670  10.0 3.85 MW ML2MW
2017 01 21 1354 119.287 -17.733  10.0 3.20 MW ML2MW
2017 01 28 0423 118.841 -32.187  10.0 3.03 MW ML2MW
2017 02 26 1741 112.877 -24.785  10.0 3.44 MW ML2MW
2017 03 05 0458 123.876 -15.489  10.0 3.35 MW ML2MW
2017 03 17 0731 122.445 -32.444  10.0 3.05 MW ML2MW
2017 03 19 0920 117.786 -30.420  10.0 3.32 MW ML2MW
2017 03 22 1449 125.259 -17.323  10.0 3.05 MW ML2MW
2017 03 26 2000 122.891 -31.616  10.0 4.02 MW ML2MW
2017 03 26 2025 122.814 -31.794  10.0 3.13 MW ML2MW
2017 03 31 1604 121.124 -33.085  10.0 3.47 MW ML2MW
2017 04 04 1825 121.927 -33.206  10.0 3.01 MW ML2MW
2017 04 26 0725 116.329 -20.293  10.0 3.15 MW ML2MW
2017 04 27 0153 111.506 -24.840  10.0 3.41 MW ML2MW
2017 05 13 0927 119.272 -33.204  10.0 3.47 MW ML2MW
2017 07 16 1731 122.187 -31.018  10.0 3.40 MW ML2MW
2017 07 19 1505 117.833 -32.075  10.0 3.30 MW ML2MW
2017 07 26 0704 118.013 -22.372  10.0 3.02 MW ML2MW
2017 07 31 2333 119.365 -32.256  10.0 3.10 MW ML2MW
2017 08 12 0226 115.111 -27.159  10.0 3.40 MW ML2MW
2017 08 22 0532 116.698 -29.244  10.0 3.20 MW ML2MW
2017 08 24 0757 120.056 -33.258  10.0 3.21 MW ML2MW
2017 08 31 0807 117.215 -30.460  10.0 4.02 MW ML2MW
2017 09 08 0353 119.209 -31.372  10.0 3.17 MW ML2MW
2017 09 11 0121 120.069 -33.184  10.0 3.66 MW ML2MW
2017 09 11 1418 120.098 -33.346  10.0 3.05 MW ML2MW
2017 09 13 0057 120.060 -33.303  10.0 3.01 MW ML2MW
2017 09 13 0952 113.866 -27.793  10.0 3.31 MW ML2MW
2017 10 07 0002 127.399 -15.615  10.0 3.43 MW ML2MW
2017 11 12 0812 120.549 -21.791  10.0 3.43 MW ML2MW
2017 11 14 0216 119.894 -21.444  10.0 3.53 MW ML2MW
2017 11 14 0619 119.996 -21.305  10.0 3.46 MW ML2MW
2017 11 25 0718 115.786 -24.465  10.0 3.12 MW ML2MW
2017 12 05 1558 116.190 -22.523  10.0 3.18 MW ML2MW
2017 12 17 1204 114.438 -22.867  10.0 3.12 MW ML2MW
2018 01 10 2131 123.355 -18.893  10.0 3.53 MW ML2MW
2018 02 19 1205 117.802 -32.099  10.0 3.06 MW ML2MW
2018 02 24 2255 128.512 -15.206  10.0 3.31 MW ML2MW
2018 03 03 2200 128.818 -16.767  10.0 3.57 MW ML2MW
2018 03 11 0140 117.854 -34.010  10.0 3.01 MW ML2MW
2018 04 06 0742 114.511 -23.344  10.0 3.62 MW ML2MW
2018 04 13 1156 121.329 -30.599  10.0 3.45 MW ML2MW
2018 04 19 1919 119.309 -33.225  10.0 3.07 MW ML2MW
2018 04 25 0833 114.523 -29.454  10.0 3.38 MW ML2MW
2018 04 26 0203 117.781 -30.438  10.0 3.01 MW ML2MW
2018 05 09 1913 120.910 -21.574  10.0 3.46 MW ML2MW
2018 05 23 1726 117.975 -33.504  10.0 3.28 MW ML2MW
2018 05 28 1254 117.313 -30.149  10.0 3.10 MW ML2MW
2018 06 20 0254 122.424 -32.668  10.0 4.82 MW ML2MW
2018 07 05 0732 117.407 -30.664  10.0 3.34 MW ML2MW
2018 07 05 1805 119.138 -33.289  10.0 3.02 MW ML2MW
2018 07 10 1405 121.765 -31.114  10.0 3.17 MW ML2MW
2018 07 27 1539 117.783 -30.539  10.0 3.01 MW ML2MW
2018 08 08 1419 122.412 -32.536  10.0 4.40 MW ML2MW
2018 08 15 1629 119.613 -32.134  10.0 3.08 MW ML2MW
2018 09 14 1300 114.252 -27.014  10.0 3.61 MW ML2MW
2018 09 16 0456 116.787 -34.423   3.0 5.25 MW AUST
2018 09 16 2033 113.913 -27.181  10.0 3.17 MW ML2MW
2018 09 17 0351 117.618 -30.293  10.0 3.23 MW ML2MW
2018 10 05 1303 117.888 -33.990   0.0 3.17 MW ML2MW
2018 10 27 1215 119.259 -17.568  10.0 3.67 MW ML2MW
2018 11 20 0153 113.466 -31.290  10.0 3.25 MW ML2MW
2018 12 11 1103 128.771 -16.505   7.5 3.35 MW ML2MW
2018 12 16 1426 112.623 -23.304  10.0 5.85 MW AUST
2018 12 16 1438 112.767 -23.687  10.0 4.57 MW ML2MW
2018 12 16 1557 112.802 -23.473  10.0 3.65 MW ML2MW
2018 12 16 2109 112.922 -23.692  10.0 3.15 MW ML2MW
2018 12 17 0834 113.327 -23.877  10.0 3.02 MW ML2MW
2018 12 19 0631 112.712 -22.424  10.0 3.15 MW ML2MW
2018 12 29 0014 115.494 -29.612  34.9 3.32 MW ML2MW
2019 01 01 1143 113.634 -28.267  10.0 3.04 MW ML2MW
2019 01 04 0319 126.475 -18.277  10.0 3.01 MW ML2MW
2019 01 11 1305 117.790 -30.532  10.0 3.03 MW ML2MW
2019 01 13 1943 118.517 -33.957  10.0 3.43 MW ML2MW
2019 01 17 1925 112.859 -23.603  10.0 3.15 MW ML2MW
2019 01 22 1034 118.775 -18.697  10.0 3.14 MW ML2MW
2019 01 30 0701 112.345 -29.795  10.0 3.58 MW ML2MW
2019 02 01 0828 113.302 -24.501  10.0 4.42 MW ML2MW
2019 02 21 0956 125.591 -32.047  10.0 3.15 MW ML2MW
2019 03 06 0659 118.548 -33.920  10.0 3.25 MW ML2MW
2019 03 07 2040 119.246 -17.624  10.0 3.30 MW ML2MW
2019 03 11 0006 118.206 -33.834  10.0 3.57 MW ML2MW
2019 03 19 2346 117.016 -32.252   3.3 3.22 MW ML2MW
2019 04 24 0103 121.950 -17.234  10.0 3.34 MW ML2MW
2019 05 01 0309 119.864 -32.928  10.0 3.08 MW ML2MW
2019 05 13 2130 116.551 -30.216   0.0 3.07 MW ML2MW
2019 05 16 0527 116.926 -33.527  10.0 3.27 MW ML2MW
2019 05 20 0814 121.223 -30.783  10.0 3.32 MW ML2MW
2019 05 22 1424 117.748 -30.406  10.0 3.11 MW ML2MW
2019 05 24 2137 117.641 -30.486  10.0 3.14 MW ML2MW
2019 05 29 2043 123.973 -30.366  10.0 3.12 MW ML2MW
2019 05 30 0901 116.745 -30.303  10.0 3.23 MW ML2MW
2019 06 07 1149 118.995 -32.330  10.0 3.08 MW ML2MW
2019 06 11 0528 117.731 -30.407  10.0 3.24 MW ML2MW
2019 06 15 0259 121.125 -21.396  10.0 3.88 MW ML2MW
2019 06 20 1024 117.348 -32.530  10.0 3.00 MW ML2MW
2019 06 20 1430 119.335 -33.100  10.0 4.23 MW ML2MW
2019 06 22 1225 117.803 -34.027  10.0 3.37 MW ML2MW
2019 06 23 1347 120.031 -30.721  10.0 3.88 MW ML2MW
2019 06 23 1544 123.464 -30.404  10.0 3.72 MW ML2MW
2019 07 05 2139 119.673 -32.335  10.0 3.31 MW ML2MW
2019 07 08 0816 117.737 -30.434  10.0 3.13 MW ML2MW
2019 07 14 0539 120.295 -18.262  20.0 6.55 MW AUST
2019 07 14 0603 120.638 -18.745  11.2 4.12 MW ML2MW
2019 07 14 0615 120.801 -18.717  10.0 3.36 MW ML2MW
2019 07 14 0623 120.760 -18.622  15.0 3.78 MW ML2MW
2019 07 14 1007 120.612 -18.443  18.1 3.73 MW ML2MW
2019 07 14 2133 120.568 -18.365  21.9 4.32 MW ML2MW
2019 07 15 0528 120.732 -18.427  10.0 3.25 MW ML2MW
2019 07 15 0947 120.552 -18.582  10.0 3.30 MW ML2MW
2019 07 15 2122 120.652 -18.542  21.3 3.62 MW ML2MW
2019 07 17 0802 113.108 -25.979  10.0 3.98 MW ML2MW
2019 07 17 1020 120.363 -18.526  21.5 4.39 MW ML2MW
2019 07 22 0933 116.105 -28.703  10.0 3.05 MW ML2MW
2019 07 26 0836 119.961 -18.137  10.0 3.46 MW ML2MW
2019 08 01 1649 117.556 -34.698  10.0 3.86 MW ML2MW
2019 08 03 1841 118.274 -33.879  10.0 3.45 MW ML2MW
2019 08 04 2222 117.964 -34.079  10.0 3.24 MW ML2MW
2019 08 06 2006 117.416 -34.756  10.0 3.42 MW ML2MW
2019 08 08 0103 120.433 -18.580  10.0 3.68 MW ML2MW
2019 08 12 1911 120.579 -21.414  10.0 4.34 MW ML2MW
2019 08 28 0204 118.443 -33.943  10.0 3.27 MW ML2MW
2019 08 30 0054 118.388 -33.938  10.0 3.26 MW ML2MW
2019 09 15 2205 117.755 -30.345  10.0 3.71 MW ML2MW
2019 09 18 0247 117.647 -30.406  10.0 3.43 MW ML2MW
2019 09 26 1152 117.171 -30.564  10.0 3.03 MW ML2MW
2019 09 30 1219 114.494 -27.491  10.0 3.09 MW ML2MW
2019 10 01 0017 114.138 -19.583  10.0 3.79 MW ML2MW
2019 10 10 1159 113.965 -28.022  10.0 3.17 MW ML2MW
2019 10 10 2029 113.765 -28.014  10.0 3.14 MW ML2MW
2019 10 21 1745 121.308 -16.060  10.0 3.41 MW ML2MW
2019 10 26 0457 120.532 -18.391  10.0 3.79 MW ML2MW
2019 10 29 2216 120.293 -18.524  10.0 3.33 MW ML2MW
2019 10 31 2322 111.908 -25.759  10.0 3.32 MW ML2MW
2019 11 07 0124 118.510 -34.005  10.0 3.02 MW ML2MW
2019 11 16 0024 124.312 -30.398  10.0 3.02 MW ML2MW
2019 12 13 0539 122.462 -32.553  10.0 3.27 MW ML2MW
2019 12 13 0836 117.630 -31.081  10.0 3.06 MW ML2MW
2019 12 15 1801 118.926 -32.383  10.0 3.39 MW ML2MW
2019 12 29 1955 117.820 -34.014  10.0 3.43 MW ML2MW
2019 12 30 0907 118.015 -33.473  10.0 3.44 MW ML2MW
2019 12 31 0510 124.410 -29.376  10.0 3.40 MW ML2MW
2020 01 02 0053 121.609 -14.768  10.0 4.01 MW ML2MW
2020 01 15 1456 123.112 -19.449  10.0 3.32 MW ML2MW
2020 01 18 0527 116.371 -20.185  10.0 3.04 MW ML2MW
2020 02 10 0924 115.151 -21.424  10.0 4.60 MW ML2MW
2020 02 13 1052 114.923 -21.511  10.0 3.42 MW ML2MW
2020 02 16 0537 120.054 -22.418  10.0 3.40 MW ML2MW
2020 02 22 1231 118.079 -30.766  10.0 3.11 MW ML2MW
2020 02 22 1836 115.037 -21.485  10.0 3.62 MW ML2MW
2020 03 01 1237 122.525 -32.486  10.0 3.22 MW ML2MW
2020 03 01 2208 113.009 -28.508  10.0 3.46 MW ML2MW
2020 03 08 0903 117.892 -18.330  10.0 3.09 MW ML2MW
2020 03 09 2308 115.718 -30.493  10.0 3.14 MW ML2MW
2020 03 19 0937 117.753 -19.526   9.8 3.08 MW ML2MW
2020 03 30 0947 116.074 -21.485  10.0 3.17 MW ML2MW
2020 04 12 2203 121.807 -17.087  10.0 3.54 MW ML2MW
2020 04 17 0242 121.910 -17.101  10.0 3.44 MW ML2MW
2020 04 19 2019 116.416 -29.825  10.0 3.05 MW ML2MW
2020 04 24 0459 126.944 -18.064  10.0 3.36 MW ML2MW
2020 04 29 1501 117.638 -31.089  10.0 3.19 MW ML2MW
2020 05 25 0852 117.023 -30.587  10.0 4.06 MW ML2MW
2020 05 30 1039 112.240 -24.256  10.0 3.12 MW ML2MW
2020 06 06 2128 124.516 -30.853  10.0 3.00 MW ML2MW
2020 06 08 1316 124.344 -30.761  10.0 3.22 MW ML2MW
2020 06 13 1540 128.526 -16.626  10.0 3.36 MW ML2MW
2020 06 22 1110 121.512 -30.549  10.0 3.26 MW ML2MW
2020 07 06 1240 118.206 -31.333  10.0 3.06 MW ML2MW
2020 07 11 1437 114.475 -27.547  10.0 3.04 MW ML2MW
2020 07 12 0919 119.142 -33.265  10.0 3.40 MW ML2MW
2020 07 16 1943 128.512 -16.682  10.0 3.31 MW ML2MW
2020 07 23 0922 117.678 -33.445   5.0 3.33 MW ML2MW
2020 07 26 2017 123.736 -17.128   7.1 3.07 MW ML2MW
2020 07 29 1149 115.899 -29.196   6.2 3.28 MW ML2MW
2020 08 02 0918 117.852 -31.852   0.6 3.23 MW ML2MW
2020 08 06 1128 118.460 -34.202   5.0 3.47 MW ML2MW
2020 08 08 2206 113.993 -20.191  10.0 3.42 MW ML2MW
2020 08 09 0206 117.204 -31.981   5.0 3.26 MW ML2MW
2020 08 10 0754 122.175 -32.530   5.0 3.41 MW ML2MW
2020 08 18 1234 115.150 -21.129  10.0 3.12 MW ML2MW
2020 08 19 1951 121.212 -30.713   6.9 3.05 MW ML2MW
2020 08 25 1915 121.373 -30.800   1.9 3.21 MW ML2MW
2020 09 09 0024 116.985 -32.231   5.0 3.09 MW ML2MW
2020 09 19 1354 119.172 -33.388  10.0 3.21 MW ML2MW
2020 09 20 1607 118.019 -30.773   0.7 3.19 MW ML2MW
2020 09 24 0825 119.121 -21.420  10.0 4.19 MW ML2MW
2020 09 29 1211 117.185 -21.321  10.0 4.39 MW ML2MW
2020 10 05 0027 117.814 -24.167  10.0 3.74 MW ML2MW
2020 10 22 1637 114.511 -22.871  10.0 3.53 MW ML2MW
2020 10 23 2209 120.070 -18.413  10.0 3.16 MW ML2MW
2020 11 08 0827 112.665 -24.939  10.0 3.54 MW ML2MW
2020 11 09 2030 116.381 -20.283  10.0 3.53 MW ML2MW
2020 12 01 1545 116.400 -20.230  10.0 3.08 MW ML2MW
2020 12 04 2345 117.333 -32.001   8.0 3.07 MW ML2MW
2020 12 13 2153 120.963 -15.914  10.0 3.12 MW ML2MW
2020 12 17 0413 124.685 -19.057  10.0 3.26 MW ML2MW
2020 12 29 1459 115.368 -24.153   8.8 3.59 MW ML2MW
2021 01 06 1520 114.540 -23.526  10.0 3.13 MW ML2MW
2021 01 22 0523 120.134 -22.569  10.1 3.35 MW ML2MW
2021 02 06 1116 117.218 -31.980   0.6 3.45 MW ML2MW
2021 02 07 0729 116.392 -21.708  10.0 3.49 MW ML2MW
2021 02 07 1354 124.323 -30.462  10.0 3.12 MW ML2MW
2021 02 27 1314 111.847 -25.880  10.0 3.00 MW ML2MW
2021 03 03 0902 121.541 -30.637  10.0 3.39 MW ML2MW
2021 03 06 0351 117.605 -30.627   8.4 3.17 MW ML2MW
2021 03 10 1327 122.943 -31.760  10.0 3.03 MW ML2MW
2021 03 11 0439 117.504 -31.177   9.3 3.15 MW ML2MW
2021 03 18 0049 116.989 -31.634   1.6 3.00 MW ML2MW
2021 04 18 1100 117.258 -30.960   6.7 3.06 MW ML2MW
2021 04 22 2054 117.395 -24.343  10.0 3.12 MW ML2MW
2021 05 04 0714 121.512 -30.689   9.7 3.47 MW ML2MW
2021 05 11 0917 128.907 -16.591  10.0 3.18 MW ML2MW
2021 05 14 1651 127.266 -16.791  10.0 3.34 MW ML2MW
2021 05 20 2135 116.307 -20.211  10.0 3.38 MW ML2MW
2021 05 25 0047 117.258 -30.933   2.3 3.23 MW ML2MW
2021 06 07 0803 120.108 -22.578  10.0 4.04 MW ML2MW
2021 06 09 1458 124.414 -18.652  10.0 3.07 MW ML2MW
2021 06 17 0552 128.722 -16.624  10.0 3.86 MW ML2MW
2021 06 18 1237 124.514 -30.204  10.0 3.64 MW ML2MW
2021 06 25 1554 121.070 -21.502  10.0 3.10 MW ML2MW
2021 06 26 2212 113.863 -22.960  10.0 4.75 MW ML2MW
2021 06 28 2305 117.210 -31.397   0.8 3.24 MW ML2MW
2021 06 29 0217 119.971 -18.087  10.0 3.69 MW ML2MW
2021 06 30 2354 116.382 -29.600  10.0 3.62 MW ML2MW
2021 07 15 2046 123.934 -28.996  10.0 3.18 MW ML2MW
2021 07 19 0812 117.277 -30.951   5.0 3.63 MW ML2MW
2021 07 24 0905 118.299 -32.139   6.4 3.34 MW ML2MW
2021 08 07 0520 120.118 -22.587  10.0 3.71 MW ML2MW
2021 08 09 2322 117.706 -30.247   0.5 3.64 MW ML2MW
2021 08 09 2325 117.716 -30.259   1.5 3.62 MW ML2MW
2021 08 14 2245 113.670 -31.216  10.0 3.33 MW ML2MW
2021 08 19 2253 120.753 -21.649  10.0 3.32 MW ML2MW
2021 08 25 2217 127.774 -16.522  10.0 3.77 MW ML2MW
2021 08 26 1758 117.033 -33.640   0.8 3.39 MW ML2MW
2021 09 01 1033 117.247 -30.933   5.0 3.72 MW ML2MW
2021 09 15 0531 120.095 -22.566  10.0 3.54 MW ML2MW
2021 09 27 1422 122.345 -18.379   8.4 3.05 MW ML2MW
2022 06 25 2119 125.932 -31.812  10.0 3.10 MW ML2MW
