1935 04 12 0132 151.670 -25.500  10.0 5.58 MW MS2MW
1960 12 24 1642 143.590 -38.880   0.0 4.60 MW ML2MW
1961 05 21 2140 150.606 -34.564  18.8 5.20 MW ML2MW
1963 06 14 1923 146.425 -38.657   1.6 4.62 MW ML2MW
1965 06 03 2159 150.220 -28.080  10.0 4.77 MW ML2MW
1965 09 14 1253 144.300 -38.700  10.0 5.14 MW ML2MW
1966 05 03 1907 147.168 -37.042  15.0 5.33 MW ML2MW
1968 12 31 1608 149.260 -31.040   0.0 4.52 MW ML2MW
1969 06 20 1115 146.300 -38.470  19.0 4.86 MW ML2MW
1970 05 31 0150 146.220 -38.520   0.0 4.00 MW ML2MW
1970 09 28 1211 148.080 -34.790   6.0 3.97 MW ML2MW
1970 12 31 1301 147.820 -36.680   0.0 3.97 MW ML2MW
1971 02 08 1449 145.020 -36.010  22.0 4.16 MW ML2MW
1971 06 03 0139 150.170 -36.490   8.0 3.98 MW ML2MW
1971 06 21 0111 148.786 -36.219   5.0 3.90 MW ML2MW
1971 07 06 2154 145.048 -38.452  17.0 4.48 MW ML2MW
1971 11 03 2005 149.166 -34.777   3.0 4.08 MW ML2MW
1971 12 31 1542 145.950 -36.000   0.0 3.98 MW ML2MW
1972 02 25 1522 147.470 -34.220   0.0 4.24 MW ML2MW
1973 03 09 1909 150.340 -34.187  28.9 5.15 MW ML2MW
1975 11 22 1931 140.060 -38.189  18.0 4.00 MW ML2MW
1977 03 05 0604 150.350 -28.136  33.0 4.26 MW ML2MW
1977 07 04 2005 148.889 -34.654  13.0 4.60 MW ML2MW
1977 12 02 1332 144.192 -37.855  13.7 4.56 MW ML2MW
1978 11 28 1733 152.520 -23.337   0.0 4.14 MW ML2MW
1980 01 16 0249 145.483 -39.554  17.2 3.49 MW ML2MW
1980 01 19 2015 150.464 -31.115  10.0 3.23 MW ML2MW
1980 02 08 0442 150.537 -21.794   9.0 3.68 MW ML2MW
1980 02 17 1639 145.510 -34.890  12.0 3.07 MW ML2MW
1980 02 24 0552 149.200 -34.780  16.0 3.04 MW ML2MW
1980 03 10 0431 147.480 -34.250  16.0 3.17 MW ML2MW
1980 03 25 0026 152.895 -23.794   9.0 3.60 MW ML2MW
1980 04 06 0051 149.316 -28.788   0.0 3.37 MW ML2MW
1980 04 24 0417 150.090 -33.760  19.0 3.10 MW ML2MW
1980 05 01 2110 149.750 -32.890  13.0 3.63 MW ML2MW
1980 05 16 0941 148.390 -33.380  15.0 3.35 MW ML2MW
1980 05 21 0448 146.516 -37.945  14.9 3.88 MW ML2MW
1980 05 23 1746 149.130 -34.210  14.0 3.11 MW ML2MW
1980 06 05 1419 148.566 -38.006  17.2 3.22 MW ML2MW
1980 06 07 0700 149.190 -34.160   0.0 3.04 MW ML2MW
1980 07 02 0313 149.226 -36.191  16.6 3.90 MW ML2MW
1980 07 07 1230 148.950 -34.510  19.0 3.49 MW ML2MW
1980 07 14 0530 150.240 -34.530  22.0 3.04 MW ML2MW
1980 07 19 0051 148.810 -34.580  16.0 3.33 MW ML2MW
1980 09 04 2105 150.937 -29.126   1.0 4.09 MW ML2MW
1980 09 07 0955 150.810 -34.330  18.0 3.31 MW ML2MW
1980 09 15 0017 149.150 -34.520  20.0 3.10 MW ML2MW
1980 09 18 0551 145.678 -38.360  10.4 3.08 MW ML2MW
1980 10 08 1002 151.450 -35.050   0.0 3.03 MW ML2MW
1980 12 02 0052 149.212 -28.370   9.0 3.27 MW ML2MW
1980 12 15 1506 151.410 -32.760  16.0 3.41 MW ML2MW
1980 12 23 0003 149.240 -34.590   8.0 3.10 MW ML2MW
1980 12 27 0440 143.693 -35.537  17.2 3.29 MW ML2MW
1981 01 01 0900 149.200 -32.420   0.0 3.24 MW ML2MW
1981 01 03 2117 150.350 -30.530   0.0 3.16 MW ML2MW
1981 01 07 1714 145.949 -37.123   3.6 3.02 MW ML2MW
1981 01 07 2110 150.660 -35.770  28.0 3.18 MW ML2MW
1981 01 11 1813 149.240 -34.590  16.0 3.10 MW ML2MW
1981 01 23 1600 147.229 -37.361   2.6 3.22 MW ML2MW
1981 01 27 1306 147.034 -36.103   2.6 3.15 MW ML2MW
1981 01 30 1119 149.230 -34.580  10.0 3.03 MW ML2MW
1981 05 10 1439 150.730 -26.330  19.0 3.60 MW ML2MW
1981 05 15 1707 148.760 -33.440   0.0 3.11 MW ML2MW
1981 05 16 2255 141.664 -38.480  12.5 3.10 MW ML2MW
1981 06 16 2133 144.245 -38.899  17.2 4.67 MW ML2MW
1981 06 20 1308 150.340 -34.160  21.0 3.49 MW ML2MW
1981 07 08 1143 148.730 -32.550   0.0 3.05 MW ML2MW
1981 07 26 1705 148.820 -34.590  15.0 3.11 MW ML2MW
1981 09 05 0700 148.980 -34.210  12.0 3.04 MW ML2MW
1981 09 06 1927 149.407 -30.777   0.0 3.81 MW ML2MW
1981 09 14 1301 152.717 -24.201  14.0 3.07 MW ML2MW
1981 09 21 1526 144.473 -35.759   8.0 3.34 MW ML2MW
1981 10 11 0926 151.750 -29.640   7.0 3.29 MW ML2MW
1981 10 23 0046 151.300 -29.320   0.0 3.55 MW ML2MW
1981 10 25 0828 150.480 -36.340  24.0 3.90 MW ML2MW
1981 11 11 1749 151.020 -30.260   7.0 3.53 MW ML2MW
1981 11 15 1658 150.847 -34.210  18.0 4.10 MW AUST
1981 11 25 1310 149.350 -31.340   0.0 3.45 MW ML2MW
1981 11 30 0209 148.312 -36.695   9.9 3.67 MW ML2MW
1981 12 07 1755 150.650 -32.650  29.0 3.45 MW ML2MW
1981 12 15 0548 149.010 -35.030  15.0 3.11 MW ML2MW
1981 12 21 1151 147.780 -34.380  22.0 3.04 MW ML2MW
1981 12 22 1534 146.335 -17.572   8.7 3.11 MW ML2MW
1982 01 22 0726 148.768 -36.235   1.0 3.18 MW ML2MW
1982 02 13 0722 148.223 -36.371   0.0 3.34 MW ML2MW
1982 03 04 1001 151.280 -29.820  12.0 3.68 MW ML2MW
1982 03 09 0009 147.904 -36.224  14.4 3.47 MW ML2MW
1982 03 13 2128 146.650 -33.900   0.0 3.29 MW ML2MW
1982 04 01 0131 144.128 -40.678  10.6 3.71 MW ML2MW
1982 04 19 2014 148.880 -33.110  15.0 3.40 MW ML2MW
1982 05 02 0956 148.250 -34.110  16.0 3.10 MW ML2MW
1982 05 02 1156 144.204 -35.981   6.7 3.17 MW ML2MW
1982 05 05 0636 151.410 -35.240   0.0 3.26 MW ML2MW
1982 05 20 0736 147.237 -33.965   2.0 3.55 MW ML2MW
1982 06 09 0432 151.570 -29.660   2.0 3.53 MW ML2MW
1982 08 19 1048 145.359 -40.793   5.3 3.50 MW ML2MW
1982 09 09 0428 152.169 -33.706   2.6 3.98 MW ML2MW
1982 09 15 0433 150.870 -34.750  26.0 3.34 MW ML2MW
1982 09 20 0821 147.420 -34.030  21.0 3.24 MW ML2MW
1982 09 25 1611 147.210 -33.950  12.0 3.33 MW ML2MW
1982 09 29 1321 149.250 -34.570  16.0 3.11 MW ML2MW
1982 09 30 2221 146.522 -36.828  14.1 3.41 MW ML2MW
1982 10 27 0848 147.706 -34.908  17.2 3.25 MW ML2MW
1982 11 05 0133 148.963 -34.901   6.5 3.12 MW ML2MW
1982 11 05 1033 148.840 -34.950   8.0 3.10 MW ML2MW
1982 11 09 2147 149.100 -38.060   0.0 3.37 MW ML2MW
1982 11 21 1134 146.972 -37.211  14.5 5.05 MW ML2MW
1982 11 25 1842 139.919 -36.968  22.2 3.68 MW ML2MW
1982 11 26 0011 147.338 -34.006  14.1 4.37 MW ML2MW
1982 12 24 0512 151.550 -29.650  10.0 3.15 MW ML2MW
1982 12 25 1648 151.900 -33.000   0.0 3.50 MW ML2MW
1983 01 15 1645 148.580 -36.630  17.0 3.57 MW ML2MW
1983 01 28 2232 146.190 -34.720  34.0 3.11 MW ML2MW
1983 01 30 2118 151.356 -25.914   0.0 3.29 MW ML2MW
1983 02 06 2313 151.330 -31.080  25.0 4.14 MW ML2MW
1983 02 09 0429 151.760 -33.830   0.0 3.11 MW ML2MW
1983 02 26 0557 150.190 -36.390  15.0 3.05 MW ML2MW
1983 03 07 2326 148.984 -34.651  17.2 3.80 MW ML2MW
1983 03 19 0500 149.240 -32.880   0.0 3.96 MW ML2MW
1983 03 22 1339 150.400 -34.350  19.0 3.49 MW ML2MW
1983 03 23 2114 142.230 -37.533  14.2 3.24 MW ML2MW
1983 03 24 0653 149.220 -34.770  13.0 3.57 MW ML2MW
1983 04 08 1001 146.960 -34.360  19.0 3.12 MW ML2MW
1983 04 12 0656 148.890 -34.330  10.0 3.11 MW ML2MW
1983 04 14 1516 150.600 -33.460  29.0 3.14 MW ML2MW
1983 04 15 0604 147.170 -33.970  12.0 3.26 MW ML2MW
1983 04 26 0905 146.800 -33.060   0.0 3.23 MW ML2MW
1983 04 29 1651 151.390 -32.560  10.0 3.57 MW ML2MW
1983 05 08 1217 143.519 -34.451  17.2 3.43 MW ML2MW
1983 05 10 0923 146.000 -34.650   0.0 3.10 MW ML2MW
1983 05 11 1613 148.540 -33.630  15.0 3.03 MW ML2MW
1983 05 18 0842 150.650 -33.980  22.0 3.49 MW ML2MW
1983 06 01 1857 150.450 -34.030  19.0 3.05 MW ML2MW
1983 06 15 0050 140.728 -38.583  10.0 3.32 MW ML2MW
1983 06 17 1545 149.230 -34.600  15.0 3.18 MW ML2MW
1983 06 28 1317 147.610 -34.320  20.0 3.02 MW ML2MW
1983 07 14 1702 150.380 -35.470  38.0 3.13 MW ML2MW
1983 08 06 0831 148.540 -34.550  16.0 3.11 MW ML2MW
1983 08 12 0742 147.500 -32.300   0.0 3.34 MW ML2MW
1983 08 14 1043 148.930 -34.770  14.0 3.17 MW ML2MW
1983 08 15 0711 150.000 -38.000   0.0 3.33 MW ML2MW
1983 08 18 1134 150.230 -33.420  19.0 3.04 MW ML2MW
1983 08 31 1025 146.349 -38.517  17.0 3.10 MW ML2MW
1983 09 24 0725 150.130 -33.600  16.0 3.57 MW ML2MW
1983 10 05 2349 151.190 -30.360   0.0 3.59 MW ML2MW
1983 10 13 0542 144.196 -35.986   6.0 3.03 MW ML2MW
1983 10 15 2050 145.046 -39.770  15.3 4.24 MW ML2MW
1983 10 26 1159 147.340 -33.940  18.0 3.06 MW ML2MW
1983 11 01 0050 150.450 -33.900   0.0 3.18 MW ML2MW
1983 11 29 0949 149.240 -34.600  14.0 3.18 MW ML2MW
1983 12 19 0618 148.580 -34.736  12.3 3.73 MW ML2MW
1984 01 15 0632 148.640 -33.690  16.0 3.25 MW ML2MW
1984 01 17 1509 151.440 -30.457  18.2 3.13 MW ML2MW
1984 01 18 0319 146.170 -43.250   0.0 3.04 MW ML2MW
1984 01 20 1527 149.170 -34.820  13.0 3.67 MW ML2MW
1984 02 06 1443 147.436 -35.386   2.6 3.17 MW ML2MW
1984 02 08 1956 149.290 -34.910  12.0 3.10 MW ML2MW
1984 02 28 1659 148.642 -35.567  15.4 3.11 MW ML2MW
1984 03 05 1447 149.260 -36.410  18.0 3.12 MW ML2MW
1984 03 14 0453 149.290 -34.690  14.0 3.11 MW ML2MW
1984 04 12 2333 149.520 -35.400  17.0 3.04 MW ML2MW
1984 04 15 0410 148.830 -33.570  19.0 3.09 MW ML2MW
1984 06 04 1948 149.169 -34.798   8.1 3.34 MW ML2MW
1984 06 22 1348 148.680 -34.350  16.0 3.04 MW ML2MW
1984 07 20 2156 151.340 -32.590   0.0 3.40 MW ML2MW
1984 07 28 0518 148.900 -35.100  10.0 3.43 MW ML2MW
1984 07 29 1806 144.232 -36.023   9.3 3.09 MW ML2MW
1984 08 09 0630 149.129 -34.797  15.6 4.17 MW ML2MW
1984 08 26 0723 142.389 -39.153  17.2 3.65 MW ML2MW
1984 09 08 1853 147.320 -33.740  18.0 3.03 MW ML2MW
1984 09 16 2129 150.240 -36.420  17.0 3.10 MW ML2MW
1984 10 20 0516 145.904 -38.970  16.7 4.16 MW ML2MW
1984 10 30 0629 151.965 -26.313   6.5 4.08 MW ML2MW
1984 11 07 1819 149.120 -34.775  13.6 3.66 MW ML2MW
1984 11 24 2248 150.703 -24.698  30.0 3.64 MW ML2MW
1985 01 19 1502 145.957 -38.815  12.8 3.26 MW ML2MW
1985 01 27 0403 152.292 -24.507   8.3 3.17 MW ML2MW
1985 02 04 2051 148.416 -35.883  12.0 3.03 MW ML2MW
1985 02 08 0823 153.623 -25.119  16.6 3.66 MW ML2MW
1985 02 13 0801 150.204 -33.448  14.6 4.15 MW ML2MW
1985 03 09 1214 149.170 -34.780   8.0 3.19 MW ML2MW
1985 03 24 0316 149.190 -34.770  14.0 3.11 MW ML2MW
1985 04 05 0815 149.180 -34.770  14.0 3.26 MW ML2MW
1985 04 24 0112 148.350 -34.380  14.0 3.11 MW ML2MW
1985 05 20 0128 150.590 -36.760   0.0 3.23 MW ML2MW
1985 05 26 0458 149.350 -34.940   9.0 3.11 MW ML2MW
1985 05 29 1749 146.010 -38.334  13.3 3.24 MW ML2MW
1985 06 05 2107 149.372 -27.979   3.0 3.80 MW ML2MW
1985 06 18 2256 145.860 -37.553  15.3 3.18 MW ML2MW
1985 06 25 2155 142.284 -36.982  13.8 3.41 MW ML2MW
1985 07 14 2353 149.840 -34.760  19.0 3.03 MW ML2MW
1985 07 27 1643 148.483 -19.281   5.0 3.48 MW ML2MW
1985 07 28 0313 151.711 -24.336   9.0 3.08 MW ML2MW
1985 08 02 1216 149.203 -19.443   9.8 4.43 MW ML2MW
1985 08 05 0838 147.586 -36.703  14.5 3.66 MW ML2MW
1985 08 12 0702 149.259 -28.709   0.0 4.19 MW ML2MW
1985 08 18 0503 148.740 -34.250  17.0 3.11 MW ML2MW
1985 08 20 0655 150.592 -30.258  10.0 3.40 MW ML2MW
1985 08 22 1416 152.727 -32.489  12.0 3.41 MW ML2MW
1985 09 18 0605 147.270 -33.900  15.0 3.24 MW ML2MW
1985 10 02 1231 149.280 -32.280   0.0 3.10 MW ML2MW
1985 12 02 0619 151.725 -25.392  10.0 3.26 MW ML2MW
1985 12 20 1922 150.909 -30.478   9.9 3.24 MW ML2MW
1986 01 07 1006 149.190 -34.790  15.0 3.19 MW ML2MW
1986 01 08 0955 152.526 -27.076   8.7 3.24 MW ML2MW
1986 02 20 2143 150.580 -33.296  11.8 3.90 MW ML2MW
1986 03 13 0950 146.833 -36.598   6.3 3.19 MW ML2MW
1986 03 16 0153 144.509 -41.446  17.1 3.97 MW ML2MW
1986 04 10 1853 144.851 -35.798   5.4 4.06 MW ML2MW
1986 04 24 0443 143.379 -36.147   0.8 3.18 MW ML2MW
1986 07 07 0627 151.188 -29.914   0.0 3.19 MW ML2MW
1986 07 14 1036 144.210 -35.990  10.9 3.17 MW ML2MW
1986 08 24 0819 146.578 -37.982  15.6 3.17 MW ML2MW
1986 08 31 1753 151.240 -30.260   9.0 3.05 MW ML2MW
1986 09 22 1421 145.566 -34.264  17.2 3.79 MW ML2MW
1986 12 12 1502 149.010 -34.350   7.0 3.03 MW ML2MW
1986 12 20 1204 143.349 -39.212  13.9 3.48 MW ML2MW
1987 01 16 1308 148.280 -36.270  12.0 3.01 MW ML2MW
1987 02 08 0049 152.543 -29.083   6.7 3.02 MW ML2MW
1987 04 09 1038 151.017 -30.867  10.0 3.37 MW ML2MW
1987 05 28 2318 146.250 -38.054  14.4 3.04 MW ML2MW
1987 05 30 1444 146.554 -37.947  17.0 3.90 MW ML2MW
1987 06 24 1504 150.105 -33.401   5.1 4.57 MW ML2MW
1987 06 24 1853 144.220 -38.895  24.9 3.18 MW ML2MW
1987 06 26 2328 149.197 -34.755   4.0 3.08 MW ML2MW
1987 08 26 0138 151.168 -32.732   0.0 3.22 MW ML2MW
1987 09 04 0715 152.585 -32.088   0.0 3.41 MW ML2MW
1987 09 15 0237 145.929 -37.496   5.5 3.01 MW ML2MW
1987 09 27 1601 147.825 -19.304   9.0 4.42 MW ML2MW
1987 09 28 1937 150.641 -29.394   0.0 3.40 MW ML2MW
1987 10 31 0602 152.841 -23.828  10.0 3.50 MW ML2MW
1987 11 04 1933 150.611 -24.708   9.5 3.03 MW ML2MW
1987 11 11 0052 149.211 -37.622  11.2 3.20 MW ML2MW
1987 12 07 1054 149.325 -37.921  12.3 3.00 MW ML2MW
1987 12 20 0802 145.583 -38.410  16.2 3.33 MW ML2MW
1987 12 22 1506 141.479 -36.158  15.7 4.72 MW ML2MW
1987 12 27 0716 153.673 -24.111  10.0 3.18 MW ML2MW
1988 01 15 1025 148.912 -29.723   5.0 3.08 MW ML2MW
1988 02 26 1346 149.071 -19.490   4.0 3.30 MW ML2MW
1988 04 07 2257 145.925 -37.036  13.4 3.11 MW ML2MW
1988 04 09 0122 149.667 -32.239  10.0 3.79 MW ML2MW
1988 04 19 0623 149.321 -37.610   3.6 3.28 MW ML2MW
1988 04 21 1645 144.463 -35.670   7.5 3.25 MW ML2MW
1988 04 30 1700 149.906 -33.528  10.0 3.26 MW ML2MW
1988 05 10 0640 149.343 -37.785  11.6 3.26 MW ML2MW
1988 07 03 0823 144.496 -35.672   3.6 3.89 MW ML2MW
1988 08 14 2323 152.333 -27.561   9.6 3.91 MW ML2MW
1988 10 29 2052 151.291 -24.913  10.0 3.25 MW ML2MW
1988 11 06 1136 142.913 -36.499   3.6 3.03 MW ML2MW
1989 01 05 2048 147.171 -33.842   5.4 3.84 MW ML2MW
1989 01 20 1741 144.411 -35.637  11.2 3.03 MW ML2MW
1989 02 09 1714 147.679 -38.175  10.0 3.12 MW ML2MW
1989 03 26 1418 151.205 -21.390  19.0 3.30 MW ML2MW
1989 04 18 0351 148.586 -36.416  11.0 3.65 MW ML2MW
1989 05 09 1138 146.806 -43.812  11.0 3.09 MW ML2MW
1989 05 17 2208 138.936 -38.177  32.2 3.11 MW ML2MW
1989 05 31 0009 142.692 -38.821   0.0 3.09 MW ML2MW
1989 07 12 0830 150.292 -24.805   0.0 3.02 MW ML2MW
1989 07 15 0306 144.501 -35.730   8.6 3.25 MW ML2MW
1989 07 31 1621 144.783 -40.751  14.0 3.65 MW ML2MW
1989 08 25 1509 144.588 -36.184  21.4 3.27 MW ML2MW
1989 10 14 0146 147.239 -33.932   0.0 3.17 MW ML2MW
1989 10 27 1642 144.261 -17.135  12.8 3.31 MW ML2MW
1989 11 08 0506 140.056 -37.547  13.2 3.71 MW ML2MW
1989 11 08 2102 150.478 -29.824  10.0 3.12 MW ML2MW
1989 11 14 0830 149.176 -34.750   5.0 3.25 MW ML2MW
1989 11 16 1043 146.349 -17.463  18.9 4.11 MW ML2MW
1989 11 17 1337 144.777 -39.231   3.6 3.10 MW ML2MW
1989 11 19 1200 148.763 -19.358  10.3 3.03 MW ML2MW
1989 11 19 1237 148.991 -19.790   3.9 3.00 MW ML2MW
1989 12 16 0028 150.670 -34.700  23.0 3.22 MW ML2MW
1989 12 27 2326 151.610 -32.952  10.5 5.42 MW Allen (2012)
1990 01 13 1555 149.176 -34.752   0.0 3.48 MW ML2MW
1990 01 16 0111 144.535 -41.144  14.0 3.24 MW ML2MW
1990 01 25 1333 148.477 -38.166   3.6 3.10 MW ML2MW
1990 03 08 0955 140.748 -37.499  14.5 3.10 MW ML2MW
1990 03 30 1133 150.830 -34.250   0.0 3.01 MW ML2MW
1990 04 01 1204 149.738 -36.662   5.6 3.04 MW ML2MW
1990 04 15 1743 149.197 -34.761   3.6 3.03 MW ML2MW
1990 05 04 1206 150.515 -36.304   4.9 3.03 MW ML2MW
1990 05 11 0222 146.368 -37.759   2.7 3.09 MW ML2MW
1990 05 13 0535 146.144 -17.292   7.6 4.14 MW ML2MW
1990 05 28 0336 152.350 -25.670   5.0 3.42 MW ML2MW
1990 08 16 0306 149.743 -38.111  15.4 3.54 MW ML2MW
1990 09 13 1749 148.780 -34.060   5.0 3.10 MW ML2MW
1990 09 13 1928 149.320 -32.670   0.0 3.22 MW ML2MW
1990 11 14 1856 150.808 -30.430  10.0 3.61 MW ML2MW
1990 11 27 1721 142.121 -40.135  17.0 3.41 MW ML2MW
1991 01 10 1107 139.211 -37.331   2.7 3.58 MW ML2MW
1991 01 14 1443 151.550 -30.630  10.0 3.19 MW ML2MW
1991 01 23 0426 149.067 -34.183   1.4 3.25 MW ML2MW
1991 03 25 0146 147.300 -42.280  10.0 3.11 MW ML2MW
1991 03 28 2126 146.249 -38.525  20.6 3.42 MW ML2MW
1991 04 06 0144 149.814 -20.499   8.0 3.26 MW ML2MW
1991 05 03 1728 144.086 -36.898   1.4 3.50 MW ML2MW
1991 05 20 1336 148.850 -34.055  11.8 3.50 MW ML2MW
1991 06 10 1200 150.658 -23.609   0.5 3.04 MW ML2MW
1991 08 27 0243 151.500 -32.500   0.0 3.03 MW ML2MW
1991 09 11 0536 148.895 -19.712   8.8 3.26 MW ML2MW
1991 09 24 0436 149.051 -27.890   7.6 3.99 MW ML2MW
1991 11 22 0711 146.144 -36.618  10.1 3.26 MW ML2MW
1991 11 22 1739 151.698 -26.127   3.0 3.04 MW ML2MW
1991 11 24 0801 149.148 -34.730  10.0 3.11 MW ML2MW
1991 12 01 1813 152.502 -26.527   2.4 3.58 MW ML2MW
1992 07 02 1845 149.231 -34.753   5.1 3.11 MW ML2MW
1992 07 30 0823 149.609 -19.444   4.6 3.19 MW ML2MW
1992 08 19 1118 151.366 -30.243   0.0 3.19 MW ML2MW
1992 08 22 0250 149.995 -37.788  15.2 3.74 MW ML2MW
1992 10 11 0203 147.508 -34.367  17.2 3.66 MW ML2MW
1992 11 08 0140 143.529 -38.922  12.8 3.34 MW ML2MW
1992 11 09 1530 141.012 -37.183   4.6 3.02 MW ML2MW
1992 11 10 0142 140.831 -37.175   0.8 3.02 MW ML2MW
1992 11 30 0336 151.408 -30.261   8.0 3.29 MW ML2MW
1992 12 12 0502 148.704 -34.376   2.1 3.50 MW ML2MW
1992 12 16 0213 145.429 -40.997  10.1 3.16 MW ML2MW
1992 12 21 2218 151.436 -30.264   8.0 3.14 MW ML2MW
1993 05 22 0005 151.320 -32.863   0.0 3.17 MW ML2MW
1993 07 24 1333 146.485 -38.353  15.0 3.19 MW Allen (2012)
1993 08 20 2207 143.762 -16.859   8.0 3.04 MW ML2MW
1993 09 25 0240 146.530 -38.311  10.2 3.32 MW Allen (2012)
1993 10 11 0423 146.888 -37.317  15.3 3.04 MW ML2MW
1993 10 19 1551 150.516 -30.552   0.0 3.00 MW ML2MW
1993 11 04 0356 149.404 -32.669   3.6 3.03 MW ML2MW
1993 11 24 0759 147.026 -38.484  17.3 3.03 MW ML2MW
1993 11 25 0406 152.632 -23.922   1.7 3.66 MW ML2MW
1993 12 17 0116 144.583 -41.233  10.0 3.11 MW ML2MW
1993 12 17 1918 145.993 -36.405   3.6 3.03 MW ML2MW
1993 12 18 2116 148.649 -36.313   9.1 3.03 MW ML2MW
1994 02 01 0553 146.350 -38.536  17.1 3.72 MW Allen (2012)
1994 04 03 1924 146.372 -17.186  17.8 3.42 MW ML2MW
1994 05 14 1433 143.496 -38.714  12.0 3.17 MW ML2MW
1994 05 21 0859 146.962 -36.034   3.0 3.17 MW Allen (2012)
1994 06 17 1152 148.867 -20.208   4.1 3.42 MW ML2MW
1994 06 27 0152 145.962 -38.722  11.6 3.04 MW ML2MW
1994 07 17 1135 151.444 -29.992   8.0 3.10 MW ML2MW
1994 08 06 1103 151.292 -32.917   0.6 4.71 MW Allen (2012)
1994 08 21 0553 148.361 -33.423   0.7 3.99 MW ML2MW
1994 09 04 0108 144.502 -16.987   0.0 3.91 MW ML2MW
1994 09 27 0758 148.646 -36.219   9.5 3.17 MW ML2MW
1995 01 11 0711 145.992 -38.165   8.7 3.15 MW Allen (2012)
1995 01 12 1250 151.078 -30.083   2.4 3.16 MW ML2MW
1995 02 01 1021 146.259 -38.462  10.1 3.07 MW Allen (2012)
1995 03 16 1231 148.242 -36.279   0.7 3.17 MW ML2MW
1995 03 17 0803 146.463 -17.982  10.0 3.47 MW ML2MW
1995 03 26 0653 147.233 -35.958   3.7 3.19 MW Allen (2012)
1995 05 03 0424 150.249 -33.186  10.7 3.23 MW Allen (2012)
1995 05 03 1748 146.283 -38.472  15.0 3.36 MW Allen (2012)
1995 05 20 1129 150.083 -33.868  13.8 3.49 MW Allen (2012)
1995 05 28 2312 151.549 -32.543  13.7 3.50 MW ML2MW
1995 06 03 1820 143.374 -36.109   5.6 3.18 MW ML2MW
1995 07 21 1426 148.859 -36.031   4.8 3.31 MW Allen (2012)
1995 07 30 0441 147.658 -36.761  11.3 3.52 MW Allen (2012)
1995 08 19 0901 148.741 -34.312   1.3 3.14 MW Allen (2012)
1995 09 12 1023 148.720 -34.310   0.0 3.16 MW Allen (2012)
1995 10 14 0411 148.761 -34.317   3.0 3.23 MW Allen (2012)
1995 11 17 1243 144.571 -36.196   3.9 3.11 MW ML2MW
1995 11 18 0932 144.764 -37.114  13.5 3.55 MW Allen (2012)
1995 12 18 1644 139.579 -37.613   8.5 3.50 MW ML2MW
1995 12 26 1216 144.857 -40.839  10.0 3.02 MW ML2MW
1996 01 16 1030 145.070 -38.284  10.7 3.00 MW Allen (2012)
1996 02 18 1934 148.666 -36.152  12.8 3.50 MW Allen (2012)
1996 03 05 0027 143.286 -36.102   2.3 3.12 MW ML2MW
1996 04 05 1715 148.246 -19.475  33.0 3.50 MW ML2MW
1996 07 23 1554 149.859 -37.812   5.0 3.08 MW ML2MW
1996 09 07 1105 141.742 -37.394  11.2 3.24 MW ML2MW
1996 09 10 1835 141.998 -37.575  17.2 3.12 MW ML2MW
1996 09 24 0127 138.940 -37.503  14.3 3.34 MW ML2MW
1996 09 25 0749 146.421 -37.863  11.4 4.44 MW Allen (2012)
1996 10 01 2142 150.393 -33.830   8.7 3.17 MW Allen (2012)
1996 11 25 2034 144.342 -40.999   5.0 3.11 MW ML2MW
1996 12 10 1254 150.501 -34.153  12.3 3.10 MW Allen (2012)
1996 12 24 2228 145.534 -38.696  17.2 3.29 MW Allen (2012)
1996 12 27 1628 151.256 -29.841   2.7 3.50 MW ML2MW
1997 01 02 0711 148.778 -28.454  17.2 3.17 MW ML2MW
1997 01 19 1906 155.052 -24.962   0.0 3.16 MW ML2MW
1997 01 20 1103 145.031 -38.379  19.3 3.50 MW ML2MW
1997 01 21 2057 148.557 -35.715   1.3 3.04 MW ML2MW
1997 03 31 2026 145.450 -39.522  14.8 3.11 MW ML2MW
1997 04 21 1727 151.009 -20.334  33.0 3.63 MW mb2MW
1997 05 04 2233 145.959 -38.135  14.0 3.21 MW Allen (2012)
1997 05 28 1755 152.816 -24.449   8.1 3.10 MW ML2MW
1997 06 27 0320 146.094 -36.781   8.5 3.85 MW Allen (2012)
1997 07 08 1001 152.985 -31.591   5.9 3.66 MW ML2MW
1997 07 14 0646 153.706 -23.338   0.0 3.58 MW ML2MW
1997 08 23 0012 148.197 -34.627   3.6 3.17 MW Allen (2012)
1997 08 23 1730 146.285 -41.627  13.5 4.08 MW ML2MW
1997 10 12 1451 149.563 -32.046   3.6 3.17 MW ML2MW
1997 10 24 1831 147.098 -20.400  19.1 3.11 MW ML2MW
1998 01 11 0132 148.081 -36.412  10.4 3.01 MW ML2MW
1998 02 13 2320 150.650 -25.707   3.6 3.91 MW ML2MW
1998 02 14 1823 148.702 -35.375   8.5 3.79 MW Allen (2012)
1998 02 17 1100 140.153 -38.113  34.9 3.04 MW ML2MW
1998 03 09 1240 150.055 -32.171   3.7 3.34 MW Allen (2012)
1998 03 11 0327 140.452 -36.667  21.0 3.42 MW ML2MW
1998 03 28 0902 152.323 -32.828   8.0 3.16 MW ML2MW
1998 04 04 0955 146.124 -38.709  16.2 3.42 MW Allen (2012)
1998 05 12 1546 152.817 -31.649   3.6 3.05 MW ML2MW
1998 05 22 1901 147.928 -34.610  11.7 3.74 MW ML2MW
1998 05 30 1906 139.826 -37.872  22.7 3.10 MW ML2MW
1998 07 17 0122 148.007 -36.439  19.0 3.93 MW Allen (2012)
1998 08 19 1112 148.911 -35.631   3.6 3.29 MW ML2MW
1998 08 24 2217 146.135 -40.892   7.0 3.11 MW ML2MW
1998 09 15 1323 147.289 -38.371  20.6 3.42 MW ML2MW
1998 09 27 0147 147.437 -34.218   3.6 3.16 MW ML2MW
1998 09 27 2232 144.741 -38.290  20.5 3.74 MW ML2MW
1998 10 08 1205 145.848 -39.462  17.1 3.34 MW ML2MW
1998 10 16 1346 147.457 -34.751  15.6 3.82 MW ML2MW
1998 10 21 0000 147.111 -34.048   3.6 3.21 MW ML2MW
1998 11 02 1709 151.146 -22.808   0.0 4.53 MW ML2MW
1998 11 02 1904 144.645 -39.189  10.0 3.01 MW ML2MW
1998 11 06 1912 151.446 -34.270  16.0 3.03 MW ML2MW
1998 11 07 2242 148.893 -35.144   6.7 3.04 MW Allen (2012)
1998 12 31 0611 149.154 -35.783   4.4 3.21 MW Allen (2012)
1999 01 13 0940 146.317 -38.097  12.3 3.54 MW Allen (2012)
1999 02 06 0507 140.669 -38.354  36.1 3.42 MW ML2MW
1999 02 11 1245 144.797 -17.181   0.0 3.42 MW ML2MW
1999 03 01 1854 147.428 -38.198   9.1 3.09 MW ML2MW
1999 03 10 0006 148.184 -33.958   4.5 3.21 MW ML2MW
1999 03 14 0013 147.070 -34.009  12.2 3.87 MW Allen (2012)
1999 03 15 0315 151.400 -25.200   0.0 3.11 MW ML2MW
1999 03 17 0158 150.748 -34.253   5.3 4.34 MW Allen (2012)
1999 03 25 1226 146.755 -20.359   0.0 3.42 MW ML2MW
1999 04 16 1051 145.984 -37.413   3.6 3.20 MW Allen (2012)
1999 04 25 1725 150.762 -35.857   4.3 3.07 MW ML2MW
1999 04 26 2114 151.278 -29.750   3.6 3.15 MW ML2MW
1999 05 25 0044 150.179 -30.262   8.6 3.16 MW ML2MW
1999 06 23 0550 143.739 -35.079  16.0 3.24 MW ML2MW
1999 07 13 0142 148.976 -34.286   3.6 3.21 MW Allen (2012)
1999 07 13 0820 145.837 -38.407   5.4 3.10 MW ML2MW
1999 10 09 0817 148.285 -37.738  11.9 3.14 MW ML2MW
1999 10 29 1133 144.461 -42.033  18.2 3.37 MW ML2MW
2000 01 01 1155 147.827 -37.348  14.4 3.08 MW ML2MW
2000 01 27 0521 146.395 -43.054  12.0 3.51 MW ML2MW
2000 02 27 1749 148.392 -34.472   3.6 3.09 MW ML2MW
2000 03 16 1326 146.103 -37.496   8.4 3.54 MW Allen (2012)
2000 05 09 1612 148.486 -35.757  10.0 3.03 MW ML2MW
2000 05 17 1729 143.563 -38.710  17.1 3.09 MW ML2MW
2000 06 11 1906 150.167 -29.492   3.6 3.51 MW ML2MW
2000 06 13 0058 147.468 -37.015  11.3 3.09 MW ML2MW
2000 06 22 1813 144.864 -36.815   5.7 3.27 MW Allen (2012)
2000 07 24 0747 145.272 -37.958  19.5 3.13 MW Allen (2012)
2000 08 03 1129 145.989 -38.752  16.2 3.24 MW Allen (2012)
2000 08 29 1205 146.246 -38.404  15.4 4.15 MW Allen (2012)
2000 10 23 0120 148.835 -35.451   3.6 3.07 MW ML2MW
2000 10 30 1730 146.044 -38.567  15.5 3.30 MW ML2MW
2000 12 29 2339 144.482 -38.793  17.1 3.60 MW ML2MW
2001 01 01 2341 150.624 -36.770  10.0 3.35 MW ML2MW
2001 02 23 0715 150.264 -29.178  17.0 3.10 MW ML2MW
2001 03 13 1235 147.173 -33.923   3.6 3.29 MW ML2MW
2001 04 01 0530 147.397 -33.917   8.5 3.01 MW ML2MW
2001 04 30 1504 145.560 -42.068  10.0 3.09 MW ML2MW
2001 05 02 0135 144.442 -37.174  17.8 3.17 MW ML2MW
2001 05 18 1837 148.780 -34.290   2.0 3.26 MW ML2MW
2001 06 03 0652 146.081 -43.979  10.0 3.16 MW ML2MW
2001 06 13 2027 149.480 -34.890  17.0 3.26 MW ML2MW
2001 07 04 0416 146.294 -38.420   6.0 3.44 MW ML2MW
2001 07 16 0143 146.331 -42.819  10.0 3.08 MW ML2MW
2001 08 21 2313 145.472 -38.119  13.0 3.66 MW Allen (2012)
2001 08 28 0451 148.810 -36.290  10.0 3.04 MW ML2MW
2001 09 08 0713 146.300 -38.500   0.0 3.01 MW ML2MW
2001 09 18 0343 153.800 -24.272   5.0 3.62 MW ML2MW
2001 10 12 0005 152.883 -24.119   2.7 3.93 MW ML2MW
2001 10 13 0442 147.675 -36.833   8.2 3.42 MW Allen (2012)
2001 10 24 1546 150.736 -32.196   0.0 3.02 MW ML2MW
2001 10 25 1856 148.296 -35.254  10.0 3.04 MW ML2MW
2001 10 27 0758 143.643 -35.356  14.1 4.19 MW Allen (2012)
2001 11 23 0333 148.310 -33.901   4.2 3.58 MW Allen (2012)
2001 12 06 2010 148.898 -28.689  10.0 3.04 MW ML2MW
2001 12 16 2038 147.155 -37.119  15.0 3.44 MW ML2MW
2001 12 18 0616 149.488 -33.199  33.0 3.26 MW ML2MW
2002 01 05 1451 140.705 -38.398  33.6 3.20 MW ML2MW
2002 01 22 0918 144.701 -36.443  13.3 3.36 MW ML2MW
2002 02 07 1248 143.866 -40.814  10.0 4.38 MW ML2MW
2002 02 14 1327 150.659 -34.425  14.3 3.50 MW Allen (2012)
2002 03 01 0559 146.980 -32.290   0.0 3.26 MW ML2MW
2002 03 04 0750 147.296 -33.862   3.6 3.26 MW ML2MW
2002 03 17 0750 148.744 -33.869   5.0 3.07 MW ML2MW
2002 04 19 0002 143.103 -36.179   6.4 3.08 MW ML2MW
2002 05 02 2148 150.975 -25.413   5.0 3.11 MW ML2MW
2002 06 02 0012 148.126 -34.613   7.4 3.24 MW ML2MW
2002 06 04 1759 150.943 -35.877  10.0 3.06 MW ML2MW
2002 06 15 2118 147.331 -42.162  13.7 4.18 MW ML2MW
2002 06 20 1220 148.669 -34.320   1.1 3.08 MW ML2MW
2002 07 05 0414 148.693 -32.361  10.0 3.03 MW ML2MW
2002 07 19 0540 144.819 -39.245   8.5 3.15 MW ML2MW
2002 07 19 1609 150.138 -19.823  10.0 3.04 MW ML2MW
2002 07 22 1438 148.023 -40.904  10.0 3.28 MW ML2MW
2002 08 22 0658 149.069 -28.443   0.0 3.16 MW ML2MW
2002 08 22 2123 148.245 -33.897   4.1 3.65 MW Allen (2012)
2002 09 24 0742 146.066 -38.691   3.0 3.67 MW Allen (2012)
2002 10 03 0729 144.274 -40.971   3.7 3.13 MW ML2MW
2002 10 24 2203 142.250 -35.666  10.0 3.22 MW ML2MW
2002 11 04 1934 144.106 -35.043   2.7 3.49 MW ML2MW
2002 11 09 1227 148.866 -36.254   0.2 3.05 MW ML2MW
2002 12 01 0038 145.830 -18.533   0.0 3.14 MW ML2MW
2002 12 26 2107 151.288 -30.258   3.0 3.12 MW ML2MW
2003 01 14 1343 149.012 -35.019   1.0 3.21 MW ML2MW
2003 03 10 1228 144.089 -35.077  14.9 3.41 MW ML2MW
2003 04 10 0711 145.928 -39.241  18.3 3.85 MW ML2MW
2003 04 17 2150 149.143 -21.237   2.0 3.77 MW ML2MW
2003 04 22 0739 146.211 -38.558   4.2 3.39 MW ML2MW
2003 05 09 0638 145.804 -36.971   9.6 3.00 MW ML2MW
2003 05 17 0651 148.416 -36.208   2.0 3.12 MW ML2MW
2003 06 28 0220 151.390 -25.837   2.0 3.31 MW ML2MW
2003 07 07 0935 148.128 -38.099   3.0 3.29 MW ML2MW
2003 07 11 0818 147.859 -34.611   1.0 3.36 MW ML2MW
2003 07 27 2250 149.751 -34.224   6.0 3.20 MW ML2MW
2003 08 11 0704 146.911 -18.529  12.0 3.97 MW mb2MW
2003 08 29 0308 151.472 -20.975   0.0 3.19 MW ML2MW
2003 10 06 0606 152.237 -26.545  10.0 3.63 MW ML2MW
2003 11 26 0439 149.247 -34.773   0.0 3.14 MW ML2MW
2003 12 01 1429 149.387 -36.236   5.8 3.02 MW ML2MW
2003 12 05 0505 152.197 -32.065  10.0 3.03 MW ML2MW
2003 12 11 1019 150.464 -34.498  12.2 3.81 MW Allen (2012); Somerville et al.(2009)
2003 12 29 1331 144.531 -35.413  11.0 3.60 MW ML2MW
2004 01 16 1505 151.601 -25.069  17.0 4.27 MW ML2MW
2004 02 05 0839 150.652 -20.310  10.0 3.26 MW ML2MW
2004 02 21 2355 151.323 -26.416   1.0 3.69 MW ML2MW
2004 02 28 1132 147.694 -35.005  10.8 3.46 MW Allen (2012)
2004 05 15 2138 152.044 -32.210  10.0 3.26 MW ML2MW
2004 06 15 2259 146.085 -17.315   4.0 3.37 MW ML2MW
2004 06 21 0828 146.635 -16.930  10.0 3.65 MW ML2MW
2004 09 21 1154 148.569 -34.674   0.0 3.00 MW ML2MW
2004 10 10 0658 142.603 -36.367   0.0 3.08 MW ML2MW
2004 10 11 1636 143.552 -37.903  10.0 3.01 MW ML2MW
2004 11 18 2331 146.111 -41.741  15.4 4.35 MW ML2MW
2005 01 02 0156 148.650 -35.388  10.0 3.06 MW ML2MW
2005 01 05 0831 153.415 -26.097   1.7 3.60 MW ML2MW
2005 01 14 0051 144.348 -39.745  10.0 3.05 MW ML2MW
2005 01 18 1009 147.191 -33.845  13.0 3.67 MW ML2MW
2005 02 06 0935 146.071 -37.343   3.1 3.16 MW ML2MW
2005 02 20 0916 148.683 -34.013  12.0 3.07 MW ML2MW
2005 03 07 1622 151.291 -26.527   5.0 3.60 MW ML2MW
2005 03 08 1445 145.887 -16.631   9.2 3.14 MW ML2MW
2005 04 14 1316 149.272 -28.550   0.0 3.31 MW ML2MW
2005 04 20 2153 146.554 -38.517   7.4 3.52 MW ML2MW
2005 06 30 1413 142.307 -39.067  22.3 3.23 MW ML2MW
2005 07 04 2021 148.643 -34.469   2.0 3.01 MW ML2MW
2005 09 03 2305 148.654 -34.401   4.1 3.52 MW ML2MW
2005 09 05 1108 151.147 -28.840   2.5 3.09 MW ML2MW
2005 09 13 0044 147.176 -18.256  10.0 3.64 MW ML2MW
2005 09 25 0940 144.454 -41.323  10.0 3.54 MW ML2MW
2005 09 28 2137 146.027 -38.568   7.2 3.08 MW ML2MW
2005 10 31 1813 150.151 -33.612   7.9 3.48 MW ML2MW
2005 11 08 0922 143.969 -16.804   7.8 3.34 MW ML2MW
2005 12 12 0016 146.089 -42.712  10.0 3.16 MW ML2MW
2005 12 22 1353 139.372 -37.708  26.7 3.44 MW ML2MW
2006 01 02 2043 150.938 -29.978  15.0 3.24 MW ML2MW
2006 01 15 0744 146.061 -16.754  10.0 3.05 MW ML2MW
2006 01 19 1615 146.204 -40.783  10.0 3.60 MW ML2MW
2006 01 26 2157 146.110 -17.292  10.4 3.05 MW ML2MW
2006 02 04 1631 148.168 -37.465  13.1 3.84 MW ML2MW
2006 02 28 0513 147.117 -36.818  12.2 3.08 MW ML2MW
2006 03 02 0617 149.200 -34.828   8.7 3.44 MW ML2MW
2006 03 27 2157 150.478 -29.190   0.0 3.97 MW ML2MW
2006 04 08 0034 142.258 -38.874   5.8 3.48 MW ML2MW
2006 04 21 0811 149.144 -34.811   5.2 3.21 MW ML2MW
2006 05 09 1454 145.492 -43.769  10.0 3.15 MW ML2MW
2006 05 26 0142 150.265 -29.149  10.0 3.09 MW ML2MW
2006 06 18 1317 146.861 -38.484  13.0 3.28 MW ML2MW
2006 06 18 1549 150.425 -34.077   6.4 3.07 MW ML2MW
2006 07 28 0549 147.359 -18.323   0.9 3.84 MW ML2MW
2006 08 13 1330 149.201 -34.780  10.0 3.36 MW ML2MW
2006 09 13 1439 146.580 -41.631  10.0 3.16 MW ML2MW
2006 10 05 2124 143.700 -40.568   3.0 3.16 MW ML2MW
2006 10 13 1106 144.339 -17.468   4.0 3.34 MW ML2MW
2006 10 21 0951 149.167 -34.031  18.4 4.10 MW ML2MW
2006 10 22 1236 145.025 -37.873  16.1 3.09 MW ML2MW
2006 10 22 1322 146.267 -38.524  18.2 3.01 MW ML2MW
2006 12 04 0254 144.844 -39.055  13.5 3.30 MW ML2MW
2007 01 03 2227 146.259 -38.467  17.8 3.31 MW ML2MW
2007 01 07 1357 143.427 -40.646  10.0 3.65 MW ML2MW
2007 02 18 1004 146.279 -38.633  10.3 3.28 MW ML2MW
2007 03 08 0234 145.746 -37.903  10.6 3.66 MW Allen (2012)
2007 03 16 0612 145.611 -39.547  10.0 3.14 MW ML2MW
2007 04 11 0058 151.010 -34.253  20.0 3.20 MW ML2MW
2007 04 28 0853 151.397 -24.975   9.9 3.09 MW ML2MW
2007 07 15 0126 152.635 -23.922  10.0 3.24 MW ML2MW
2007 07 28 1650 144.373 -39.594  10.0 3.13 MW ML2MW
2007 08 18 0357 150.372 -34.357  22.6 3.22 MW ML2MW
2007 08 21 0305 146.108 -37.888  11.0 3.08 MW ML2MW
2007 08 22 1024 150.242 -34.063   7.0 3.07 MW ML2MW
2007 08 24 1347 148.493 -32.294  10.0 3.10 MW ML2MW
2007 08 24 1619 144.551 -41.128  10.0 3.01 MW ML2MW
2007 08 25 0606 151.432 -26.495   4.0 3.84 MW ML2MW
2007 09 08 1029 144.872 -40.548  10.0 3.77 MW ML2MW
2007 11 08 0510 152.630 -23.290  10.0 3.29 MW ML2MW
2007 11 13 0659 140.110 -37.789  15.4 3.86 MW ML2MW
2007 11 28 0157 151.216 -32.275  10.0 3.01 MW ML2MW
2007 12 12 0837 144.688 -40.370  10.0 3.57 MW ML2MW
2008 01 04 1417 140.497 -37.803  12.7 3.02 MW ML2MW
2008 01 24 0321 144.627 -38.757  14.3 3.43 MW ML2MW
2008 03 01 0024 144.668 -36.154  10.0 3.68 MW ML2MW
2008 03 09 0441 149.123 -34.939  10.0 3.06 MW ML2MW
2008 03 18 0102 148.433 -32.519  11.0 3.66 MW ML2MW
2008 03 25 0222 143.829 -40.201  10.0 3.16 MW ML2MW
2008 03 25 0656 144.324 -40.389  10.0 3.20 MW ML2MW
2008 05 22 0949 150.938 -29.060   0.0 3.24 MW ML2MW
2008 05 23 0916 150.226 -36.447  10.0 3.29 MW ML2MW
2008 06 06 0803 152.329 -31.907  10.0 3.17 MW ML2MW
2008 06 24 0703 140.578 -38.058  29.1 3.52 MW ML2MW
2008 08 26 0534 149.208 -34.730   3.0 3.22 MW ML2MW
2008 09 05 0539 150.776 -32.848   0.0 3.27 MW ML2MW
2008 09 21 1309 148.297 -39.793  10.0 3.09 MW ML2MW
2008 09 24 2331 144.490 -35.733  10.0 3.17 MW ML2MW
2008 09 30 0703 149.992 -37.975  10.0 3.17 MW ML2MW
2008 10 28 1224 144.281 -38.264   6.1 3.17 MW ML2MW
2008 11 29 2141 145.983 -42.517   8.0 3.66 MW ML2MW
2009 02 05 0404 144.994 -39.024  10.0 3.58 MW ML2MW
2009 03 06 0955 145.852 -38.413   9.8 4.41 MW Allen (2012); Herrmann (2009); Ghasemi et al (2016)
2009 03 10 1011 144.496 -41.021  10.0 3.14 MW ML2MW
2009 03 11 1325 150.743 -32.535  11.5 3.66 MW ML2MW
2009 04 09 0304 148.728 -32.418  10.0 3.56 MW ML2MW
2009 04 16 1119 145.925 -15.663  13.8 3.21 MW ML2MW
2009 04 26 1253 147.478 -18.269   5.0 3.96 MW ML2MW
2009 05 23 1924 152.702 -21.949   5.0 3.08 MW ML2MW
2009 06 13 1436 147.787 -36.717  11.3 3.02 MW ML2MW
2009 06 25 0813 148.145 -33.772  10.0 3.05 MW ML2MW
2009 08 28 2220 150.338 -34.217   3.4 3.50 MW ML2MW
2009 09 22 0820 145.233 -38.199   5.0 3.17 MW ML2MW
2009 09 28 0853 148.953 -33.442   0.0 3.34 MW ML2MW
2009 10 08 0837 148.461 -38.192  10.0 3.28 MW ML2MW
2009 10 15 2318 145.291 -39.389  10.0 3.14 MW ML2MW
2009 12 07 1330 147.839 -42.159   9.3 3.87 MW ML2MW
2009 12 10 1136 147.497 -18.528  10.0 3.65 MW ML2MW
2010 01 08 1424 146.979 -37.391  13.3 3.12 MW ML2MW
2010 01 22 1301 151.519 -24.474  10.0 3.06 MW ML2MW
2010 02 15 1938 154.646 -26.267  20.0 3.25 MW ML2MW
2010 02 20 1850 149.618 -34.721  10.0 3.16 MW ML2MW
2010 03 11 1625 152.386 -32.664   9.4 3.40 MW ML2MW
2010 03 13 0008 150.481 -36.972  10.0 3.01 MW ML2MW
2010 03 14 1829 148.949 -33.451   0.8 3.21 MW ML2MW
2010 03 30 0808 144.903 -38.089   9.0 3.17 MW ML2MW
2010 05 26 1009 144.744 -36.747  10.4 3.13 MW ML2MW
2010 06 23 1456 150.217 -29.883  10.0 3.26 MW ML2MW
2010 06 28 1905 146.703 -41.786  10.0 3.01 MW ML2MW
2010 07 16 0431 151.361 -24.961   7.0 3.58 MW ML2MW
2010 07 23 2220 148.879 -36.315   0.0 3.62 MW ML2MW
2010 08 11 2112 145.827 -43.180  11.8 3.36 MW ML2MW
2010 08 14 2123 147.541 -38.504   0.0 3.28 MW ML2MW
2010 08 15 0856 152.027 -26.899   0.7 3.01 MW ML2MW
2010 08 17 0327 151.890 -25.531   0.2 3.11 MW ML2MW
2010 08 19 0847 153.594 -24.684  10.0 3.15 MW ML2MW
2010 09 10 2241 150.977 -26.056   5.0 3.01 MW ML2MW
2010 09 17 0352 148.993 -33.439   0.0 3.05 MW ML2MW
2010 10 16 1407 146.453 -37.980   5.7 3.43 MW ML2MW
2010 10 22 0445 149.498 -33.360   0.0 3.17 MW ML2MW
2010 11 09 1920 140.030 -37.873  13.1 3.09 MW ML2MW
2010 12 04 0714 153.629 -24.135   5.0 3.52 MW ML2MW
2010 12 08 0910 149.018 -38.236  10.0 3.01 MW ML2MW
2010 12 11 0753 145.549 -16.479  18.0 3.19 MW ML2MW
2010 12 28 0851 147.300 -38.570  35.7 3.33 MW ML2MW
2011 01 04 1755 146.484 -43.776  10.0 3.07 MW ML2MW
2011 01 17 1929 144.633 -40.394  10.0 3.30 MW ML2MW
2011 01 30 2000 144.727 -40.934  10.0 3.01 MW ML2MW
2011 02 21 2243 153.132 -24.131   5.0 3.56 MW ML2MW
2011 03 13 0332 152.595 -23.890   5.0 3.55 MW ML2MW
2011 03 15 0608 146.334 -17.342  10.0 4.08 MW ML2MW
2011 04 12 1029 145.531 -42.243  12.3 3.05 MW ML2MW
2011 04 16 0531 147.718 -20.055  10.0 5.13 MW Allen (2012); Herrmann (2011); Ghasemi et al (2016)
2011 04 19 2013 152.325 -24.394   4.6 3.00 MW ML2MW
2011 04 29 2226 144.970 -40.709  13.9 3.10 MW ML2MW
2011 05 08 0549 151.008 -24.159   8.0 3.06 MW ML2MW
2011 05 13 2325 151.692 -25.003   7.9 3.20 MW ML2MW
2011 06 01 0329 142.491 -37.430  15.0 3.93 MW ML2MW
2011 06 26 2032 152.463 -27.168   8.2 3.28 MW ML2MW
2011 07 20 1919 143.600 -38.951  10.0 3.23 MW ML2MW
2011 11 02 1632 152.254 -23.664  10.0 3.77 MW ML2MW
2011 11 05 2252 140.454 -37.579  18.3 3.10 MW ML2MW
2011 11 13 0005 151.211 -29.827  10.0 3.57 MW ML2MW
2011 11 13 0010 150.819 -30.127  10.0 3.33 MW ML2MW
2011 11 14 0243 147.393 -42.107  10.0 3.16 MW ML2MW
2012 01 05 1405 152.510 -21.973  10.0 3.42 MW ML2MW
2012 01 12 0122 140.759 -38.629  27.1 3.32 MW ML2MW
2012 01 22 2018 145.550 -42.083   1.4 3.43 MW ML2MW
2012 03 11 1821 148.688 -36.302   5.2 3.06 MW ML2MW
2012 04 19 1909 148.642 -35.328   8.2 3.79 MW ML2MW
2012 04 29 0657 151.020 -32.681   0.2 3.02 MW ML2MW
2012 05 29 1829 151.814 -27.794   7.4 3.00 MW ML2MW
2012 06 03 1054 144.665 -41.255   2.0 3.02 MW ML2MW
2012 06 05 0912 148.757 -34.304  10.0 3.40 MW ML2MW
2012 06 19 1053 146.290 -38.259  18.1 5.06 MW GCMT; Hoult et al (2021)
2012 06 19 1344 148.421 -38.298  10.0 3.25 MW ML2MW
2012 07 31 0008 146.716 -38.605  10.0 3.09 MW ML2MW
2012 08 21 0625 149.228 -34.312   1.4 3.03 MW ML2MW
2012 09 10 0623 151.806 -33.506  15.5 3.43 MW ML2MW
2012 09 23 1629 151.465 -26.333   6.5 3.12 MW ML2MW
2012 10 11 2247 143.584 -37.885  11.2 3.31 MW ML2MW
2012 12 04 2017 151.473 -25.785  10.0 3.69 MW ML2MW
2012 12 21 1526 152.226 -32.394   4.0 3.18 MW ML2MW
2013 01 12 1610 148.918 -34.186   9.0 3.47 MW ML2MW
2013 01 12 2021 145.814 -40.935  10.0 3.35 MW ML2MW
2013 01 17 2356 144.749 -39.716   5.0 3.25 MW ML2MW
2013 02 05 2307 148.743 -31.379  10.0 3.01 MW ML2MW
2013 02 15 1232 145.861 -36.935   2.4 3.10 MW ML2MW
2013 02 18 0923 148.958 -33.444   0.0 3.24 MW ML2MW
2013 02 21 1336 144.501 -36.051  23.1 3.16 MW ML2MW
2013 02 28 0549 153.177 -23.867  29.6 4.01 MW ML2MW
2013 03 25 0753 140.700 -38.647  24.9 3.07 MW ML2MW
2013 04 05 1220 145.556 -42.075   1.0 3.03 MW ML2MW
2013 04 14 2220 144.871 -38.404  12.8 3.05 MW ML2MW
2013 05 13 1108 150.850 -29.160  10.0 3.18 MW ML2MW
2013 05 22 1548 151.346 -25.894   6.0 3.16 MW ML2MW
2013 06 03 1944 149.014 -29.030  10.0 3.31 MW ML2MW
2013 06 09 0235 144.084 -36.894   6.3 3.06 MW ML2MW
2013 06 22 1157 146.147 -36.777  12.2 3.30 MW ML2MW
2013 07 10 0257 145.334 -41.282  11.0 3.06 MW ML2MW
2013 07 15 0419 144.335 -39.769  14.5 3.66 MW ML2MW
2013 07 16 0455 144.587 -41.344  10.0 3.05 MW ML2MW
2013 07 21 0848 150.889 -32.289   0.0 3.23 MW ML2MW
2013 08 30 2304 149.760 -37.814  10.0 3.06 MW ML2MW
2013 10 07 2015 150.788 -34.165   6.2 3.70 MW ML2MW
2013 11 03 0251 150.039 -36.400  10.0 3.51 MW ML2MW
2013 11 22 0820 151.019 -35.371  10.0 3.03 MW ML2MW
2013 11 29 0211 151.030 -32.464   1.0 3.47 MW ML2MW
2013 12 01 0951 145.550 -17.090   0.0 3.13 MW ML2MW
2013 12 08 0647 146.322 -38.596  14.8 3.09 MW ML2MW
2013 12 22 1619 143.741 -36.290   4.0 3.11 MW ML2MW
2013 12 30 0022 152.700 -24.337  10.0 3.20 MW ML2MW
2014 01 11 1311 152.493 -32.534  10.0 3.04 MW ML2MW
2014 01 13 0458 145.350 -37.874  11.8 3.09 MW ML2MW
2014 01 23 0902 148.780 -32.896   3.9 3.52 MW ML2MW
2014 01 25 1338 150.739 -32.485  10.0 3.01 MW ML2MW
2014 02 24 0603 152.800 -24.372  10.3 3.22 MW ML2MW
2014 02 27 0149 147.204 -33.850   0.0 3.37 MW ML2MW
2014 03 06 1531 139.935 -38.541  13.0 3.35 MW ML2MW
2014 03 17 0149 152.798 -24.324  10.0 3.11 MW ML2MW
2014 04 02 2018 144.563 -39.561  10.0 3.10 MW ML2MW
2014 04 21 1651 148.608 -32.608   2.0 3.17 MW ML2MW
2014 05 10 1033 140.619 -38.997   8.9 3.23 MW ML2MW
2014 05 20 2253 147.444 -38.552  10.0 3.39 MW ML2MW
2014 06 14 1419 151.679 -25.228   5.0 3.22 MW ML2MW
2014 06 28 0642 145.295 -39.448   9.5 3.15 MW ML2MW
2014 07 12 0344 146.060 -38.437  16.4 3.08 MW ML2MW
2014 08 02 1413 148.988 -28.508  10.0 3.20 MW ML2MW
2014 08 08 1617 146.416 -17.044   0.0 3.53 MW ML2MW
2014 08 11 1834 151.968 -22.262  10.0 3.57 MW ML2MW
2014 08 21 2152 144.448 -42.065  10.0 3.44 MW ML2MW
2014 08 27 0946 152.989 -31.979  10.0 3.23 MW ML2MW
2014 09 05 1407 143.895 -16.949   0.0 3.25 MW ML2MW
2014 09 23 1155 151.367 -32.870   0.0 3.31 MW ML2MW
2014 09 24 1355 150.082 -29.455  10.0 3.30 MW ML2MW
2014 09 30 2038 149.361 -21.423  10.0 3.04 MW ML2MW
2014 10 17 0813 146.227 -38.219  10.6 3.40 MW ML2MW
2014 11 04 0033 151.423 -32.953  10.0 3.14 MW ML2MW
2014 11 19 0513 147.923 -35.146   8.7 3.52 MW ML2MW
2014 12 02 1634 145.846 -38.418   8.8 3.52 MW ML2MW
2014 12 03 1905 145.460 -38.067  18.4 3.59 MW ML2MW
2014 12 18 2139 151.339 -32.871   0.0 3.30 MW ML2MW
2014 12 20 0950 148.733 -38.276   7.2 3.69 MW ML2MW
2015 01 09 0439 151.338 -32.841   0.0 3.09 MW ML2MW
2015 01 13 2337 145.155 -41.372  10.1 3.64 MW ML2MW
2015 02 15 1557 151.555 -25.102  10.0 4.76 MW Ghasemi et al (2016)
2015 03 05 0135 146.193 -38.255   9.5 3.27 MW ML2MW
2015 03 27 1327 140.750 -38.562  38.0 3.47 MW ML2MW
2015 05 29 1504 146.247 -38.254  11.3 3.05 MW ML2MW
2015 05 31 0820 146.499 -43.431  16.5 3.07 MW ML2MW
2015 06 25 0729 152.368 -27.049   7.3 3.30 MW ML2MW
2015 07 21 0505 151.831 -28.781   1.0 3.03 MW ML2MW
2015 07 29 2341 154.295 -25.329  10.0 5.50 MW GCMT
2015 08 02 1321 145.452 -41.802   0.0 3.26 MW ML2MW
2015 08 20 1412 146.417 -43.268  11.3 3.17 MW ML2MW
2015 09 17 0244 142.582 -39.825  54.0 4.39 MW ML2MW
2015 12 01 0907 150.743 -24.787  10.0 3.30 MW ML2MW
2015 12 15 0457 140.092 -37.848  37.8 3.21 MW ML2MW
2015 12 21 1600 151.400 -26.051   9.3 3.21 MW ML2MW
2016 01 30 1739 149.080 -35.910   7.0 3.71 MW ML2MW
2016 02 09 1821 140.490 -38.069  36.4 3.38 MW ML2MW
2016 02 10 0503 148.838 -35.002   8.5 3.41 MW ML2MW
2016 03 15 0151 140.436 -38.107  35.0 3.44 MW ML2MW
2016 04 04 1942 146.034 -38.572  19.3 3.45 MW ML2MW
2016 04 21 2307 153.134 -23.529  10.0 3.37 MW ML2MW
2016 05 07 1343 153.244 -22.427  10.0 3.26 MW ML2MW
2016 05 17 0344 153.406 -24.160  10.0 3.47 MW ML2MW
2016 06 05 1647 146.358 -40.745  10.0 3.18 MW ML2MW
2016 06 12 1251 145.810 -39.061  14.0 3.13 MW ML2MW
2016 06 17 1957 152.583 -27.104   1.0 3.15 MW ML2MW
2016 07 18 1128 150.863 -32.289   1.0 3.14 MW ML2MW
2016 08 11 0544 150.855 -32.261  10.0 3.41 MW ML2MW
2016 08 13 1531 152.910 -23.743  10.0 4.45 MW ML2MW
2016 08 18 0430 148.756 -19.821  10.0 5.70 MW GCMT
2016 09 20 1334 153.749 -23.323  10.0 3.50 MW ML2MW
2016 10 07 0153 150.168 -30.724   0.0 3.37 MW ML2MW
2016 10 17 1530 151.408 -32.909   0.0 3.23 MW ML2MW
2016 12 18 1834 150.881 -32.261  10.0 3.15 MW ML2MW
2017 01 03 1413 150.708 -34.179   0.0 3.89 MW ML2MW
2017 01 08 1920 143.444 -39.009  12.6 3.18 MW ML2MW
2017 01 13 1813 148.641 -19.757  10.0 3.39 MW ML2MW
2017 01 14 2037 148.957 -38.358  12.2 3.13 MW ML2MW
2017 01 31 1940 146.274 -38.429  19.7 3.57 MW ML2MW
2017 02 17 1633 140.621 -38.627  10.0 3.32 MW ML2MW
2017 03 17 0209 150.422 -31.287  10.0 3.05 MW ML2MW
2017 03 19 0138 140.802 -38.078  10.0 3.25 MW ML2MW
2017 03 24 1332 150.950 -28.897  10.0 3.05 MW ML2MW
2017 04 13 1631 148.956 -33.464   0.0 4.22 MW ML2MW
2017 05 15 0959 148.267 -33.928  10.0 3.09 MW ML2MW
2017 06 27 0652 140.227 -38.031  10.0 3.24 MW ML2MW
2017 07 17 0039 151.589 -33.999  10.0 3.38 MW ML2MW
2017 09 01 0236 148.645 -27.575  10.0 3.45 MW ML2MW
2017 09 18 1604 144.642 -40.220  10.0 3.42 MW ML2MW
2017 09 18 1924 144.646 -40.070  10.0 3.51 MW ML2MW
2017 09 18 1927 144.481 -40.274  10.0 3.25 MW ML2MW
2017 09 28 0247 149.184 -34.761   0.0 3.03 MW ML2MW
2017 09 30 0829 154.038 -25.511  10.0 3.22 MW ML2MW
2017 10 10 1820 147.904 -35.102   0.0 3.17 MW ML2MW
2017 10 11 0509 147.512 -33.463   0.0 3.20 MW ML2MW
2017 10 23 2029 140.811 -38.486  10.0 3.55 MW ML2MW
2017 11 17 1610 144.132 -38.067  10.0 3.05 MW ML2MW
2017 11 17 1712 146.547 -17.386  10.0 3.33 MW ML2MW
2017 11 25 1533 148.969 -33.488  10.0 3.58 MW ML2MW
2018 01 06 1301 141.744 -35.532  10.0 3.30 MW ML2MW
2018 01 19 2250 152.992 -30.367   0.0 3.03 MW ML2MW
2018 01 22 0958 152.790 -30.678   0.0 3.10 MW ML2MW
2018 01 22 2036 152.886 -30.438   0.0 3.29 MW ML2MW
2018 01 23 2016 153.092 -30.501   0.0 3.40 MW ML2MW
2018 01 24 0228 153.026 -30.645  10.0 4.22 MW ML2MW
2018 01 24 1622 147.992 -36.676  10.0 3.04 MW ML2MW
2018 01 25 0031 153.019 -30.367   0.0 3.06 MW ML2MW
2018 02 11 1324 145.937 -39.139  10.0 3.06 MW ML2MW
2018 03 23 0101 144.655 -40.481  10.0 3.35 MW ML2MW
2018 04 25 0739 149.712 -33.493   0.5 3.00 MW ML2MW
2018 04 27 1801 151.466 -25.482  10.0 3.31 MW ML2MW
2018 05 05 2120 148.078 -36.230  10.0 3.04 MW ML2MW
2018 06 18 1726 141.033 -38.215  10.0 3.15 MW ML2MW
2018 07 08 0246 145.698 -43.416  10.0 3.44 MW ML2MW
2018 08 01 1649 150.770 -32.343  10.0 3.88 MW ML2MW
2018 08 18 1128 147.808 -37.337  10.0 3.17 MW ML2MW
2018 08 27 0816 147.481 -36.309  14.9 3.07 MW ML2MW
2018 08 28 2242 148.395 -35.922   8.2 3.89 MW ML2MW
2018 09 02 0256 148.822 -36.241   0.0 3.45 MW ML2MW
2018 09 13 0123 150.825 -32.345   0.8 3.45 MW ML2MW
2018 09 14 1319 148.339 -33.200   0.0 3.25 MW ML2MW
2018 09 14 2151 150.826 -32.340   1.0 3.47 MW ML2MW
2018 12 05 0623 139.504 -37.440  10.0 3.40 MW ML2MW
2018 12 12 0011 148.026 -32.311  10.0 3.10 MW ML2MW
2018 12 27 1803 150.803 -32.565   0.0 3.69 MW ML2MW
2019 01 04 0611 145.036 -38.268  10.0 3.04 MW ML2MW
2019 01 14 1359 148.648 -36.283  10.0 3.11 MW ML2MW
2019 01 17 2305 149.204 -35.164   0.0 3.17 MW ML2MW
2019 01 27 1558 150.948 -32.232  10.0 3.09 MW ML2MW
2019 01 27 1850 148.895 -34.248  10.0 3.03 MW ML2MW
2019 02 06 1747 150.341 -34.637  10.0 3.50 MW ML2MW
2019 02 12 1353 146.362 -37.761  10.0 3.39 MW ML2MW
2019 02 19 1101 149.016 -34.903   0.0 3.06 MW ML2MW
2019 02 23 1553 146.859 -38.397  10.0 3.00 MW ML2MW
2019 02 24 2114 147.868 -42.094  10.0 3.28 MW ML2MW
2019 02 28 1926 148.840 -36.218   0.0 3.14 MW ML2MW
2019 03 02 1459 146.807 -34.432  10.0 3.04 MW ML2MW
2019 03 05 1654 151.064 -32.653   3.5 3.62 MW ML2MW
2019 03 07 0207 147.462 -34.654   0.0 3.27 MW ML2MW
2019 03 08 1235 149.699 -32.089  10.0 3.72 MW ML2MW
2019 03 09 1725 152.178 -27.441   6.5 3.08 MW ML2MW
2019 03 10 1547 148.936 -34.683  10.0 3.38 MW ML2MW
2019 03 17 1348 144.603 -36.169  10.0 3.37 MW ML2MW
2019 04 01 2228 148.327 -34.354   0.0 3.12 MW ML2MW
2019 04 04 0608 139.522 -37.511  10.0 3.74 MW ML2MW
2019 04 04 1347 140.181 -38.004  10.0 3.36 MW ML2MW
2019 04 11 1223 140.044 -37.742  10.0 3.72 MW ML2MW
2019 04 24 2059 144.320 -40.054  27.6 3.11 MW ML2MW
2019 04 26 0757 147.875 -36.210  10.5 3.30 MW ML2MW
2019 05 11 2029 148.497 -36.081  10.0 3.01 MW ML2MW
2019 05 28 0915 151.267 -35.602  10.0 3.02 MW ML2MW
2019 06 08 1649 147.901 -32.460   0.0 3.09 MW ML2MW
2019 06 13 1213 149.003 -36.497   0.0 3.40 MW ML2MW
2019 06 14 1637 146.552 -38.417  10.0 3.29 MW ML2MW
2019 06 15 1900 140.842 -38.034  10.0 3.03 MW ML2MW
2019 06 23 1802 148.982 -34.527  10.0 3.01 MW ML2MW
2019 06 27 2038 150.926 -31.821  10.0 3.36 MW ML2MW
2019 07 01 1632 147.174 -33.921   0.0 3.08 MW ML2MW
2019 08 05 0702 144.214 -41.317  10.0 3.28 MW ML2MW
2019 08 12 0053 146.667 -34.224  10.0 3.21 MW ML2MW
2019 09 22 1348 145.822 -38.416  10.0 3.01 MW ML2MW
2019 09 23 0030 146.912 -38.099  10.0 3.30 MW ML2MW
2019 09 25 1045 148.783 -36.208   2.6 3.26 MW ML2MW
2019 10 02 0548 149.851 -32.307   5.0 3.00 MW ML2MW
2019 10 02 2105 145.551 -41.721   0.9 3.21 MW ML2MW
2019 10 04 0107 152.500 -22.680  10.0 3.57 MW ML2MW
2019 11 19 1533 142.398 -38.806  10.0 3.15 MW ML2MW
2019 11 20 0238 150.958 -32.554   3.0 3.14 MW ML2MW
2019 11 27 1634 147.224 -36.770   0.0 3.25 MW ML2MW
2019 11 28 0318 145.278 -37.905  10.0 3.14 MW ML2MW
2019 12 15 0316 145.438 -37.421  10.0 3.09 MW ML2MW
2019 12 15 1416 149.004 -34.972  10.0 3.23 MW ML2MW
2019 12 16 0529 150.836 -32.348  10.0 4.35 MW ML2MW
2019 12 16 0611 145.516 -37.403  10.0 3.07 MW ML2MW
2019 12 18 0113 149.782 -32.291  10.0 3.15 MW ML2MW
2019 12 24 0159 144.683 -38.484  10.0 3.52 MW ML2MW
2019 12 24 0440 150.386 -36.097  10.0 3.21 MW ML2MW
2019 12 25 0959 153.072 -30.832  10.0 3.46 MW ML2MW
2019 12 31 1321 148.689 -36.365  10.0 3.10 MW ML2MW
2020 02 05 0819 140.520 -38.282  10.0 3.27 MW ML2MW
2020 02 14 1343 149.036 -33.196  10.0 3.09 MW ML2MW
2020 03 13 2042 147.437 -35.774  10.0 3.16 MW ML2MW
2020 03 23 0032 145.036 -37.272  10.0 3.34 MW ML2MW
2020 03 25 0135 149.672 -34.290  10.0 3.27 MW ML2MW
2020 04 05 2040 149.152 -34.762  10.0 3.11 MW ML2MW
2020 04 16 0133 144.454 -35.055  10.0 3.69 MW ML2MW
2020 04 17 2238 148.882 -36.346  10.0 3.46 MW ML2MW
2020 04 25 1152 147.323 -34.015  10.0 3.03 MW ML2MW
2020 04 26 0121 147.287 -34.139  10.0 3.62 MW ML2MW
2020 05 02 1748 150.870 -32.350  10.0 3.90 MW ML2MW
2020 05 11 2257 139.570 -37.714  10.0 3.18 MW ML2MW
2020 05 14 1605 147.339 -34.170  10.0 3.02 MW ML2MW
2020 05 14 2028 147.672 -34.021  10.0 3.00 MW ML2MW
2020 06 04 0705 145.900 -38.958  10.0 3.56 MW ML2MW
2020 06 06 0548 146.092 -38.617  10.0 3.37 MW ML2MW
2020 07 14 2210 145.615 -38.986  10.0 3.31 MW ML2MW
2020 07 23 0631 149.336 -32.593   0.7 3.39 MW ML2MW
2020 07 29 0908 145.532 -38.015   7.3 3.14 MW ML2MW
2020 08 02 0126 143.555 -38.921   5.4 3.06 MW ML2MW
2020 08 03 0522 148.657 -34.999  10.0 3.39 MW ML2MW
2020 08 03 1657 145.519 -37.880   8.6 3.44 MW ML2MW
2020 08 23 0937 143.670 -38.860   2.9 3.98 MW ML2MW
2020 09 01 1322 146.417 -37.874   2.4 3.28 MW ML2MW
2020 09 25 1428 150.694 -30.574  10.0 3.63 MW ML2MW
2020 10 14 0554 148.057 -36.699  10.0 3.20 MW ML2MW
2020 10 14 1444 147.913 -20.336  10.0 3.73 MW ML2MW
2020 10 15 1021 148.749 -33.297  10.0 3.63 MW ML2MW
2020 10 18 2147 143.885 -40.306  10.0 3.30 MW ML2MW
2020 11 08 1004 143.722 -36.341  10.0 3.60 MW ML2MW
2020 11 14 1332 145.841 -38.403  10.0 3.72 MW ML2MW
2020 11 20 1058 149.689 -33.956   1.0 3.13 MW ML2MW
2020 12 11 0824 146.026 -44.078  10.0 3.75 MW ML2MW
2021 01 06 1843 147.324 -34.010  10.0 3.17 MW ML2MW
2021 01 14 2058 142.668 -36.867  11.0 3.73 MW ML2MW
2021 01 25 2051 141.856 -37.117   9.0 3.24 MW ML2MW
2021 01 31 2020 149.510 -28.639   9.1 3.07 MW ML2MW
2021 02 07 0941 150.842 -32.341   0.7 3.64 MW ML2MW
2021 03 05 1925 153.963 -25.722  10.0 3.14 MW ML2MW
2021 03 16 1234 148.432 -38.046   7.5 3.07 MW ML2MW
2021 03 26 1137 151.095 -35.741  10.0 3.31 MW ML2MW
2021 03 29 1742 150.867 -32.360  10.0 3.57 MW ML2MW
2021 04 15 1424 146.187 -38.520  10.0 3.20 MW ML2MW
2021 04 27 2220 150.131 -34.986   5.7 3.06 MW ML2MW
2021 05 04 0026 148.957 -33.327   9.2 3.36 MW ML2MW
2021 05 05 0015 148.495 -36.455   5.0 3.48 MW ML2MW
2021 05 24 1437 139.907 -38.165  10.0 3.01 MW ML2MW
2021 05 25 1931 147.112 -33.963  10.0 3.04 MW ML2MW
2021 05 27 0046 144.055 -36.972   2.7 3.14 MW ML2MW
2021 06 13 2345 146.851 -37.138  10.0 3.35 MW ML2MW
2021 06 17 1112 146.604 -17.291  10.0 3.03 MW ML2MW
2021 06 22 1909 143.580 -38.906  10.0 3.80 MW ML2MW
2021 07 01 0755 146.931 -38.561  10.0 3.38 MW ML2MW
2021 07 03 0528 144.955 -37.564   5.3 3.26 MW ML2MW
2021 07 16 1456 146.186 -38.502   8.5 3.63 MW ML2MW
2021 07 28 1022 147.375 -37.753  10.0 3.09 MW ML2MW
2021 07 30 1002 151.397 -30.471   1.2 3.33 MW ML2MW
2021 09 10 0600 143.642 -38.894  10.0 3.20 MW ML2MW
2021 09 21 2315 146.348 -37.492  10.0 5.87 MW AUST
