1920 02 08 0524 111.000 -35.000  10.0 6.07 MW MS2MW
1970 02 16 2120 111.650 -20.070   0.0 5.31 MW mb2MW
1973 06 18 1934 110.200 -33.500  10.0 5.16 MW mb2MW
1980 04 19 0744 113.690 -19.370   0.0 3.98 MW ML2MW
1981 07 13 1651 122.300 -36.150  10.0 3.49 MW ML2MW
1981 12 01 1836 122.190 -12.483  33.0 4.05 MW mb2MW
1982 09 24 1311 146.562 -45.100  10.3 3.54 MW ML2MW
1984 04 11 1354 119.340 -15.480  10.0 3.46 MW ML2MW
1984 08 06 1732 123.700 -36.700  37.0 3.57 MW ML2MW
1986 01 02 2133 112.097 -34.484  11.8 4.39 MW mb2MW
1987 03 26 1214 136.705 -36.461   0.0 3.54 MW ML2MW
1987 09 28 1500 121.189 -13.252  33.0 3.71 MW mb2MW
1989 04 07 1845 122.180 -12.525  33.0 4.31 MW mb2MW
1992 07 01 0435 111.856 -19.030   5.0 4.14 MW mb2MW
1992 10 23 2237 120.496 -13.783  33.0 4.44 MW ML2MW
1993 07 10 1231 113.561 -19.368   5.0 3.50 MW ML2MW
1993 10 29 0814 114.582 -18.803   5.0 4.08 MW ML2MW
1995 04 29 0712 125.356 -36.383   5.0 3.91 MW ML2MW
1995 10 27 0420 129.276 -34.631  20.0 3.66 MW ML2MW
1996 06 03 1304 149.611 -18.539   0.0 3.58 MW ML2MW
1997 08 20 1816 116.803 -17.572   5.0 3.54 MW mb2MW
1998 06 30 0258 152.650 -21.253   3.0 3.99 MW ML2MW
1999 01 23 0441 111.212 -19.595   5.0 3.91 MW ML2MW
1999 03 05 0346 114.281 -18.689   5.0 3.50 MW ML2MW
2000 10 11 1927 112.839 -20.027  19.5 5.10 MW EHB
2001 07 23 0555 111.414 -19.627  10.0 3.34 MW ML2MW
2004 05 27 0720 115.962 -36.270  17.0 3.30 MW ML2MW
2006 01 05 0953 151.879 -19.283   4.0 3.90 MW ML2MW
2006 09 29 1249 145.238 -44.793  17.0 4.31 MW mb2MW
2006 12 14 1723 143.690 -42.566  15.0 4.68 MW ML2MW
2007 10 06 0239 136.438 -35.953   7.3 3.58 MW ML2MW
2008 04 02 0814 117.070 -16.982   8.3 3.37 MW ML2MW
2009 04 17 2312 112.843 -19.197  59.0 3.60 MW ML2MW
2010 07 17 1624 123.154 -34.823  14.0 4.04 MW ML2MW
2010 10 25 0305 151.381 -20.199   5.0 3.61 MW ML2MW
2011 09 07 2228 136.132 -36.602  14.9 3.27 MW ML2MW
2011 10 29 0748 117.874 -36.357  10.0 3.20 MW ML2MW
2012 02 04 0841 133.119 -34.889  15.2 3.43 MW ML2MW
2013 05 02 1727 120.696 -36.748  10.0 3.20 MW ML2MW
2013 10 20 0752 123.697 -35.195  10.0 3.20 MW ML2MW
2013 12 06 1045 121.179 -35.832  10.0 3.31 MW ML2MW
2013 12 08 1522 115.854 -36.385  10.0 3.24 MW ML2MW
2014 01 02 0021 124.339 -36.613  20.0 3.88 MW ML2MW
2015 03 29 1717 113.178 -19.833  77.0 3.39 MW ML2MW
2015 05 13 1135 136.775 -36.551  17.8 3.52 MW ML2MW
2015 05 22 0010 110.996 -32.818  10.0 3.22 MW ML2MW
2016 05 10 0944 118.690 -16.397   0.0 4.65 MW ML2MW
2016 06 06 0711 114.015 -18.920  10.0 3.27 MW ML2MW
2016 07 31 1345 112.121 -19.124  10.0 4.13 MW ML2MW
2016 10 24 1302 112.911 -19.778  20.0 3.66 MW ML2MW
2017 01 24 0502 123.500 -35.172  10.0 3.54 MW ML2MW
2017 08 07 0056 118.405 -16.506  10.0 3.83 MW ML2MW
2018 04 22 1109 121.712 -36.224  10.0 3.16 MW ML2MW
2018 09 12 1145 116.910 -35.866  10.0 3.23 MW ML2MW
2018 09 12 1625 144.484 -44.772  10.0 3.28 MW ML2MW
2019 08 13 0214 131.206 -33.832  10.0 4.31 MW ML2MW
2019 08 13 1547 131.868 -33.789  10.0 3.70 MW ML2MW
2019 08 14 1704 113.925 -18.989  25.0 3.79 MW ML2MW
2019 08 18 1138 151.900 -20.950  10.0 4.48 MW ML2MW
2019 08 31 2100 134.356 -35.361  10.0 4.17 MW ML2MW
2019 09 11 2237 131.264 -34.025  10.0 3.39 MW ML2MW
2019 12 19 0706 111.668 -19.001  10.0 4.11 MW ML2MW
2020 08 17 2359 113.660 -33.278  10.0 3.47 MW ML2MW
2021 01 14 0403 121.940 -36.667  10.0 3.40 MW ML2MW
2021 02 07 2243 127.164 -36.207  10.0 3.18 MW ML2MW
2021 06 15 1554 123.291 -34.834  10.0 3.20 MW ML2MW
2021 08 10 2322 112.878 -19.720  10.0 4.16 MW ML2MW
