1970 02 08 1631 125.080 -27.400   1.0 4.64 MW mb2MW
1972 07 22 0419 126.710 -28.030   0.0 4.30 MW mb2MW
1975 01 10 0820 126.110 -27.740   0.0 5.42 MW mb2MW
1975 03 07 2013 126.580 -25.860   0.0 4.47 MW mb2MW
1976 03 15 1538 125.470 -32.340  10.0 4.77 MW mb2MW
1977 05 15 1916 117.950 -35.000  10.0 4.19 MW ML2MW
1979 04 24 2314 129.160 -26.340   0.0 4.15 MW ML2MW
1984 07 07 0439 126.659 -28.219  33.0 4.17 MW ML2MW
1985 03 22 0023 125.570 -22.840  10.0 3.45 MW ML2MW
1985 07 02 2345 125.300 -27.700  10.0 3.38 MW ML2MW
1985 07 29 0713 124.260 -28.100  10.0 3.20 MW ML2MW
1986 03 16 0644 126.610 -28.100   5.0 3.43 MW ML2MW
1986 05 26 0555 128.992 -27.768   5.0 4.06 MW ML2MW
1986 06 15 0233 125.930 -25.340   5.0 3.01 MW ML2MW
1986 06 23 1530 124.780 -27.590   5.0 3.60 MW ML2MW
1986 09 04 1910 133.333 -33.619  21.9 3.09 MW ML2MW
1987 10 12 0453 118.470 -34.910   5.0 3.26 MW ML2MW
1987 12 13 1529 126.270 -29.610   5.0 3.08 MW ML2MW
1988 05 08 1553 124.730 -22.830   5.0 3.05 MW ML2MW
1988 06 15 0913 126.500 -31.720   5.0 4.21 MW ML2MW
1988 08 08 1813 126.573 -27.243   5.0 4.10 MW ML2MW
1988 09 25 0628 132.342 -31.226  15.3 3.34 MW ML2MW
1988 11 04 0734 128.030 -29.940   5.0 3.10 MW ML2MW
1989 07 27 0607 125.467 -26.092   5.0 3.11 MW ML2MW
1989 10 12 0403 122.916 -27.686   5.0 3.09 MW ML2MW
1990 03 05 1258 127.775 -26.262   3.0 3.04 MW ML2MW
1990 04 21 2136 127.301 -26.144  10.0 3.19 MW ML2MW
1991 02 13 0735 125.653 -29.775   1.0 3.04 MW ML2MW
1991 03 15 0429 124.655 -29.360   1.0 3.11 MW ML2MW
1992 08 22 1054 128.791 -27.452   5.0 3.74 MW ML2MW
1993 04 05 1754 127.593 -25.768   5.0 3.11 MW ML2MW
1993 05 28 1503 121.806 -28.218   1.0 3.58 MW ML2MW
1993 11 30 0051 125.087 -29.892   5.0 3.26 MW ML2MW
1994 06 26 0736 133.815 -33.605  13.3 3.18 MW ML2MW
1995 03 28 0732 120.440 -27.696   5.0 3.04 MW ML2MW
1995 04 05 2338 126.953 -32.672   5.0 3.91 MW ML2MW
1995 06 04 2036 125.796 -24.119   5.0 3.66 MW ML2MW
1996 07 09 0926 129.936 -26.990   5.0 3.26 MW ML2MW
1996 12 10 0602 128.448 -26.251   5.0 3.42 MW ML2MW
1997 06 06 0617 125.812 -24.156   5.0 3.11 MW ML2MW
1997 07 29 0742 125.807 -28.360  10.0 4.08 MW ML2MW
1997 09 11 1619 126.262 -30.968   5.0 3.11 MW ML2MW
1998 07 17 1846 127.845 -26.502  11.0 3.42 MW ML2MW
1998 07 31 0046 125.694 -24.301   5.0 3.26 MW ML2MW
1999 01 18 1450 126.410 -27.788  10.0 4.08 MW ML2MW
1999 12 01 1525 126.590 -27.180   5.0 3.26 MW ML2MW
2000 01 10 2057 124.082 -28.554  10.0 3.11 MW ML2MW
2000 04 03 1109 134.790 -35.087  14.1 3.12 MW ML2MW
2000 11 11 2200 126.172 -27.637   2.0 3.29 MW ML2MW
2001 01 10 1003 126.635 -27.890   0.0 3.04 MW ML2MW
2001 08 18 0205 122.555 -33.416  10.0 3.11 MW ML2MW
2001 09 08 1031 133.529 -34.272   7.2 3.10 MW ML2MW
2001 10 13 0507 129.014 -30.501  12.6 3.05 MW ML2MW
2001 10 23 0617 124.381 -28.200  10.0 3.04 MW ML2MW
2002 02 06 0448 120.413 -22.785  10.0 3.70 MW ML2MW
2002 03 17 0109 125.388 -27.539   5.0 3.27 MW ML2MW
2002 09 09 0657 126.709 -31.527   6.0 3.89 MW ML2MW
2002 10 25 0425 126.813 -32.415   5.0 3.53 MW ML2MW
2003 03 27 1440 133.274 -33.780  24.1 3.50 MW ML2MW
2003 05 27 1023 135.607 -35.217   8.8 3.30 MW ML2MW
2003 07 03 0536 120.149 -25.795  21.8 3.63 MW ML2MW
2003 07 18 1319 119.609 -34.372   5.0 3.06 MW ML2MW
2004 03 05 0011 127.084 -32.346  10.0 4.30 MW ML2MW
2004 06 07 1340 125.483 -27.695   6.8 3.67 MW ML2MW
2006 11 28 2151 123.951 -28.561   9.0 3.15 MW ML2MW
2007 08 03 0838 120.571 -23.394   0.0 3.04 MW ML2MW
2007 09 28 0840 120.660 -23.150   0.0 3.19 MW ML2MW
2008 07 09 2345 125.223 -26.034   1.4 4.62 MW Ghasemi et al (2016)
2009 01 14 2257 133.172 -29.228  12.5 3.15 MW ML2MW
2009 10 16 0224 133.119 -34.419  32.3 4.28 MW ML2MW
2009 11 03 0654 125.792 -27.579   9.5 3.60 MW ML2MW
2010 06 09 1541 123.256 -22.166   0.0 3.24 MW ML2MW
2011 01 11 0311 124.491 -27.997   0.0 3.92 MW ML2MW
2011 02 24 0226 120.084 -26.564  10.0 3.27 MW ML2MW
2011 05 20 2003 119.504 -23.567  10.0 4.83 MW ML2MW
2011 12 27 1410 120.296 -26.741  10.0 3.09 MW ML2MW
2012 10 07 0320 120.630 -27.768   0.0 3.57 MW ML2MW
2012 11 08 0356 127.209 -29.907  32.5 3.62 MW ML2MW
2012 11 28 2235 125.943 -27.757   0.0 3.89 MW Ghasemi et al (2016)
2013 01 05 0232 120.611 -27.808   0.0 3.03 MW ML2MW
2013 03 08 2159 122.228 -21.738  10.0 3.21 MW ML2MW
2013 10 30 2225 120.746 -27.786   0.0 3.99 MW ML2MW
2014 02 01 0526 119.627 -34.614  10.0 3.13 MW ML2MW
2014 06 02 1012 126.236 -32.693  10.0 3.30 MW ML2MW
2014 07 16 0035 128.382 -25.718  10.0 3.39 MW ML2MW
2014 09 18 0321 126.970 -31.646  15.0 3.13 MW ML2MW
2015 10 13 0654 120.751 -22.569  13.0 4.08 MW Ghasemi et al (2016)
2016 06 10 0149 126.347 -28.009   0.0 3.16 MW ML2MW
2017 05 15 1912 123.588 -27.167  10.0 3.75 MW ML2MW
2018 04 24 1521 120.609 -26.385  10.0 3.10 MW ML2MW
2018 05 01 2134 127.563 -25.600  10.0 3.14 MW ML2MW
2018 05 02 0607 127.533 -25.466  10.0 3.16 MW ML2MW
2018 05 19 1623 122.213 -21.817  10.0 3.52 MW ML2MW
2019 01 03 0045 129.890 -31.397  10.0 3.05 MW ML2MW
2019 06 22 0143 126.891 -25.784  10.0 3.25 MW ML2MW
2019 09 29 1523 125.288 -29.391  10.0 3.16 MW ML2MW
2019 10 31 0739 122.885 -33.740  10.0 3.25 MW ML2MW
2019 12 19 0217 120.218 -27.687  10.0 3.36 MW ML2MW
2020 01 08 0520 123.724 -28.212  10.0 3.38 MW ML2MW
2020 01 18 0602 124.487 -29.108  10.0 3.04 MW ML2MW
2020 01 28 0310 126.364 -23.434  10.0 3.74 MW ML2MW
2020 05 02 1654 126.147 -27.827  10.0 3.70 MW ML2MW
2020 05 03 2339 120.666 -27.766  10.0 3.04 MW ML2MW
2020 09 26 2205 126.736 -27.437   7.2 3.14 MW ML2MW
2020 12 20 0943 123.682 -28.107  10.0 3.09 MW ML2MW
2021 06 01 1755 120.709 -27.872  10.0 3.02 MW ML2MW
2021 06 02 1355 124.076 -27.102  10.0 3.21 MW ML2MW
2021 06 27 1932 120.754 -27.782  10.0 3.14 MW ML2MW
2021 07 07 0451 127.103 -31.648  10.0 3.04 MW ML2MW
2021 08 13 0524 123.650 -27.980  10.0 3.06 MW ML2MW
2022 02 07 1900 126.797 -32.232  10.0 3.39 MW ML2MW
2022 03 12 0039 126.440 -28.141  10.0 3.05 MW ML2MW
