1941 04 29 0135 116.197 -26.791  25.0 6.18 MW MW
1975 07 21 2139 123.500 -30.200   0.0 4.36 MW mb2MW
1977 04 10 1018 122.920 -30.510   0.0 3.84 MW ML2MW
1977 11 17 1756 123.670 -30.590   0.0 4.30 MW ML2MW
1978 11 24 0104 120.770 -33.320  10.0 3.86 MW ML2MW
1982 06 06 1406 122.257 -32.358  33.0 3.90 MW ML2MW
1984 02 21 0559 122.720 -31.820  10.0 3.99 MW ML2MW
1986 01 20 0746 122.340 -32.360   5.0 3.98 MW ML2MW
1986 09 16 1616 122.310 -32.590   5.0 3.36 MW ML2MW
1986 12 18 0658 116.820 -27.830   5.0 4.10 MW ML2MW
1987 02 24 0810 122.220 -32.510   5.0 3.00 MW ML2MW
1987 04 19 2241 122.260 -32.610   5.0 3.14 MW ML2MW
1987 05 02 2349 121.428 -30.710   5.0 3.12 MW ML2MW
1987 05 08 1335 122.220 -32.510   5.0 3.00 MW ML2MW
1987 07 08 1038 122.280 -32.540   5.0 4.36 MW ML2MW
1987 10 09 0358 121.262 -30.913  16.0 3.97 MW ML2MW
1987 11 15 1227 122.220 -32.510   5.0 3.07 MW ML2MW
1987 12 20 1211 121.083 -30.483   5.0 3.39 MW ML2MW
1988 05 26 1704 116.910 -27.900   5.0 3.05 MW ML2MW
1988 08 15 0413 122.220 -32.510   5.0 3.52 MW ML2MW
1988 11 27 1407 123.010 -30.370   5.0 3.24 MW ML2MW
1988 12 25 1001 117.730 -27.420   5.0 3.12 MW ML2MW
1989 10 12 0403 122.916 -27.686   5.0 3.09 MW ML2MW
1990 03 28 0713 121.485 -30.760   1.0 3.04 MW ML2MW
1990 07 17 0513 121.477 -30.769   1.0 3.26 MW ML2MW
1991 03 09 0136 121.423 -30.761  11.0 4.08 MW ML2MW
1991 06 14 1222 122.318 -32.603   5.0 3.58 MW ML2MW
1992 01 07 0631 123.374 -30.496  37.0 3.19 MW ML2MW
1992 04 28 2134 116.485 -27.539  37.0 3.26 MW ML2MW
1992 05 14 0132 122.210 -32.309   5.0 3.04 MW ML2MW
1993 01 28 2046 116.865 -27.890   5.0 3.19 MW ML2MW
1993 02 27 2208 122.317 -32.625   5.0 3.42 MW ML2MW
1993 05 28 1503 121.806 -28.218   1.0 3.58 MW ML2MW
1993 06 10 0336 122.298 -32.458   5.0 3.34 MW ML2MW
1994 01 07 1213 122.297 -32.425   5.0 3.11 MW ML2MW
1995 03 28 0732 120.440 -27.696   5.0 3.04 MW ML2MW
1996 06 01 0715 121.468 -30.743   1.0 3.19 MW ML2MW
1997 02 05 1455 123.271 -29.851   5.0 3.34 MW ML2MW
1997 02 06 1356 123.916 -30.128   5.0 3.34 MW ML2MW
1997 08 03 0117 116.059 -28.604   5.0 3.04 MW ML2MW
1997 12 28 1556 122.313 -32.621   5.0 3.11 MW ML2MW
1998 03 22 1753 122.164 -31.516   5.0 3.91 MW ML2MW
1998 04 10 0346 122.343 -32.589   5.0 4.17 MW ML2MW
1998 06 27 0701 121.605 -30.815   5.0 3.50 MW ML2MW
1998 07 05 0849 118.640 -26.249   5.0 3.04 MW ML2MW
1998 07 08 1044 121.416 -30.777   1.0 3.04 MW ML2MW
1998 10 14 2226 121.320 -31.033   5.0 3.58 MW ML2MW
1999 11 09 0505 121.390 -28.820   5.0 3.58 MW ML2MW
2000 07 29 0245 123.749 -29.933  10.0 3.26 MW ML2MW
2001 03 27 0458 122.408 -32.029  10.0 3.41 MW ML2MW
2002 07 24 2048 121.243 -30.382  10.0 3.33 MW ML2MW
2002 08 02 1343 121.207 -30.917   3.0 3.83 MW ML2MW
2003 07 03 0536 120.149 -25.795  21.8 3.63 MW ML2MW
2003 08 15 0541 122.647 -28.608   0.0 3.19 MW ML2MW
2004 02 11 1935 121.132 -31.129   0.0 3.02 MW ML2MW
2004 03 24 0627 124.144 -29.849  10.0 3.19 MW ML2MW
2004 05 31 2232 121.760 -31.326   0.0 3.61 MW ML2MW
2005 01 27 1729 122.381 -32.467  10.0 3.41 MW ML2MW
2005 02 18 1757 121.085 -32.827   0.0 3.39 MW ML2MW
2005 05 04 1845 117.319 -25.932   9.0 3.32 MW ML2MW
2006 07 04 1608 121.526 -30.779   7.0 3.23 MW ML2MW
2006 12 21 1210 121.456 -30.731   0.0 3.12 MW ML2MW
2007 03 06 0407 124.341 -29.933   1.0 3.82 MW ML2MW
2007 11 12 1326 121.519 -30.699   4.0 3.05 MW ML2MW
2007 11 26 1005 123.719 -30.127   2.0 3.37 MW ML2MW
2008 01 13 1616 117.069 -26.650   2.5 3.09 MW ML2MW
2008 07 02 0240 121.473 -30.739   0.0 3.52 MW ML2MW
2008 12 15 1652 118.889 -30.409   7.2 3.14 MW ML2MW
2009 04 07 2126 121.461 -30.785   0.0 3.36 MW ML2MW
2009 04 28 1906 121.553 -30.644   3.0 3.36 MW ML2MW
2009 10 24 1626 120.659 -33.468  10.0 4.27 MW MS2MW
2010 02 14 1014 122.307 -32.506   0.0 3.35 MW ML2MW
2010 04 20 0017 121.770 -30.745  10.0 4.16 MW Ghasemi et al (2016)
2010 06 04 1056 121.385 -30.726   0.0 3.49 MW ML2MW
2010 07 26 1838 121.343 -30.911   0.0 3.14 MW ML2MW
2011 05 12 1836 122.068 -32.463  19.0 3.32 MW ML2MW
2011 07 27 0402 121.529 -30.573   0.0 3.54 MW ML2MW
2012 09 03 1006 115.990 -28.654   9.0 3.03 MW ML2MW
2012 09 26 1737 121.072 -30.996  10.0 3.21 MW ML2MW
2012 10 07 0320 120.630 -27.768   0.0 3.53 MW ML2MW
2013 04 20 0134 119.855 -28.614  18.0 3.36 MW ML2MW
2013 05 13 2044 122.826 -31.691   0.0 3.06 MW ML2MW
2013 05 20 0514 116.745 -29.143  15.0 3.18 MW ML2MW
2013 06 25 2048 116.234 -28.805   0.0 3.56 MW ML2MW
2013 09 30 2114 121.498 -31.898  12.0 3.85 MW ML2MW
2013 10 30 2225 120.746 -27.786   0.0 3.98 MW ML2MW
2014 02 26 0000 121.187 -30.679   0.0 4.32 MW Ghasemi et al (2016)
2014 07 26 0215 119.790 -28.297   0.0 3.11 MW ML2MW
2014 08 02 0517 116.804 -29.192   0.0 3.08 MW ML2MW
2014 10 31 1915 121.232 -30.815  10.0 3.88 MW Ghasemi et al (2016)
2014 11 04 1555 121.133 -30.920   9.0 3.14 MW ML2MW
2014 12 08 0526 116.807 -29.142  10.0 3.07 MW ML2MW
2015 01 18 1557 121.176 -30.697  10.0 3.24 MW ML2MW
2015 01 23 0556 121.488 -31.424   4.0 3.27 MW ML2MW
2015 02 13 2215 121.532 -30.627  13.0 3.56 MW ML2MW
2015 04 26 2242 121.234 -30.760  15.0 3.26 MW ML2MW
2015 06 10 1913 121.645 -30.602   8.0 3.29 MW ML2MW
2015 06 10 2352 121.369 -30.922  15.0 3.24 MW ML2MW
2015 07 24 1137 123.050 -30.517  10.0 3.04 MW ML2MW
2015 09 07 0504 116.656 -29.306   0.0 3.27 MW ML2MW
2015 12 10 0208 117.858 -25.611  10.0 3.42 MW ML2MW
2016 01 20 0940 116.630 -29.336   7.1 3.12 MW ML2MW
2016 04 25 2030 121.233 -30.650  10.0 3.36 MW ML2MW
2016 06 23 1609 121.375 -30.771   0.0 3.16 MW ML2MW
2016 07 08 0940 122.346 -32.541  10.0 4.97 MW Ghasemi et al (2016)
2016 07 16 0345 119.789 -28.715  10.0 3.04 MW ML2MW
2016 09 04 0624 121.409 -30.807   0.0 3.02 MW ML2MW
2016 10 10 2314 121.437 -30.785   0.0 3.73 MW ML2MW
2016 10 25 0953 121.543 -30.835  10.0 3.71 MW ML2MW
2016 12 05 0531 116.550 -29.334  10.0 3.08 MW ML2MW
2017 03 17 0731 122.445 -32.444  10.0 3.01 MW ML2MW
2017 03 26 2000 122.891 -31.616  10.0 3.93 MW ML2MW
2017 03 26 2025 122.814 -31.794  10.0 3.06 MW ML2MW
2017 03 31 1604 121.124 -33.085  10.0 3.40 MW ML2MW
2017 05 27 1133 121.391 -30.873  10.0 3.08 MW ML2MW
2017 07 16 1731 122.187 -31.018  10.0 3.38 MW ML2MW
2017 09 26 1443 119.059 -26.940  10.0 3.10 MW ML2MW
2017 11 23 1902 122.870 -31.635  10.0 3.01 MW ML2MW
2018 04 13 1156 121.329 -30.599  10.0 3.39 MW ML2MW
2018 04 24 1521 120.609 -26.385  10.0 3.02 MW ML2MW
2018 07 01 1428 121.190 -30.825  10.0 3.20 MW ML2MW
2018 07 02 2233 119.821 -28.565  10.0 3.13 MW ML2MW
2018 07 10 1405 121.765 -31.114  10.0 3.22 MW ML2MW
2018 08 08 1419 122.412 -32.536  10.0 4.36 MW ML2MW
2018 11 15 0753 121.464 -30.652  10.0 3.32 MW ML2MW
2018 11 26 2358 121.690 -31.168   5.0 3.37 MW ML2MW
2019 05 20 0814 121.223 -30.783  10.0 3.29 MW ML2MW
2019 06 23 1347 120.031 -30.721  10.0 3.87 MW ML2MW
2019 06 23 1544 123.464 -30.404  10.0 3.69 MW ML2MW
2019 07 22 0933 116.105 -28.703  10.0 3.15 MW ML2MW
2020 01 14 1038 121.199 -30.698   1.0 3.69 MW ML2MW
2020 05 03 2339 120.666 -27.766  10.0 3.02 MW ML2MW
2020 06 22 1110 121.512 -30.549  10.0 3.20 MW ML2MW
2020 07 02 0546 119.171 -29.727  10.0 3.10 MW ML2MW
2020 08 10 0754 122.175 -32.530   5.0 3.34 MW ML2MW
2020 08 25 1915 121.373 -30.800   1.9 3.20 MW ML2MW
2020 11 15 1322 117.710 -27.337  10.0 3.22 MW ML2MW
2021 01 06 2356 116.883 -28.797  10.0 3.13 MW ML2MW
2021 03 03 0902 121.541 -30.637  10.0 3.35 MW ML2MW
2021 03 10 1327 122.943 -31.760  10.0 3.03 MW ML2MW
2021 05 04 0714 121.512 -30.689   9.7 3.40 MW ML2MW
2021 05 25 2147 121.424 -30.867   5.0 3.19 MW ML2MW
2021 06 27 1932 120.754 -27.782  10.0 3.12 MW ML2MW
2021 10 22 0557 123.235 -30.269  10.0 3.59 MW ML2MW
2021 12 19 0046 119.822 -28.646  10.0 3.04 MW ML2MW
2022 02 28 1405 116.055 -28.705   0.6 3.34 MW ML2MW
2022 03 02 0152 122.491 -32.322   5.0 3.06 MW ML2MW
2022 05 08 1721 122.430 -32.484  10.0 3.16 MW ML2MW
2022 06 05 0604 122.383 -32.463   5.0 3.43 MW ML2MW
2022 07 02 1301 121.290 -30.668  10.0 3.69 MW ML2MW
2022 07 06 1219 121.255 -30.798  10.0 3.10 MW ML2MW
2022 07 30 2054 121.554 -31.242   7.4 3.32 MW ML2MW
2022 08 05 2334 121.469 -30.791   2.0 3.21 MW ML2MW
2022 08 13 1809 116.346 -28.805   1.6 3.15 MW ML2MW
2022 09 19 2044 116.151 -28.726   1.0 3.23 MW ML2MW
2022 09 20 0222 116.042 -28.741   2.5 3.06 MW ML2MW
2022 10 10 2131 121.437 -30.735   3.2 3.23 MW ML2MW
2022 11 23 0724 120.808 -27.711  10.0 4.08 MW ML2MW
2022 11 25 1701 121.423 -30.737   5.3 3.31 MW ML2MW
