1961 08 28 1029 116.200 -27.500  18.0 3.00 MW ML2MW
1965 10 04 0044 123.300 -28.100  18.0 3.56 MW ML2MW
1974 02 16 2042 117.620 -27.160   0.0 3.72 MW mb2MW
1964 03 09 1135 121.500 -30.800  18.0 3.26 MW ML2MW
1965 07 14 2307 117.300 -26.600  18.0 2.77 MW ML2MW
1966 04 26 0329 121.600 -31.400   0.0 2.30 MW ML2MW
1966 05 10 1012 118.700 -27.100   0.0 2.33 MW ML2MW
1972 01 08 1705 121.530 -30.820   1.0 2.89 MW ML2MW
1980 08 17 1851 115.580 -27.460  37.0 3.04 MW ML2MW
1980 11 23 1932 123.360 -30.000  10.0 3.43 MW ML2MW
1981 11 01 1546 117.267 -26.490  33.0 3.23 MW ML2MW
1977 05 16 2127 122.900 -28.000   0.0 2.80 MW ML2MW
1981 11 14 2313 123.920 -29.790  10.0 3.40 MW ML2MW
1978 01 28 0842 120.730 -26.800   0.0 2.98 MW ML2MW
1982 08 04 2200 117.310 -29.280  10.0 3.16 MW ML2MW
1982 09 11 1015 123.030 -30.330  10.0 3.39 MW ML2MW
1979 07 21 1728 120.940 -26.790  10.0 2.91 MW ML2MW
1983 03 12 0400 117.240 -26.770  10.0 3.01 MW ML2MW
1979 07 25 1906 121.720 -32.260  10.0 2.96 MW ML2MW
1980 07 04 1811 122.820 -28.620  10.0 2.63 MW ML2MW
1984 09 30 1819 120.690 -28.300  10.0 3.07 MW ML2MW
1981 01 09 2033 120.960 -30.880   0.0 2.38 MW ML2MW
1983 02 08 1945 121.360 -30.740   0.0 2.43 MW ML2MW
1983 07 06 1941 122.290 -32.650  10.0 2.99 MW ML2MW
1983 07 25 1503 122.850 -28.540  10.0 2.72 MW ML2MW
1984 01 28 0625 121.020 -28.290  10.0 2.64 MW ML2MW
1984 05 17 2021 115.840 -27.780  30.0 2.88 MW ML2MW
1984 06 09 0704 121.530 -30.750   0.0 2.45 MW ML2MW
1985 08 10 0724 121.456 -30.783   0.0 2.98 MW ML2MW
1986 05 09 0836 121.038 -31.109   5.0 2.57 MW ML2MW
1986 08 08 1414 121.012 -31.087   5.0 2.50 MW ML2MW
1986 10 02 0343 121.426 -30.771   5.0 2.76 MW ML2MW
1987 11 02 1018 121.469 -30.764   5.0 2.70 MW ML2MW
1988 01 18 0302 122.220 -32.510   5.0 2.86 MW ML2MW
1988 10 09 0315 119.480 -28.360  12.0 2.73 MW ML2MW
1988 11 23 2007 122.990 -27.433   5.0 2.94 MW ML2MW
1989 06 09 1833 121.407 -30.755  12.0 2.44 MW ML2MW
1989 06 28 1711 122.316 -32.552   7.0 2.83 MW ML2MW
1990 08 18 1947 118.529 -26.271  49.0 2.83 MW ML2MW
1991 02 02 2342 119.397 -30.092   4.0 2.76 MW ML2MW
1991 07 20 0207 121.538 -30.998   5.0 2.83 MW ML2MW
1992 12 21 2021 121.520 -31.025   5.0 2.76 MW ML2MW
1993 05 26 0327 122.196 -32.533   5.0 2.90 MW ML2MW
1994 01 26 1733 122.316 -32.372   5.0 2.90 MW ML2MW
1994 06 30 0734 119.132 -27.448   5.0 2.76 MW ML2MW
1995 01 28 0720 121.450 -30.773   0.0 2.97 MW ML2MW
1996 03 30 0717 121.454 -30.727   1.0 2.97 MW ML2MW
1997 08 31 0143 123.684 -29.980   5.0 2.76 MW ML2MW
1997 12 10 0313 123.166 -30.345   5.0 2.83 MW ML2MW
1998 03 14 0733 119.550 -27.566   5.0 2.97 MW ML2MW
1998 04 20 1134 121.872 -30.351   5.0 2.76 MW ML2MW
1998 06 05 1347 121.319 -31.111   5.0 2.97 MW ML2MW
1998 06 27 1642 120.886 -33.320   5.0 2.83 MW ML2MW
1998 07 18 2319 123.793 -30.262   5.0 2.97 MW ML2MW
1998 07 21 2000 121.439 -30.819   5.0 2.76 MW ML2MW
1998 10 08 1621 121.448 -30.833   1.0 2.97 MW ML2MW
1998 11 23 0954 120.611 -26.420   5.0 2.76 MW ML2MW
1998 12 14 2029 121.257 -30.987   5.0 2.83 MW ML2MW
1998 12 31 1113 121.410 -30.754   5.0 2.90 MW ML2MW
1999 01 05 1734 123.039 -27.792   5.0 2.76 MW ML2MW
2000 06 16 1923 117.529 -27.296   0.0 2.76 MW ML2MW
2000 10 28 1333 119.345 -26.808  10.0 2.97 MW ML2MW
2001 01 19 0700 122.425 -28.258  11.0 2.97 MW ML2MW
2001 04 27 1423 121.779 -32.580  10.0 2.90 MW ML2MW
2001 07 03 0513 121.790 -28.760   7.0 2.97 MW ML2MW
2002 02 02 0034 119.231 -29.317   3.0 2.84 MW ML2MW
2002 04 19 2312 123.583 -30.671   5.0 2.94 MW ML2MW
2005 01 31 1322 121.453 -30.806   0.0 2.80 MW ML2MW
2005 03 06 0537 115.730 -28.097   0.0 2.82 MW ML2MW
2009 04 03 1531 120.822 -31.973   0.0 2.99 MW ML2MW
2010 03 28 1637 121.558 -30.832  10.0 2.87 MW ML2MW
2010 04 20 1019 122.199 -32.356   0.0 2.78 MW ML2MW
2010 04 22 1122 121.520 -32.838   0.0 2.99 MW ML2MW
2010 06 06 1829 121.487 -30.844   0.0 2.69 MW ML2MW
2010 07 26 1838 121.343 -30.911   0.0 2.83 MW ML2MW
2011 07 07 0001 121.473 -30.832   0.0 2.97 MW ML2MW
2011 11 24 1757 121.390 -30.846  19.0 2.76 MW ML2MW
2012 01 13 1902 121.554 -30.681   4.0 2.92 MW ML2MW
2012 05 08 0255 116.099 -28.634  10.0 2.76 MW ML2MW
2012 06 23 1540 121.557 -30.672  10.0 2.95 MW ML2MW
2012 07 08 0933 116.603 -29.130  10.0 2.67 MW ML2MW
2012 09 03 1006 115.990 -28.654   9.0 2.89 MW ML2MW
2012 10 31 2154 120.807 -33.362   0.0 2.89 MW ML2MW
2013 01 06 1702 120.383 -28.075  10.0 2.81 MW ML2MW
2013 03 26 1807 120.887 -33.017  15.0 2.95 MW ML2MW
2013 04 08 0939 116.770 -29.194   0.0 2.92 MW ML2MW
2013 04 20 0134 119.855 -28.614  18.0 2.74 MW ML2MW
2013 04 30 0823 120.609 -27.795   8.0 2.87 MW ML2MW
2013 05 05 0631 120.521 -27.864   0.0 2.84 MW ML2MW
2013 05 13 2044 122.826 -31.691   0.0 2.84 MW ML2MW
2013 05 20 0514 116.745 -29.143  15.0 2.88 MW ML2MW
2013 06 17 0949 115.964 -28.758   0.0 2.63 MW ML2MW
2013 08 15 0529 118.906 -30.361  10.0 2.93 MW ML2MW
2013 08 17 2144 121.210 -28.123  10.0 2.94 MW ML2MW
2013 09 10 2348 118.879 -30.336  13.0 2.93 MW ML2MW
2013 12 01 1921 118.866 -30.341   1.0 2.57 MW ML2MW
2013 12 02 1154 121.690 -31.400  15.0 2.83 MW ML2MW
2013 12 15 0502 121.982 -29.092   0.0 2.77 MW ML2MW
2014 01 12 0505 116.845 -29.190   0.0 2.83 MW ML2MW
2014 02 04 0450 120.217 -30.256   0.0 2.63 MW ML2MW
2014 04 04 1521 121.428 -30.775   0.0 2.92 MW ML2MW
2014 04 14 1254 121.433 -30.743  10.0 2.76 MW ML2MW
2014 05 13 1351 122.339 -28.327   9.0 2.87 MW ML2MW
2014 06 14 0506 116.771 -29.200   7.0 2.78 MW ML2MW
2014 06 20 1233 121.552 -30.660   0.0 2.86 MW ML2MW
2014 07 20 1421 120.667 -29.611  10.0 2.86 MW ML2MW
2014 07 26 0215 119.790 -28.297   0.0 2.96 MW ML2MW
2014 08 21 1332 116.071 -28.213  10.0 2.80 MW ML2MW
2014 10 16 2341 116.214 -28.741   0.0 2.51 MW ML2MW
2015 01 05 2025 120.848 -29.849  10.0 2.84 MW ML2MW
2015 05 23 1211 121.185 -30.904  10.0 2.89 MW ML2MW
2015 06 10 1913 121.645 -30.602   8.0 2.71 MW ML2MW
2015 09 07 0504 116.656 -29.306   0.0 2.92 MW ML2MW
2015 10 13 2219 121.356 -30.771  10.0 2.91 MW ML2MW
2016 04 27 2043 121.628 -31.180   2.0 2.73 MW ML2MW
2016 07 01 0840 121.440 -30.732  10.0 2.88 MW ML2MW
2016 09 04 0624 121.409 -30.807   0.0 2.75 MW ML2MW
2016 12 29 1656 121.491 -30.654  10.0 2.96 MW ML2MW
2017 01 13 2336 121.784 -31.430  10.0 2.93 MW ML2MW
2017 01 25 1742 122.406 -32.426  10.0 2.84 MW ML2MW
2017 04 08 0347 119.863 -28.684  10.0 2.94 MW ML2MW
2017 09 02 0123 121.466 -30.640  10.0 2.93 MW ML2MW
2017 09 15 0838 119.082 -30.136  10.0 2.70 MW ML2MW
2017 09 26 1443 119.059 -26.940  10.0 2.62 MW ML2MW
2017 10 01 1459 121.540 -30.586  10.0 2.76 MW ML2MW
2017 11 23 1902 122.870 -31.635  10.0 2.79 MW ML2MW
2017 11 24 1849 121.203 -30.768  10.0 2.56 MW ML2MW
2018 02 06 2216 121.477 -30.754  10.0 2.78 MW ML2MW
2018 03 31 1745 117.735 -29.126  10.0 2.88 MW ML2MW
2018 04 05 1255 116.097 -28.676  10.0 2.21 MW ML2MW
2018 04 20 0537 116.670 -29.282  10.0 2.90 MW ML2MW
2018 05 05 1327 121.177 -30.807  10.0 2.18 MW ML2MW
2018 05 17 0143 121.411 -30.811  10.0 2.90 MW ML2MW
2018 07 02 2233 119.821 -28.565  10.0 2.99 MW ML2MW
2018 08 27 0917 116.920 -27.644  10.0 2.89 MW ML2MW
2019 01 12 0505 121.342 -30.869  10.0 2.72 MW ML2MW
2019 03 04 1558 122.228 -28.802  10.0 2.81 MW ML2MW
2019 05 01 1356 121.230 -30.846  10.0 2.79 MW ML2MW
2019 07 26 0821 121.808 -30.713  10.0 2.90 MW ML2MW
2019 08 06 2244 121.173 -30.786  10.0 2.76 MW ML2MW
2020 01 14 1253 121.210 -30.728   1.7 2.94 MW ML2MW
2020 02 12 1047 116.822 -28.840  10.0 2.77 MW ML2MW
2020 06 07 0223 120.075 -27.724  10.0 2.82 MW ML2MW
2020 07 02 0546 119.171 -29.727  10.0 2.63 MW ML2MW
2020 07 16 0428 121.537 -30.605   1.8 2.92 MW ML2MW
2020 08 14 1553 121.425 -30.785   1.8 2.71 MW ML2MW
2020 10 05 0936 121.455 -30.755   6.8 2.88 MW ML2MW
2020 10 23 0358 121.362 -30.766   0.9 2.79 MW ML2MW
2020 11 15 1322 117.710 -27.337  10.0 2.79 MW ML2MW
2021 01 06 2356 116.883 -28.797  10.0 2.99 MW ML2MW
2021 01 27 2031 116.906 -28.787  10.0 2.81 MW ML2MW
2021 04 25 0819 121.173 -31.339   5.0 2.62 MW ML2MW
2021 05 25 2147 121.424 -30.867   5.0 2.97 MW ML2MW
2021 09 05 0505 122.397 -32.383  10.0 2.90 MW ML2MW
