1920 01 14 1438 151.501 -5.883  15.0 6.22 MW 
1930 06 11 0049 149.164 -6.306  35.0 6.95 MW 
1926 06 19 1122 149.048 -6.058  35.0 6.04 MW 
1927 05 03 1340 151.064 -6.061  35.0 6.10 MW 
1931 06 01 1154 151.856 -5.214  35.0 6.22 MW 
1934 02 03 1433 151.273 -5.540  35.0 6.73 MW 
1927 09 08 1710 150.003 -6.548  15.0 5.99 MW 
1927 09 19 0830 150.337 -5.698  35.0 6.02 MW 
1934 03 01 1941 149.195 -6.533  20.0 6.29 MW 
1936 05 11 1727 152.744 -5.206  25.0 6.40 MW 
1930 10 22 1806 151.614 -5.785  35.0 5.97 MW 
1938 11 14 1206 151.391 -5.869  35.0 6.50 MW 
1940 08 20 1729 149.247 -6.027  35.0 6.31 MW 
1941 02 09 1919 152.510 -4.914  35.0 6.49 MW 
1942 12 04 1525 151.634 -5.189  35.0 6.43 MW 
1934 09 25 1914 152.016 -5.014  35.0 5.81 MW 
1943 03 21 2035 150.414 -5.774  35.0 6.81 MW 
1944 12 27 1525 151.370 -6.170  35.0 6.49 MW 
1945 09 05 2148 152.490 -4.914  45.0 6.99 MW 
1939 02 28 0235 151.571 -5.239  35.0 5.80 MW 
1945 12 29 0950 151.025 -5.643  35.0 6.20 MW 
1947 05 06 2030 148.758 -6.487  35.0 7.43 MW 
1949 03 16 2215 151.641 -5.316  35.0 6.75 MW 
1950 10 08 1449 152.830 -5.177  15.0 6.20 MW 
1952 12 24 1839 151.922 -5.423  21.2 6.75 MW 
1953 08 25 0204 152.580 -5.188  30.0 6.35 MW 
1956 08 04 0948 152.359 -5.228  35.0 6.20 MW 
1959 07 22 2302 152.508 -5.088  35.0 6.38 MW 
1960 06 02 0747 151.356 -5.621  25.0 6.29 MW 
1960 07 31 0255 150.032 -6.190  25.0 6.65 MW 
1963 02 27 0430 149.598 -6.163  35.0 6.72 MW 
1951 04 02 2209 149.294 -5.939  60.0 6.10 MW 
1952 12 24 0833 151.270 -5.353  45.0 6.08 MW 
1956 03 19 1736 150.226 -5.895  50.3 6.08 MW 
1956 07 18 0027 151.763 -5.106  58.0 5.81 MW 
1957 03 02 0810 151.196 -5.868  23.2 6.12 MW 
1958 04 17 1004 151.897 -5.515  35.0 6.10 MW 
1960 03 29 2210 147.766 -6.169  50.0 6.03 MW 
1962 05 22 2203 151.621 -5.536  15.0 6.08 MW 
1963 08 14 0332 152.284 -4.871  45.0 5.66 MW 
1965 02 25 1019 152.228 -5.370  20.0 5.80 MW 
1965 06 28 0333 153.060 -5.010  25.0 6.01 MW 
1965 05 19 1359 152.436 -4.819  50.0 5.52 MW 
1965 08 13 2157 148.543 -6.380  30.0 6.04 MW 
1966 05 02 0952 149.735 -5.996  35.0 6.06 MW 
1968 11 26 0110 151.953 -5.326  45.0 5.78 MW 
1970 05 19 1448 152.296 -5.116  60.0 5.65 MW 
1972 09 07 2000 148.423 -6.349  50.0 5.76 MW 
1971 07 27 2335 151.069 -6.128  40.0 5.52 MW 
1972 12 19 0012 148.846 -6.134  35.0 5.81 MW 
1973 08 23 1655 151.464 -5.404  75.0 5.87 MW 
1974 06 27 0746 152.544 -4.678  53.3 6.00 MW 
1974 08 13 1503 150.869 -5.377 105.0 5.65 MW 
1974 10 16 1730 148.340 -6.330  70.0 5.61 MW 
1977 01 08 1224 150.963 -5.620  35.0 5.68 MW gcmt
1977 03 19 0232 152.203 -5.521  15.0 5.53 MW 
1977 10 02 1544 153.270 -4.436  65.0 5.63 MW 
1980 10 14 1002 148.543 -6.549  37.5 5.53 MW 
1982 07 03 0457 150.712 -6.076  74.9 5.43 MW gcmt
1983 12 22 0007 152.019 -5.510  35.0 5.59 MW gcmt
1984 06 08 0001 151.730 -5.949  10.0 5.55 MW gcmt
1984 10 05 1909 148.989 -6.311  50.7 5.49 MW gcmt
1985 09 09 0933 149.946 -6.445  20.0 5.61 MW gcmt
1988 11 28 1449 149.995 -6.330  59.2 5.47 MW gcmt
1990 04 20 2320 151.273 -6.146  48.9 5.50 MW gcmt
1990 07 03 0745 149.847 -6.073  47.0 5.56 MW gcmt
1991 12 12 1541 152.617 -4.668  35.0 5.63 MW gcmt
1992 04 22 1920 151.362 -6.030  12.6 5.30 MW gcmt
1993 02 17 1746 150.590 -6.033  35.0 5.56 MW gcmt
1994 03 11 1004 150.576 -6.099  72.9 5.51 MW gcmt
1995 08 20 0519 153.065 -5.587  15.0 5.48 MW gcmt
1995 11 14 0401 150.798 -6.157  36.1 5.47 MW gcmt
1996 03 09 1519 153.049 -5.113  20.0 5.56 MW gcmt
1998 01 01 0342 152.016 -5.399  62.7 5.34 MW gcmt
1999 09 18 0650 147.912 -6.466  46.2 5.55 MW gcmt
2001 02 09 1307 147.752 -6.221  47.7 5.49 MW gcmt
2003 08 10 2355 147.931 -6.599  38.2 5.16 MW gcmt
2004 03 06 0626 152.658 -5.095  33.0 5.49 MW gcmt
2005 02 17 0612 150.422 -5.897  44.6 5.50 MW gcmt
2005 02 23 1212 150.697 -6.296  15.0 5.61 MW gcmt
2005 12 29 0518 151.687 -5.999  13.3 5.17 MW gcmt
2006 01 02 1201 152.339 -4.919  50.0 5.64 MW gcmt
2006 02 06 0304 149.998 -6.220  35.0 5.63 MW gcmt
2008 02 03 1710 149.891 -6.150  37.7 5.40 MW gcmt
2009 02 08 1534 147.877 -6.163  59.0 5.58 MW gcmt
2009 06 29 1300 151.479 -5.868  18.8 5.15 MW gcmt
2009 07 29 2133 152.698 -5.123  29.5 5.46 MW gcmt
2009 08 09 0709 153.172 -4.641  64.7 5.46 MW gcmt
2010 09 30 1332 152.635 -5.160  38.9 5.20 MW gcmt
2010 12 16 1826 149.396 -6.401  32.0 5.05 MW gcmt
2011 10 03 0857 152.610 -5.105  30.7 5.28 MW gcmt
2012 02 18 0450 151.496 -5.315  60.7 5.36 MW gcmt
2012 04 28 1921 152.187 -5.317  30.0 5.57 MW gcmt
2013 11 26 1430 150.797 -5.866  66.8 5.38 MW gcmt
2015 04 05 2051 152.705 -5.491  15.0 5.52 MW gcmt
2015 09 19 0834 151.404 -6.115  14.7 5.21 MW gcmt
2016 08 18 0754 149.973 -6.204  60.2 5.31 MW gcmt
2017 06 17 1107 149.866 -6.096  37.3 5.00 MW gcmt
2018 04 07 0515 152.022 -5.568  61.1 5.34 MW gcmt
2018 06 09 0229 150.345 -5.954  48.4 5.25 MW gcmt
2021 06 08 1056 151.266 -5.208 156.2 5.68 MW GA
2021 12 09 1352 152.109 -4.983  54.8 5.67 MW GA
2022 02 24 0628 151.690 -5.520  57.1 5.61 MW GA
