1920 02 08 0524 111.000 -35.000  10.0 6.07 MW MS2MW
1970 02 16 2120 111.650 -20.070   0.0 5.31 MW mb2MW
1976 02 19 0232 114.300 -19.410   0.0 5.46 MW mb2MW
1980 04 19 0744 113.690 -19.370   0.0 3.98 MW ML2MW
1980 12 08 0012 114.110 -32.120  37.0 4.62 MW ML2MW
1981 01 12 2023 112.590 -21.780  10.0 3.58 MW ML2MW
1981 06 29 0639 111.217 -26.356  37.0 3.60 MW ML2MW
1981 07 13 1651 122.300 -36.150  10.0 3.49 MW ML2MW
1981 09 26 0127 112.060 -23.130  10.0 3.74 MW ML2MW
1981 12 01 1836 122.190 -12.483  33.0 4.05 MW mb2MW
1982 09 09 0428 152.169 -33.706   2.6 3.98 MW ML2MW
1982 11 10 0931 137.437 -37.945  17.6 3.78 MW ML2MW
1984 04 11 1354 119.340 -15.480  10.0 3.46 MW ML2MW
1984 08 06 1732 123.700 -36.700  37.0 3.57 MW ML2MW
1986 01 02 2133 112.097 -34.484  11.8 4.39 MW mb2MW
1986 01 15 2211 114.990 -34.510   5.0 3.63 MW ML2MW
1986 12 16 0428 136.652 -35.969   1.0 4.35 MW ML2MW
1987 03 26 1214 136.705 -36.461   0.0 3.54 MW ML2MW
1987 09 28 1500 121.189 -13.252  33.0 3.71 MW mb2MW
1988 04 24 0421 151.301 -38.226  17.1 3.48 MW ML2MW
1989 04 07 1845 122.180 -12.525  33.0 4.31 MW mb2MW
1990 08 16 0306 149.743 -38.111  15.4 3.54 MW ML2MW
1991 02 04 0827 115.712 -18.718   5.0 3.66 MW ML2MW
1991 04 14 0746 111.306 -26.664   5.0 3.66 MW ML2MW
1991 07 02 0648 111.266 -26.954   5.0 3.58 MW ML2MW
1991 10 18 0907 114.126 -20.500   5.0 4.17 MW ML2MW
1992 07 01 0435 111.856 -19.030   5.0 4.14 MW mb2MW
1992 08 22 0250 149.995 -37.788  15.2 3.74 MW ML2MW
1992 10 16 0704 116.531 -37.576   5.0 3.66 MW ML2MW
1992 10 23 2237 120.496 -13.783  33.0 4.44 MW ML2MW
1993 07 10 1231 113.561 -19.368   5.0 3.50 MW ML2MW
1993 10 29 0814 114.582 -18.803   5.0 4.08 MW ML2MW
1995 04 29 0712 125.356 -36.383   5.0 3.91 MW ML2MW
1995 10 04 0233 155.308 -23.519  33.0 3.88 MW mb2MW
1995 10 27 0420 129.276 -34.631  20.0 3.66 MW ML2MW
1996 06 03 1304 149.611 -18.539   0.0 3.58 MW ML2MW
1997 04 21 1727 151.009 -20.334  33.0 3.63 MW mb2MW
1997 07 08 1001 152.985 -31.591   5.9 3.66 MW ML2MW
1997 07 14 0646 153.706 -23.338   0.0 3.58 MW ML2MW
1997 08 20 1816 116.803 -17.572   5.0 3.54 MW mb2MW
1997 11 19 1426 112.491 -22.583   5.0 3.66 MW ML2MW
1998 06 30 0258 152.650 -21.253   3.0 3.99 MW ML2MW
1998 11 02 0226 113.886 -19.862  10.0 4.14 MW mb2MW
1999 01 23 0441 111.212 -19.595   5.0 3.91 MW ML2MW
1999 03 05 0346 114.281 -18.689   5.0 3.50 MW ML2MW
2000 10 11 1927 112.839 -20.027  19.5 5.10 MW EHB
2000 10 25 0542 155.235 -27.369  33.0 3.88 MW mb2MW
2001 01 15 0055 122.368 -37.243  10.0 3.45 MW ML2MW
2001 04 01 0842 113.480 -20.350  10.0 3.91 MW ML2MW
2001 06 23 2202 112.860 -21.980  20.0 3.80 MW ML2MW
2001 09 18 0343 153.800 -24.272   5.0 3.62 MW ML2MW
2002 04 30 1517 114.013 -32.993  10.0 3.45 MW ML2MW
2002 06 13 1846 114.230 -19.691  15.0 4.26 MW ML2MW
2002 06 13 2036 113.900 -20.841  10.0 4.05 MW mb2MW
2004 06 21 0828 146.635 -16.930  10.0 3.65 MW ML2MW
2006 01 05 0953 151.879 -19.283   4.0 3.90 MW ML2MW
2006 01 29 0940 113.446 -21.676  22.0 3.49 MW ML2MW
2006 03 11 1035 136.649 -35.847  11.7 3.52 MW ML2MW
2007 08 28 1533 115.942 -35.429  18.0 4.43 MW ML2MW
2007 10 06 0239 136.438 -35.953   7.3 3.58 MW ML2MW
2008 03 31 0827 112.332 -27.666  18.0 4.20 MW ML2MW
2009 04 17 2312 112.843 -19.197  59.0 3.60 MW ML2MW
2009 08 08 0155 153.582 -31.863  10.0 3.82 MW ML2MW
2009 10 16 0224 133.119 -34.419  32.3 4.28 MW ML2MW
2010 05 19 2008 111.125 -24.985  50.0 3.79 MW ML2MW
2010 07 17 1624 123.154 -34.823  14.0 4.04 MW ML2MW
2010 08 22 0410 110.795 -24.777  10.0 3.61 MW ML2MW
2010 10 25 0305 151.381 -20.199   5.0 3.61 MW ML2MW
2010 12 04 0714 153.629 -24.135   5.0 3.52 MW ML2MW
2011 04 17 1841 113.730 -19.921  10.0 5.01 MW mb2MW
2011 05 16 1447 150.855 -37.709  20.0 3.55 MW ML2MW
2012 07 30 1725 150.663 -37.666   6.2 3.77 MW ML2MW
2014 01 02 0021 124.339 -36.613  20.0 3.88 MW ML2MW
2014 02 26 0939 137.622 -37.904  13.2 3.46 MW ML2MW
2015 05 13 1135 136.775 -36.551  17.8 3.52 MW ML2MW
2015 07 29 2341 154.295 -25.329  10.0 5.50 MW GCMT
2015 09 20 1753 138.355 -36.773  10.0 3.90 MW ML2MW
2016 05 10 0944 118.690 -16.397   0.0 4.65 MW ML2MW
2016 06 07 0002 152.615 -33.477   7.0 4.03 MW ML2MW
2016 06 19 0154 136.468 -35.946   0.0 4.47 MW ML2MW
2016 07 31 1345 112.121 -19.124  10.0 4.13 MW ML2MW
2016 09 20 1334 153.749 -23.323  10.0 3.50 MW ML2MW
2016 10 03 0616 136.825 -35.853  10.0 3.50 MW ML2MW
2016 10 24 1302 112.911 -19.778  20.0 3.66 MW ML2MW
2017 01 24 0502 123.500 -35.172  10.0 3.54 MW ML2MW
2017 05 06 1900 154.927 -26.288  10.0 3.51 MW ML2MW
2017 08 07 0056 118.405 -16.506  10.0 3.83 MW ML2MW
2018 01 24 0228 153.026 -30.645  10.0 4.22 MW ML2MW
2018 09 16 0456 116.787 -34.423   3.0 5.25 MW AUST
2019 01 30 0701 112.345 -29.795  10.0 3.58 MW ML2MW
2019 08 01 1649 117.556 -34.698  10.0 3.86 MW ML2MW
2019 08 13 0214 131.206 -33.832  10.0 4.31 MW ML2MW
2019 08 14 1704 113.925 -18.989  25.0 3.79 MW ML2MW
2019 08 18 1138 151.900 -20.950  10.0 4.48 MW ML2MW
2019 08 31 2100 134.356 -35.361  10.0 4.17 MW ML2MW
2019 10 01 0017 114.138 -19.583  10.0 3.79 MW ML2MW
2019 12 19 0706 111.668 -19.001  10.0 4.11 MW ML2MW
2019 12 25 0959 153.072 -30.832  10.0 3.46 MW ML2MW
2020 03 01 2208 113.009 -28.508  10.0 3.46 MW ML2MW
2020 08 17 2359 113.660 -33.278  10.0 3.47 MW ML2MW
2021 08 10 2322 112.878 -19.720  10.0 4.16 MW ML2MW
