1941 04 29 0135 116.197 -26.791  25.0 6.80 MW MS2MW
1952 03 11 0609 116.500 -31.300   0.0 4.69 MW ML2MW
1955 08 30 1352 116.400 -30.700   0.0 5.35 MW ML2MW
1958 12 01 1035 146.500 -16.800  10.0 4.87 MW ML2MW
1960 01 02 0926 138.620 -11.910   0.0 5.22 MW MS2MW
1961 02 27 1628 144.000 -16.500  10.0 3.61 MW ML2MW
1961 06 18 1613 119.300 -20.100  13.0 5.21 MW ML2MW
1961 06 25 1759 117.200 -32.200  18.0 4.24 MW ML2MW
1961 08 19 0226 144.700 -15.800  10.0 3.97 MW ML2MW
1961 08 31 2122 117.100 -32.200  18.0 3.56 MW ML2MW
1962 02 16 1216 144.000 -14.000   5.0 3.90 MW ML2MW
1963 01 18 0549 117.260 -32.150   6.0 4.72 MW ML2MW
1963 02 26 1410 121.200 -22.200  18.0 4.44 MW ML2MW
1963 04 15 0043 120.300 -21.800  18.0 4.17 MW ML2MW
1963 08 27 1915 128.600 -16.600  33.0 4.86 MW mb2MW
1963 11 19 1752 116.300 -31.000  18.0 4.04 MW ML2MW
1964 01 15 0900 144.000 -18.150  15.0 3.76 MW ML2MW
1964 03 23 2241 123.042 -17.875  27.3 4.72 MW mb2MW
1964 06 12 1408 118.100 -33.600  18.0 3.96 MW ML2MW
1965 09 10 1224 122.200 -18.100  18.0 4.91 MW ML2MW
1965 10 04 0044 123.300 -28.100  18.0 3.56 MW ML2MW
1966 01 25 0706 117.000 -32.800  18.0 3.82 MW ML2MW
1966 10 03 2139 117.200 -30.600  18.0 3.53 MW ML2MW
1966 12 25 2234 116.400 -31.000  18.0 3.71 MW ML2MW
1967 07 13 0709 144.000 -18.150  15.0 3.51 MW ML2MW
1967 10 12 1031 123.900 -17.900  18.0 4.14 MW mb2MW
1967 10 22 1038 117.300 -32.000  18.0 3.52 MW ML2MW
1967 11 19 2225 144.000 -18.150  15.0 3.76 MW ML2MW
1968 01 08 0543 128.560 -16.620  18.0 4.05 MW mb2MW
1968 04 08 0144 117.250 -30.800   0.0 4.25 MW ML2MW
1968 06 13 0644 131.183 -20.973  33.0 4.14 MW mb2MW
1968 06 19 0555 124.900 -19.100  18.0 4.72 MW mb2MW
1968 06 21 0754 118.230 -30.800   0.0 3.74 MW ML2MW
1968 07 04 0648 117.100 -20.800  18.0 4.39 MW mb2MW
1968 08 06 1908 123.200 -18.500  18.0 5.01 MW mb2MW
1968 10 14 0258 116.980 -31.620  10.0 6.59 MW Vogfjörd & Langston (1987); Somerville et al. (2009)
1968 10 20 0906 117.310 -32.040  18.0 3.77 MW ML2MW
1968 11 23 0009 116.510 -31.100  18.0 3.59 MW ML2MW
1969 01 20 2330 117.230 -32.130   7.0 3.65 MW ML2MW
1969 05 09 1120 117.300 -32.000   7.0 3.51 MW ML2MW
1969 05 16 0422 117.200 -30.900   7.0 3.61 MW ML2MW
1969 06 17 1954 116.730 -25.260   0.0 4.55 MW ML2MW
1969 06 23 1414 123.100 -17.600   7.0 4.48 MW mb2MW
1969 07 27 0920 117.100 -30.950   7.0 4.08 MW ML2MW
1969 08 11 0855 115.700 -24.900   7.0 3.71 MW mb2MW
1969 08 17 1755 116.000 -25.100   7.0 3.88 MW mb2MW
1969 09 14 2258 123.100 -17.900   7.0 4.39 MW mb2MW
1969 09 24 2339 118.200 -21.700   7.0 4.72 MW mb2MW
1969 11 22 1505 116.930 -32.530   0.0 3.54 MW ML2MW
1970 02 01 1840 118.500 -20.300   7.0 4.72 MW mb2MW
1970 02 08 1631 125.080 -27.400   1.0 4.72 MW mb2MW
1970 03 10 1715 116.512 -31.092  15.0 5.02 MW ML2MW
1970 07 19 1638 116.710 -31.180   7.0 3.74 MW ML2MW
1970 12 26 1825 116.310 -31.080   7.0 3.91 MW ML2MW
1971 03 05 0359 119.200 -21.800  10.0 3.54 MW mb2MW
1971 04 15 1748 120.500 -21.800   0.0 3.88 MW mb2MW
1971 05 12 0916 115.200 -22.900   0.0 3.54 MW mb2MW
1971 05 19 0422 115.500 -22.900   0.0 3.80 MW mb2MW
1971 09 13 2158 117.560 -20.190   0.0 4.05 MW mb2MW
1972 01 25 1737 117.100 -29.850   0.0 4.05 MW mb2MW
1972 04 07 2208 124.900 -18.290   0.0 3.87 MW ML2MW
1972 04 12 2213 120.000 -20.620   0.0 4.29 MW ML2MW
1972 04 20 0929 118.200 -23.330   0.0 3.80 MW mb2MW
1972 05 05 1044 142.550 -12.920   0.0 3.86 MW ML2MW
1972 05 20 0347 124.600 -28.100   0.0 3.71 MW mb2MW
1972 07 25 0243 119.050 -22.730   0.0 3.53 MW ML2MW
1972 10 21 0233 115.550 -24.880   0.0 4.53 MW ML2MW
1973 12 04 0930 116.300 -21.900  10.0 3.63 MW mb2MW
1974 01 23 0243 116.990 -32.840   0.0 3.83 MW ML2MW
1974 02 16 2042 117.620 -27.160   0.0 3.71 MW mb2MW
1974 02 25 1307 117.230 -32.300   0.0 3.67 MW ML2MW
1974 04 17 0721 123.986 -29.581  33.0 4.37 MW ML2MW
1974 09 04 2317 116.970 -30.790   0.0 4.29 MW ML2MW
1974 09 26 1638 128.130 -17.240   0.0 3.61 MW ML2MW
1975 02 08 1133 116.100 -24.900   0.0 3.97 MW mb2MW
1975 03 06 2351 126.488 -17.212   0.0 4.86 MW mb2MW
1975 07 21 2139 123.500 -30.200   0.0 4.31 MW mb2MW
1975 07 24 2223 120.470 -21.090   0.0 4.57 MW mb2MW
1975 08 05 1127 127.420 -16.450   0.0 3.65 MW ML2MW
1975 08 25 1128 123.286 -18.958   0.0 4.31 MW mb2MW
1975 10 11 1152 116.920 -32.440   0.0 3.66 MW ML2MW
1975 11 28 1755 115.560 -21.530   0.0 4.39 MW mb2MW
1976 11 07 0347 128.663 -16.115   6.0 3.80 MW ML2MW
1976 11 28 1834 122.417 -18.618  33.0 4.05 MW mb2MW
1977 04 10 1018 122.920 -30.510   0.0 3.84 MW ML2MW
1977 11 17 1756 123.670 -30.590   0.0 4.30 MW ML2MW
1977 11 22 0800 120.400 -19.600   0.0 4.13 MW ML2MW
1977 12 30 1009 117.172 -25.245  33.0 4.65 MW ML2MW
1978 03 08 1757 120.470 -22.668  23.0 3.53 MW ML2MW
1978 05 01 0342 115.503 -23.464   0.0 4.48 MW mb2MW
1978 05 06 1952 126.560 -19.550  17.0 4.86 MW mb2MW
1978 11 16 2217 118.400 -33.400   0.0 3.66 MW ML2MW
1978 11 24 0104 120.770 -33.320  10.0 3.86 MW ML2MW
1979 02 07 2248 120.850 -21.420   0.0 3.78 MW ML2MW
1979 06 02 0947 117.104 -30.821   3.0 6.10 MW GCMT
1979 06 18 2015 123.925 -29.643   0.0 3.58 MW ML2MW
1979 07 14 0940 122.755 -18.103  15.0 5.04 MW GCMT
1979 07 16 2039 127.049 -17.224  10.0 4.48 MW ML2MW
1979 09 11 0205 120.507 -21.443   5.0 4.04 MW ML2MW
1980 01 02 1749 122.090 -17.810  37.0 3.16 MW ML2MW
1980 02 09 1850 122.740 -19.780   8.0 3.39 MW ML2MW
1980 03 15 0709 121.640 -18.770   0.0 4.11 MW ML2MW
1980 07 31 1219 120.960 -19.510   0.0 4.00 MW ML2MW
1980 08 07 2047 123.534 -29.304   0.0 3.89 MW ML2MW
1980 11 23 1932 123.360 -30.000  10.0 3.43 MW ML2MW
1980 11 24 1954 123.868 -15.853  33.0 3.34 MW ML2MW
1981 01 01 0900 122.756 -17.510  33.0 4.14 MW ML2MW
1981 02 23 0711 116.610 -25.430   0.0 3.12 MW ML2MW
1981 02 26 0258 117.810 -33.560   0.0 3.21 MW ML2MW
1981 03 15 1829 123.412 -18.590  37.0 3.27 MW ML2MW
1981 04 03 2000 123.150 -18.120   0.0 3.60 MW ML2MW
1981 04 16 1913 121.460 -33.100  10.0 3.17 MW ML2MW
1981 05 05 0552 121.840 -18.940  37.0 3.60 MW ML2MW
1981 06 02 1213 121.630 -18.590  37.0 3.32 MW ML2MW
1981 06 18 1100 135.503 -10.325  15.0 4.48 MW mb2MW
1981 06 27 2333 122.654 -17.784  37.0 3.20 MW ML2MW
1981 06 28 2002 117.210 -25.613   6.0 3.68 MW ML2MW
1981 07 03 1739 128.760 -16.530  10.0 3.13 MW ML2MW
1981 07 14 0614 130.734 -10.997  33.0 4.05 MW mb2MW
1981 10 11 0202 116.150 -25.290  10.0 3.29 MW ML2MW
1981 11 01 1546 117.267 -26.490  33.0 3.23 MW ML2MW
1981 11 09 1600 116.420 -24.860  10.0 3.20 MW ML2MW
1981 11 14 2313 123.920 -29.790  10.0 3.40 MW ML2MW
1981 12 06 1255 128.730 -16.820  10.0 3.11 MW ML2MW
1981 12 22 1534 146.335 -17.572   8.7 3.11 MW ML2MW
1982 01 09 0608 120.409 -21.278  28.0 3.34 MW ML2MW
1982 02 19 0111 123.349 -18.902   0.0 3.63 MW ML2MW
1982 02 26 1524 122.490 -17.670  37.0 3.20 MW ML2MW
1982 03 17 0429 127.600 -14.974  10.0 3.53 MW ML2MW
1982 05 26 1755 120.830 -22.240  10.0 3.39 MW ML2MW
1982 06 06 1406 122.257 -32.358  33.0 3.90 MW ML2MW
1982 08 04 2200 117.310 -29.280  10.0 3.16 MW ML2MW
1982 09 11 1015 123.030 -30.330  10.0 3.39 MW ML2MW
1982 10 03 1700 115.850 -22.090  10.0 4.19 MW ML2MW
1982 10 10 0256 116.740 -31.000   7.0 3.11 MW ML2MW
1982 11 03 0240 120.480 -20.530  37.0 4.31 MW ML2MW
1982 11 20 0200 127.090 -19.036  19.0 3.57 MW ML2MW
1982 12 16 1431 121.150 -18.320  37.0 3.17 MW ML2MW
1982 12 31 2219 124.142 -17.450  33.0 4.14 MW mb2MW
1983 01 01 2052 117.180 -32.100  10.0 3.22 MW ML2MW
1983 01 26 0616 117.319 -30.610  10.0 4.59 MW ML2MW
1983 03 14 0329 128.597 -16.676  10.0 3.13 MW ML2MW
1983 04 05 0450 116.350 -25.300  10.0 3.25 MW ML2MW
1983 06 07 0616 125.581 -15.009  10.0 3.65 MW ML2MW
1983 08 31 0721 120.180 -20.560  10.0 3.20 MW ML2MW
1983 10 30 0109 123.740 -16.530  37.0 3.52 MW ML2MW
1984 01 08 1153 115.700 -24.670  10.0 3.13 MW ML2MW
1984 02 03 1502 119.570 -34.370  10.0 3.20 MW ML2MW
1984 02 08 2250 134.800 -11.400  15.0 3.45 MW ML2MW
1984 02 21 0559 122.720 -31.820  10.0 3.99 MW ML2MW
1984 03 02 0501 122.420 -17.660  10.0 3.43 MW ML2MW
1984 03 16 0345 123.344 -15.003  37.0 4.31 MW mb2MW
1984 03 30 1015 124.550 -27.140  10.0 3.19 MW ML2MW
1984 04 12 2046 129.883 -21.512  18.0 3.26 MW ML2MW
1984 06 11 1321 122.780 -26.180   0.0 3.61 MW ML2MW
1984 06 29 0204 117.410 -32.230  10.0 3.41 MW ML2MW
1984 08 07 2051 127.320 -15.550   0.0 3.46 MW ML2MW
1984 10 01 1547 126.830 -18.760  10.0 3.16 MW ML2MW
1984 10 16 1357 131.630 -10.350  10.0 3.14 MW ML2MW
1985 02 13 2121 130.680 -20.170   0.0 3.30 MW ML2MW
1985 03 03 1104 126.590 -18.270  10.0 3.12 MW ML2MW
1985 04 09 0718 120.520 -20.490  10.0 3.13 MW ML2MW
1985 04 12 0318 130.140 -14.750  10.0 3.87 MW ML2MW
1985 05 05 1650 116.630 -25.960  10.0 3.84 MW ML2MW
1985 05 20 2258 120.860 -18.410  10.0 3.44 MW ML2MW
1985 06 03 1234 135.087 -12.018  33.0 3.63 MW mb2MW
1985 06 05 0341 122.430 -32.650  10.0 3.11 MW ML2MW
1985 07 02 2345 125.300 -27.700  10.0 3.38 MW ML2MW
1985 07 23 0947 126.797 -19.310  10.0 4.23 MW ML2MW
1985 07 28 0739 122.582 -32.554   5.8 4.72 MW ML2MW
1985 07 29 0713 124.260 -28.100  10.0 3.20 MW ML2MW
1985 09 10 1157 130.240 -18.050  33.0 4.86 MW mb2MW
1985 11 24 0926 124.640 -15.910  33.0 4.05 MW mb2MW
1985 11 27 2318 117.351 -30.646   3.0 4.31 MW ML2MW
1985 12 06 0302 117.360 -32.010  10.0 3.54 MW ML2MW
1986 01 20 0746 122.340 -32.360   5.0 3.98 MW ML2MW
1986 01 20 2331 124.220 -29.050  10.0 3.37 MW ML2MW
1986 02 17 0206 117.410 -32.230   5.0 3.26 MW ML2MW
1986 05 17 1241 117.200 -33.360   5.0 3.87 MW ML2MW
1986 05 17 1457 119.800 -33.760   5.0 3.39 MW ML2MW
1986 05 21 2042 116.220 -25.310   5.0 3.35 MW ML2MW
1986 06 23 1530 124.780 -27.590   5.0 3.60 MW ML2MW
1986 09 06 1041 119.050 -22.730   5.0 3.10 MW ML2MW
1986 09 16 1616 122.310 -32.590   5.0 3.36 MW ML2MW
1986 10 13 1206 118.810 -33.950   5.0 3.22 MW ML2MW
1986 12 14 0932 121.510 -19.180   5.0 3.36 MW ML2MW
1986 12 18 0126 122.808 -17.265   5.0 3.27 MW ML2MW
1986 12 18 0658 116.820 -27.830   5.0 4.10 MW ML2MW
1987 03 02 2222 117.490 -31.220   2.0 3.16 MW ML2MW
1987 04 10 0643 122.100 -17.250   5.0 3.15 MW ML2MW
1987 04 19 2241 122.260 -32.610   5.0 3.14 MW ML2MW
1987 05 02 2349 121.428 -30.710   5.0 3.12 MW ML2MW
1987 05 05 2324 116.720 -32.040   5.0 3.70 MW ML2MW
1987 05 10 2336 117.740 -33.390   5.0 3.21 MW ML2MW
1987 05 21 0315 128.348 -16.842   0.0 3.30 MW ML2MW
1987 06 11 1218 117.510 -31.200   3.0 3.47 MW ML2MW
1987 06 19 1332 116.690 -20.560   5.0 3.46 MW ML2MW
1987 07 08 1038 122.280 -32.540   5.0 4.36 MW ML2MW
1987 08 30 1423 128.679 -16.739  14.0 4.13 MW ML2MW
1987 10 09 0358 121.262 -30.913  16.0 3.97 MW ML2MW
1987 11 19 1800 120.150 -21.300  25.0 3.46 MW ML2MW
1987 12 04 1315 120.624 -17.655  10.0 4.24 MW ML2MW
1987 12 20 1211 121.083 -30.483   5.0 3.39 MW ML2MW
1988 01 01 0901 117.770 -30.760   5.0 3.72 MW ML2MW
1988 01 06 0342 117.500 -31.200   2.0 4.14 MW ML2MW
1988 01 22 1204 133.854 -19.896   5.0 6.55 MW Choy & Bowman (1990); Somerville et al. (2009); GCMT
1988 02 06 0524 124.730 -16.601  15.0 5.10 MW EHB
1988 03 10 1415 130.650 -14.630  10.0 5.15 MW MS2MW
1988 03 12 1359 128.829 -16.640   5.0 3.11 MW ML2MW
1988 03 14 0748 116.800 -30.540   4.0 3.51 MW ML2MW
1988 05 18 0903 122.280 -18.960   5.0 3.11 MW ML2MW
1988 06 23 1131 128.606 -16.814  10.0 4.08 MW ML2MW
1988 07 14 2236 128.783 -16.862  33.0 3.94 MW ML2MW
1988 07 16 0016 117.050 -25.080   5.0 3.10 MW ML2MW
1988 08 15 0413 122.220 -32.510   5.0 3.52 MW ML2MW
1988 08 22 1313 121.660 -16.420   5.0 3.30 MW ML2MW
1988 08 25 2133 128.583 -16.694  10.0 3.22 MW ML2MW
1988 09 21 0228 128.130 -17.380   5.0 3.41 MW ML2MW
1988 10 19 1549 115.310 -22.840   5.0 3.24 MW ML2MW
1988 11 02 1848 140.122 -15.114  10.0 3.51 MW ML2MW
1988 11 24 2344 116.440 -25.350   5.0 3.16 MW ML2MW
1988 11 27 1407 123.010 -30.370   5.0 3.24 MW ML2MW
1988 12 15 1856 124.583 -19.164   5.0 3.68 MW ML2MW
1988 12 25 1001 117.730 -27.420   5.0 3.12 MW ML2MW
1989 01 07 1141 116.060 -25.390   5.0 3.69 MW ML2MW
1989 03 03 1326 123.661 -29.340  10.0 4.88 MW ML2MW
1989 04 01 0517 127.770 -19.280  10.0 3.18 MW ML2MW
1989 04 10 0737 126.618 -17.124   5.0 3.28 MW ML2MW
1989 05 05 0616 131.399 -17.995  10.0 3.25 MW ML2MW
1989 09 12 0943 128.396 -15.559  33.0 4.39 MW mb2MW
1989 10 11 0704 134.473 -11.355   5.0 3.33 MW ML2MW
1989 10 27 1642 144.261 -17.135  12.8 3.31 MW ML2MW
1989 11 04 0057 127.798 -17.236   5.0 3.33 MW ML2MW
1989 11 16 1043 146.349 -17.463  18.9 4.11 MW ML2MW
1989 12 05 2249 118.942 -21.318  10.0 3.55 MW ML2MW
1990 02 20 1418 128.532 -16.713  10.0 3.19 MW ML2MW
1990 03 17 0548 117.821 -33.413   5.0 3.26 MW ML2MW
1990 03 20 2109 124.310 -18.506   5.0 3.42 MW ML2MW
1990 04 30 0424 116.808 -30.529   1.0 3.11 MW ML2MW
1990 05 13 0535 146.144 -17.292   7.6 4.14 MW ML2MW
1990 05 30 1943 116.806 -30.534   3.0 3.26 MW ML2MW
1990 06 09 1342 143.269 -11.898   0.0 4.35 MW ML2MW
1990 06 26 2030 126.799 -18.698   5.0 3.34 MW ML2MW
1990 06 27 1423 123.117 -18.833   5.0 3.19 MW ML2MW
1990 07 17 0513 121.477 -30.769   1.0 3.26 MW ML2MW
1990 07 28 1339 134.900 -12.400   5.0 3.74 MW ML2MW
1990 08 17 1214 122.631 -17.849  10.0 4.08 MW ML2MW
1990 09 12 1205 122.870 -18.630   5.0 3.26 MW ML2MW
1990 10 09 1816 128.895 -14.286   5.0 3.34 MW ML2MW
1991 01 08 0527 117.066 -30.616   3.2 3.34 MW ML2MW
1991 01 09 1022 123.921 -17.534  10.0 3.66 MW ML2MW
1991 02 09 0124 139.800 -15.470   0.0 3.34 MW ML2MW
1991 03 09 0136 121.423 -30.761  11.0 4.08 MW ML2MW
1991 03 15 0429 124.655 -29.360   1.0 3.11 MW ML2MW
1991 03 24 0311 115.962 -21.914   5.0 3.11 MW ML2MW
1991 04 09 1400 116.993 -20.647   5.0 3.42 MW ML2MW
1991 05 06 0709 131.000 -13.910   5.0 3.11 MW ML2MW
1991 05 21 0212 125.486 -15.455   5.0 3.11 MW ML2MW
1991 06 14 1222 122.318 -32.603   5.0 3.58 MW ML2MW
1991 07 28 0531 122.305 -17.719   5.0 3.19 MW ML2MW
1991 08 06 1411 143.247 -17.915   5.0 4.63 MW ML2MW
1991 08 18 1156 128.607 -16.770  10.0 3.82 MW ML2MW
1991 08 30 1404 119.671 -20.535   5.0 3.34 MW ML2MW
1991 09 23 2119 120.786 -21.171  10.0 3.91 MW ML2MW
1991 10 06 2259 129.087 -16.877   5.0 3.58 MW ML2MW
1991 10 09 1646 128.663 -16.706   5.0 3.66 MW ML2MW
1991 10 25 0505 119.907 -20.460   5.0 3.11 MW ML2MW
1991 11 05 0926 122.097 -32.836   5.0 3.74 MW ML2MW
1991 11 18 0449 119.420 -20.398   5.0 3.42 MW ML2MW
1991 12 11 1759 117.745 -30.394   2.0 3.26 MW ML2MW
1991 12 13 0448 117.360 -34.389   1.0 4.17 MW ML2MW
1992 01 04 0714 117.279 -31.997   1.0 3.34 MW ML2MW
1992 01 07 0631 123.374 -30.496  37.0 3.19 MW ML2MW
1992 01 18 0249 126.708 -19.856   5.0 3.11 MW ML2MW
1992 03 31 0214 126.875 -18.820  10.0 3.97 MW mb2MW
1992 04 16 0801 116.674 -24.416   5.3 3.34 MW ML2MW
1992 04 18 2040 123.250 -17.322  10.0 3.50 MW ML2MW
1992 04 28 2134 116.485 -27.539  37.0 3.26 MW ML2MW
1992 07 07 1609 121.052 -21.360  10.0 3.26 MW ML2MW
1992 07 12 1746 123.066 -19.903   5.0 3.11 MW ML2MW
1992 07 27 1159 122.139 -17.616   5.0 3.91 MW ML2MW
1992 08 02 0734 126.730 -19.906   5.0 3.26 MW ML2MW
1992 08 21 2053 130.136 -16.818   5.0 3.82 MW ML2MW
1992 09 30 1118 134.466 -11.379  15.0 4.91 MW ML2MW
1992 11 16 2104 127.206 -17.034   5.0 3.26 MW ML2MW
1992 11 29 1557 116.356 -23.937  10.0 3.11 MW ML2MW
1993 01 28 2046 116.865 -27.890   5.0 3.19 MW ML2MW
1993 02 07 0551 116.363 -30.522   5.0 3.11 MW ML2MW
1993 02 27 2208 122.317 -32.625   5.0 3.42 MW ML2MW
1993 03 08 1142 120.793 -21.108   5.0 3.42 MW ML2MW
1993 03 27 0808 122.821 -18.561   5.0 3.19 MW ML2MW
1993 05 28 1503 121.806 -28.218   1.0 3.58 MW ML2MW
1993 06 10 0336 122.298 -32.458   5.0 3.34 MW ML2MW
1993 07 09 1006 115.713 -24.458   5.0 3.58 MW ML2MW
1993 08 11 1914 126.841 -19.514  10.0 3.50 MW ML2MW
1993 08 28 1926 127.925 -16.133   5.0 3.26 MW ML2MW
1993 12 18 1927 133.857 -11.827  19.3 4.39 MW mb2MW
1994 01 07 1213 122.297 -32.425   5.0 3.11 MW ML2MW
1994 02 20 1432 123.757 -29.608   5.0 3.26 MW ML2MW
1994 02 28 0758 127.270 -15.172   5.0 3.26 MW ML2MW
1994 03 23 1150 117.714 -20.292   5.0 3.66 MW ML2MW
1994 04 03 1924 146.372 -17.186  17.8 3.42 MW ML2MW
1994 04 07 2057 134.799 -11.978  33.0 3.11 MW ML2MW
1994 04 26 1549 118.481 -30.605   5.0 3.99 MW ML2MW
1994 07 04 0910 141.530 -19.580   5.0 3.74 MW ML2MW
1994 07 05 1907 141.589 -20.055   5.0 4.08 MW ML2MW
1994 09 04 0108 144.502 -16.987   0.0 3.91 MW ML2MW
1994 09 12 1203 136.427 -22.512   5.0 3.82 MW ML2MW
1994 10 09 1501 128.070 -16.652   5.0 3.58 MW ML2MW
1994 10 11 1034 121.307 -33.294   3.0 3.82 MW ML2MW
1994 11 23 2053 116.736 -31.977   5.0 3.11 MW ML2MW
1994 12 24 0818 139.311 -11.208   5.0 3.50 MW ML2MW
1995 01 03 0633 131.316 -14.037   5.0 3.99 MW ML2MW
1995 01 09 0533 120.526 -20.936   5.0 3.50 MW ML2MW
1995 01 20 0804 120.780 -20.891   5.0 3.26 MW ML2MW
1995 01 27 1914 123.229 -18.859   5.0 3.42 MW ML2MW
1995 02 21 0126 122.512 -18.886   5.0 3.19 MW ML2MW
1995 04 20 1311 118.184 -33.282   1.8 3.34 MW ML2MW
1995 05 11 0006 140.960 -19.220   0.0 3.11 MW ML2MW
1995 07 01 1843 122.416 -17.483  36.5 3.26 MW ML2MW
1995 08 07 0030 120.146 -21.362   5.0 3.19 MW ML2MW
1995 08 15 0157 120.813 -18.414   5.0 3.19 MW ML2MW
1995 10 01 1139 134.483 -19.832  24.0 3.58 MW ML2MW
1995 10 19 0355 122.835 -18.546   5.0 3.34 MW ML2MW
1995 10 30 1905 135.510 -10.020 151.0 3.28 MW mb2MW
1995 12 12 2211 124.282 -18.527   5.0 3.34 MW ML2MW
1995 12 25 1509 134.070 -18.917   0.0 3.19 MW ML2MW
1996 01 01 1235 127.920 -14.490  33.0 3.20 MW mb2MW
1996 01 22 1234 120.813 -21.123   5.0 3.11 MW ML2MW
1996 02 04 1755 120.897 -18.863   5.0 3.42 MW ML2MW
1996 02 17 2323 135.787 -10.691  33.0 3.20 MW mb2MW
1996 03 10 1800 128.420 -20.540   5.0 3.11 MW ML2MW
1996 03 11 0624 117.610 -31.454   1.0 3.19 MW ML2MW
1996 03 11 2324 127.149 -16.578   5.0 3.58 MW ML2MW
1996 04 28 2052 128.651 -16.663  18.0 3.11 MW ML2MW
1996 04 30 1358 128.803 -11.753  33.0 3.28 MW mb2MW
1996 05 10 1248 120.163 -20.856  14.6 3.42 MW ML2MW
1996 05 14 2314 116.802 -34.036   1.0 3.11 MW ML2MW
1996 05 21 2021 121.966 -18.535  30.0 3.26 MW ML2MW
1996 06 01 0715 121.468 -30.743   1.0 3.19 MW ML2MW
1996 06 13 1552 142.488 -15.553  10.0 3.19 MW ML2MW
1996 08 01 0618 131.610 -11.590   5.0 3.11 MW ML2MW
1996 08 29 1214 120.132 -21.034   5.0 3.66 MW ML2MW
1996 09 02 0546 128.652 -16.563   1.0 3.11 MW ML2MW
1996 09 18 2335 116.724 -31.978   1.0 3.19 MW ML2MW
1996 10 23 1823 128.650 -16.598   5.0 3.58 MW ML2MW
1996 10 26 0854 117.909 -33.900   1.0 3.66 MW ML2MW
1996 11 16 0621 117.685 -31.454   3.0 3.34 MW ML2MW
1996 11 30 1723 117.480 -25.230  10.0 3.63 MW mb2MW
1996 11 30 1738 116.682 -24.560   5.0 3.19 MW ML2MW
1996 12 03 0755 119.749 -32.004   1.0 3.19 MW ML2MW
1996 12 08 2129 124.630 -15.197  33.0 3.58 MW ML2MW
1996 12 21 1231 135.300 -10.630 386.0 3.28 MW mb2MW
1996 12 31 1504 122.458 -17.708   5.0 3.26 MW ML2MW
1997 02 05 1455 123.271 -29.851   5.0 3.34 MW ML2MW
1997 02 06 1356 123.916 -30.128   5.0 3.34 MW ML2MW
1997 03 03 0305 127.003 -16.597   5.0 3.34 MW ML2MW
1997 03 14 2358 130.547 -10.848  12.0 3.19 MW ML2MW
1997 03 27 0614 117.673 -31.475   5.0 3.34 MW ML2MW
1997 07 01 0606 115.642 -21.419   5.0 3.26 MW ML2MW
1997 07 29 0542 130.154 -12.789   0.0 4.08 MW ML2MW
1997 07 31 1914 123.284 -17.317   5.0 3.11 MW ML2MW
1997 08 10 0920 124.333 -16.159  20.0 6.21 MW GCMT
1997 08 17 1305 121.784 -17.151   5.0 3.19 MW ML2MW
1997 08 31 1523 117.684 -31.449   5.0 4.44 MW ML2MW
1997 09 01 0948 123.138 -18.116   5.0 4.35 MW ML2MW
1997 10 02 0933 114.927 -23.049   5.0 3.11 MW ML2MW
1997 11 11 1226 128.168 -16.504   5.0 3.50 MW ML2MW
1997 12 07 1750 116.490 -30.998   5.0 3.11 MW ML2MW
1997 12 23 1011 115.064 -21.884   5.0 3.42 MW ML2MW
1997 12 28 1556 122.313 -32.621   5.0 3.11 MW ML2MW
1998 01 30 1654 143.180 -13.250  10.0 3.50 MW ML2MW
1998 01 31 1322 120.399 -21.214   5.0 3.66 MW ML2MW
1998 02 08 0446 122.259 -17.831   5.0 3.11 MW ML2MW
1998 02 11 0859 115.263 -23.558   5.0 3.11 MW ML2MW
1998 02 13 0510 124.087 -17.484   5.0 3.34 MW ML2MW
1998 03 22 1753 122.164 -31.516   5.0 3.91 MW ML2MW
1998 03 29 0350 139.168 -12.360  35.0 4.72 MW ML2MW
1998 03 29 2006 129.278 -14.280  10.0 4.08 MW ML2MW
1998 04 10 0346 122.343 -32.589   5.0 4.17 MW ML2MW
1998 04 13 2303 136.130 -12.941  10.0 3.26 MW ML2MW
1998 04 29 1034 117.477 -31.207   3.0 3.11 MW ML2MW
1998 05 11 1211 118.080 -33.694   1.0 3.26 MW ML2MW
1998 06 07 2242 117.683 -31.464   5.0 3.58 MW ML2MW
1998 06 18 1321 131.031 -12.206   0.0 3.58 MW ML2MW
1998 06 22 0946 119.947 -21.886   5.0 3.91 MW ML2MW
1998 06 23 1512 132.010 -13.340   0.0 3.19 MW ML2MW
1998 06 27 0701 121.605 -30.815   5.0 3.50 MW ML2MW
1998 08 04 0145 132.534 -13.211   0.0 3.42 MW ML2MW
1998 08 08 0736 123.997 -15.634   0.0 3.42 MW ML2MW
1998 08 17 0245 123.565 -17.662   5.0 3.11 MW ML2MW
1998 10 02 0943 136.388 -13.774   0.0 3.19 MW ML2MW
1998 10 14 2226 121.320 -31.033   5.0 3.58 MW ML2MW
1998 11 10 0158 128.966 -13.794   0.0 3.34 MW ML2MW
1998 11 13 1154 124.887 -19.132   7.0 3.74 MW ML2MW
1998 11 13 2352 129.120 -13.740   0.0 3.19 MW ML2MW
1999 01 22 0007 116.936 -33.970   1.0 3.26 MW ML2MW
1999 01 23 2256 115.553 -21.464   5.0 3.42 MW ML2MW
1999 02 11 1245 144.797 -17.181   0.0 3.42 MW ML2MW
1999 03 06 1530 118.213 -23.589  10.0 3.58 MW ML2MW
1999 03 22 0122 127.312 -16.692   5.0 3.50 MW ML2MW
1999 04 10 2227 124.752 -19.621   5.0 3.26 MW ML2MW
1999 05 02 1559 116.300 -20.820   5.0 3.26 MW ML2MW
1999 05 19 2331 127.880 -13.730   5.0 3.11 MW ML2MW
1999 07 27 0548 127.860 -13.710   5.0 3.11 MW ML2MW
1999 11 04 1836 127.480 -15.970   5.0 3.11 MW ML2MW
1999 11 09 0505 121.390 -28.820   5.0 3.58 MW ML2MW
1999 11 30 1512 119.770 -21.240   5.0 3.26 MW ML2MW
1999 12 09 1928 119.517 -20.470   5.0 3.26 MW ML2MW
1999 12 16 1236 125.880 -16.840   5.0 3.11 MW ML2MW
1999 12 31 0459 119.780 -32.110   1.0 3.11 MW ML2MW
2000 01 07 0302 121.430 -18.100   5.0 3.11 MW ML2MW
2000 01 10 2057 124.082 -28.554  10.0 3.11 MW ML2MW
2000 01 13 0224 123.806 -16.478   5.0 3.92 MW ML2MW
2000 02 02 2324 118.255 -33.700   5.0 3.26 MW ML2MW
2000 02 06 1251 121.705 -17.121   5.0 3.26 MW ML2MW
2000 02 15 1744 127.654 -14.118   0.0 3.45 MW ML2MW
2000 02 24 2044 117.790 -30.750   8.0 3.42 MW ML2MW
2000 04 13 0314 128.635 -16.421  15.0 3.70 MW ML2MW
2000 05 22 1425 116.945 -25.326   5.0 3.11 MW ML2MW
2000 07 22 1328 132.520 -20.570   0.0 3.16 MW ML2MW
2000 07 29 0245 123.749 -29.933  10.0 3.26 MW ML2MW
2000 09 22 0604 117.058 -30.526   1.1 3.65 MW ML2MW
2000 10 15 0827 128.902 -12.370  28.0 4.21 MW ML2MW
2000 10 21 1052 129.288 -13.802  19.0 3.37 MW ML2MW
2000 11 16 0125 118.386 -34.537   0.0 3.10 MW ML2MW
2000 12 28 0528 130.763 -12.544   0.0 3.62 MW ML2MW
2001 01 04 2123 123.887 -28.940  10.0 3.49 MW ML2MW
2001 01 25 1406 126.450 -18.350   0.0 3.42 MW ML2MW
2001 02 17 1300 129.194 -13.077   0.0 3.58 MW ML2MW
2001 03 08 1049 120.326 -31.457  10.0 3.99 MW ML2MW
2001 03 11 2123 129.571 -11.349   0.0 3.74 MW ML2MW
2001 03 27 0458 122.408 -32.029  10.0 3.41 MW ML2MW
2001 04 21 0856 127.611 -20.013  10.0 3.41 MW ML2MW
2001 05 11 0811 127.460 -14.490   0.0 3.74 MW ML2MW
2001 06 26 2256 119.490 -20.170  10.0 3.11 MW ML2MW
2001 07 19 1107 129.475 -11.984   0.0 3.34 MW ML2MW
2001 07 27 0423 124.366 -18.384   0.0 3.48 MW ML2MW
2001 08 10 1014 131.231 -12.487   5.0 3.11 MW ML2MW
2001 08 25 0338 120.940 -18.870   5.0 3.42 MW ML2MW
2001 09 28 0254 117.061 -30.536   2.3 5.02 MW ML2MW
2001 10 19 1743 120.628 -33.712  10.0 5.01 MW ML2MW
2001 12 26 1854 117.688 -31.380   2.9 3.25 MW ML2MW
2002 02 05 1751 122.320 -17.457   0.0 3.46 MW ML2MW
2002 02 06 0448 120.413 -22.785  10.0 3.70 MW ML2MW
2002 03 17 0109 125.388 -27.539   5.0 3.27 MW ML2MW
2002 07 18 0423 119.872 -32.195  10.0 3.91 MW ML2MW
2002 07 24 2048 121.243 -30.382  10.0 3.33 MW ML2MW
2002 08 02 1343 121.207 -30.917   3.0 3.83 MW ML2MW
2002 10 15 0359 118.581 -19.717  10.0 3.95 MW ML2MW
2002 10 25 0646 123.114 -15.743   8.0 3.30 MW ML2MW
2002 11 01 0855 129.904 -11.931  10.0 4.16 MW ML2MW
2002 11 05 1225 123.320 -16.362   0.0 4.08 MW ML2MW
2003 02 04 0753 116.974 -20.752   5.0 3.49 MW ML2MW
2003 03 18 1906 123.629 -17.086   5.0 3.76 MW ML2MW
2003 05 31 0316 115.589 -26.122  10.0 3.65 MW ML2MW
2003 06 21 1551 132.673 -21.097   0.0 3.31 MW ML2MW
2003 07 03 0536 120.149 -25.795  21.8 3.63 MW ML2MW
2003 07 27 2257 125.142 -19.012  10.0 3.26 MW ML2MW
2003 08 15 0541 122.647 -28.608   0.0 3.19 MW ML2MW
2003 10 31 1214 138.146 -13.874  10.0 3.19 MW ML2MW
2003 12 05 2226 126.844 -18.387  10.0 3.88 MW mb2MW
2004 01 17 1608 122.396 -18.783  10.0 3.87 MW ML2MW
2004 03 24 0627 124.144 -29.849  10.0 3.19 MW ML2MW
2004 04 02 2222 128.185 -11.851   0.0 3.66 MW ML2MW
2004 04 03 0729 128.715 -16.756  10.0 3.26 MW ML2MW
2004 05 31 2232 121.760 -31.326   0.0 3.61 MW ML2MW
2004 06 07 1340 125.483 -27.695   6.8 3.67 MW ML2MW
2004 06 15 2259 146.085 -17.315   4.0 3.37 MW ML2MW
2004 09 10 0847 117.061 -30.550   5.0 3.18 MW ML2MW
2004 09 25 1510 129.152 -16.776  10.0 3.99 MW ML2MW
2004 10 11 1225 117.098 -30.879   0.0 3.25 MW ML2MW
2004 11 01 1315 124.844 -19.111   8.9 3.89 MW ML2MW
2004 11 23 1050 127.153 -16.937  10.0 3.95 MW ML2MW
2004 11 24 0242 117.726 -30.548  10.0 4.16 MW Allen et al. (2006)
2004 12 13 1326 117.070 -30.427   2.1 3.18 MW ML2MW
2004 12 16 0955 125.120 -17.597  11.8 3.50 MW ML2MW
2004 12 23 0427 124.414 -15.048   0.0 3.82 MW ML2MW
2005 01 03 0040 117.479 -30.652   1.5 3.58 MW ML2MW
2005 01 09 1711 120.740 -20.613   0.0 3.58 MW ML2MW
2005 01 24 0943 122.587 -17.530  10.0 3.72 MW ML2MW
2005 01 27 1717 119.236 -31.416   5.4 3.56 MW ML2MW
2005 01 27 1729 122.381 -32.467  10.0 3.41 MW ML2MW
2005 02 18 1757 121.085 -32.827   0.0 3.39 MW ML2MW
2005 02 24 1657 117.485 -30.629   2.5 3.42 MW ML2MW
2005 02 27 0617 118.282 -33.606   0.0 3.64 MW ML2MW
2005 03 08 1445 145.887 -16.631   9.2 3.14 MW ML2MW
2005 03 16 0127 117.464 -30.639   2.6 3.55 MW Allen et al. (2006)
2005 03 19 2138 115.764 -20.800  10.0 3.67 MW ML2MW
2005 03 22 1951 119.610 -21.004  10.0 4.10 MW ML2MW
2005 05 01 0943 117.912 -30.194   2.7 4.07 MW ML2MW
2005 05 04 1845 117.319 -25.932   9.0 3.32 MW ML2MW
2005 05 18 2339 119.374 -20.108  26.0 4.26 MW ML2MW
2005 05 27 1210 117.447 -30.650   4.3 3.42 MW ML2MW
2005 06 09 1644 115.068 -23.093  14.5 3.58 MW ML2MW
2005 06 12 1051 117.108 -30.802   2.3 4.24 MW ML2MW
2005 06 12 2036 117.030 -30.558   7.6 4.40 MW ML2MW
2005 09 21 2246 117.165 -30.146   2.0 4.06 MW Ghasemi et al (2016)
2005 11 08 0922 143.969 -16.804   7.8 3.34 MW ML2MW
2005 11 15 1450 128.666 -16.486   2.0 3.20 MW ML2MW
2005 11 25 2032 117.195 -30.134   2.2 3.64 MW ML2MW
2005 12 01 0152 117.038 -30.536   2.5 3.10 MW ML2MW
2006 02 16 0046 122.536 -17.735  10.0 3.20 MW mb2MW
2006 03 07 0106 117.142 -30.146   2.2 3.64 MW ML2MW
2006 03 29 1257 117.685 -30.280   0.0 3.18 MW ML2MW
2006 04 02 0839 119.081 -22.368  10.0 3.97 MW ML2MW
2006 05 26 0738 128.691 -16.664   0.0 3.11 MW ML2MW
2006 06 03 1626 121.808 -16.813  10.0 3.20 MW ML2MW
2006 06 06 1534 117.838 -25.119  10.0 4.40 MW ML2MW
2006 07 04 1608 121.526 -30.779   7.0 3.23 MW ML2MW
2006 09 02 1547 116.609 -24.482   2.0 3.56 MW ML2MW
2006 09 18 0823 123.289 -17.686   0.0 3.20 MW mb2MW
2006 10 13 1106 144.339 -17.468   4.0 3.34 MW ML2MW
2006 11 28 2151 123.951 -28.561   9.0 3.15 MW ML2MW
2006 12 07 1058 117.411 -25.188  14.0 3.41 MW ML2MW
2006 12 21 1210 121.456 -30.731   0.0 3.12 MW ML2MW
2007 02 05 1717 125.413 -19.294   5.0 3.18 MW ML2MW
2007 02 09 1634 123.613 -17.818  15.0 3.29 MW ML2MW
2007 02 17 1344 126.617 -17.903   0.0 3.42 MW ML2MW
2007 02 28 2022 123.232 -18.723  16.0 3.51 MW ML2MW
2007 04 25 2027 127.151 -18.119   0.0 3.17 MW ML2MW
2007 08 05 0712 117.648 -33.185  17.0 3.55 MW ML2MW
2007 08 26 0034 115.369 -22.145   6.0 3.33 MW ML2MW
2007 09 28 0840 120.660 -23.150   0.0 3.19 MW ML2MW
2007 10 09 2358 117.505 -33.946   0.0 4.74 MW Dawson et al. (2008); Somerville et al. (2009); Ghasemi et al (2016)
2007 11 19 2001 143.735 -12.336  24.0 4.68 MW ML2MW
2007 11 26 1005 123.719 -30.127   2.0 3.37 MW ML2MW
2007 11 27 0248 115.047 -23.219  10.0 3.74 MW ML2MW
2008 01 19 1224 122.127 -33.016   0.0 3.31 MW ML2MW
2008 02 06 0646 129.644 -13.402   6.7 4.14 MW ML2MW
2008 02 22 0258 123.526 -19.097   2.1 3.20 MW ML2MW
2008 03 19 0717 134.047 -19.654  15.0 3.58 MW ML2MW
2008 03 24 1731 118.385 -30.668  12.8 3.18 MW ML2MW
2008 04 17 1822 122.519 -18.709  10.0 3.24 MW ML2MW
2008 05 03 2214 117.365 -31.168   5.0 3.73 MW ML2MW
2008 05 17 0036 116.975 -30.117   0.0 3.48 MW ML2MW
2008 05 28 0430 122.323 -18.596   0.0 4.49 MW ML2MW
2008 07 02 0240 121.473 -30.739   0.0 3.52 MW ML2MW
2008 07 27 0644 127.744 -18.144   0.0 3.14 MW ML2MW
2008 08 01 1727 117.132 -30.495   0.0 3.36 MW ML2MW
2008 11 06 1456 116.655 -30.876   8.0 3.44 MW ML2MW
2008 11 14 2115 129.800 -12.600   0.0 3.14 MW ML2MW
2008 12 15 1652 118.889 -30.409   7.2 3.14 MW ML2MW
2009 04 06 2050 117.191 -31.950   0.0 3.29 MW ML2MW
2009 04 07 2126 121.461 -30.785   0.0 3.36 MW ML2MW
2009 04 08 0531 116.881 -34.148   0.0 4.19 MW ML2MW
2009 04 28 1906 121.553 -30.644   3.0 3.36 MW ML2MW
2009 10 02 0506 137.780 -11.790   0.0 3.66 MW ML2MW
2009 10 24 1626 120.659 -33.468  10.0 4.28 MW MS2MW
2009 11 08 0541 138.819 -10.450  30.0 3.91 MW ML2MW
2010 01 05 0555 128.600 -17.009  10.0 3.38 MW ML2MW
2010 01 26 1825 115.510 -26.080   3.7 3.84 MW ML2MW
2010 02 14 1014 122.307 -32.506   0.0 3.42 MW ML2MW
2010 03 23 0340 128.712 -15.797   3.0 3.45 MW ML2MW
2010 04 11 1202 132.830 -16.924  20.0 3.60 MW ML2MW
2010 04 20 0017 121.770 -30.745  10.0 4.16 MW Ghasemi et al (2016)
2010 04 21 1545 118.049 -32.322   3.0 3.22 MW ML2MW
2010 04 30 0038 117.763 -30.754   7.0 3.18 MW ML2MW
2010 07 05 1434 118.336 -24.916   0.0 3.12 MW ML2MW
2010 07 29 1359 116.460 -30.640   1.0 3.14 MW ML2MW
2010 08 30 1349 134.033 -20.633  10.0 3.28 MW ML2MW
2010 09 02 0427 117.799 -30.855   0.0 3.10 MW ML2MW
2010 09 02 0725 129.351 -14.310   0.0 3.41 MW ML2MW
2010 09 19 2123 121.642 -30.745   1.0 3.65 MW ML2MW
2010 09 26 2259 117.447 -30.520   0.0 3.29 MW ML2MW
2010 10 17 1053 117.759 -30.209   0.0 3.20 MW ML2MW
2010 10 30 2335 118.208 -33.303   2.1 3.14 MW ML2MW
2010 12 05 1325 128.900 -14.885  30.0 3.70 MW ML2MW
2010 12 11 0753 145.549 -16.479  18.0 3.19 MW ML2MW
2010 12 21 1500 127.327 -13.115  10.0 3.71 MW ML2MW
2011 01 11 0311 124.491 -27.997   0.0 3.92 MW ML2MW
2011 02 21 2159 135.420 -20.903   0.6 3.97 MW Ghasemi et al (2016)
2011 02 24 0226 120.084 -26.564  10.0 3.27 MW ML2MW
2011 02 28 1631 116.333 -20.564   6.0 3.60 MW ML2MW
2011 03 15 0608 146.334 -17.342  10.0 4.08 MW ML2MW
2011 04 02 0607 117.345 -25.055   0.0 4.12 MW ML2MW
2011 04 14 0118 123.730 -18.197  20.0 3.52 MW ML2MW
2011 04 26 1427 117.155 -30.508   0.0 3.65 MW ML2MW
2011 05 07 0523 123.021 -17.833  10.0 3.72 MW ML2MW
2011 05 12 1836 122.068 -32.463  19.0 3.38 MW ML2MW
2011 05 20 2003 119.504 -23.567  10.0 4.83 MW ML2MW
2011 06 27 2218 115.643 -25.283   0.0 3.90 MW ML2MW
2011 07 02 0048 123.958 -18.366   0.0 3.23 MW ML2MW
2011 07 14 0551 120.356 -20.865  12.0 4.27 MW Ghasemi et al (2016)
2011 07 27 0402 121.529 -30.573   0.0 3.54 MW ML2MW
2011 08 17 1109 128.677 -16.919   0.0 3.54 MW mb2MW
2011 09 01 0156 123.300 -18.845  10.0 3.74 MW ML2MW
2011 09 27 1913 117.800 -30.642   2.0 3.37 MW ML2MW
2011 10 05 1706 117.236 -33.730  16.0 3.69 MW ML2MW
2011 11 27 0654 117.560 -30.633   0.0 3.11 MW ML2MW
2012 01 10 1844 118.222 -33.308   0.0 3.46 MW ML2MW
2012 01 24 1142 116.935 -30.449  10.6 3.29 MW ML2MW
2012 03 09 0616 117.840 -30.410   8.0 3.68 MW ML2MW
2012 03 10 0530 117.005 -34.125  10.0 3.15 MW ML2MW
2012 03 13 2026 117.186 -34.134  15.0 3.29 MW ML2MW
2012 03 25 1657 117.843 -30.405  10.0 3.68 MW ML2MW
2012 04 21 0133 118.203 -31.222  11.0 3.29 MW ML2MW
2012 06 03 0920 129.173 -17.083  15.0 3.26 MW ML2MW
2012 07 18 0920 117.794 -30.429   2.0 3.76 MW ML2MW
2012 08 14 0051 117.789 -30.452  10.0 3.40 MW ML2MW
2012 08 28 1942 117.773 -30.438   5.0 3.21 MW ML2MW
2012 09 14 1710 129.475 -20.951   5.0 3.44 MW ML2MW
2012 09 26 1737 121.072 -30.996  10.0 3.35 MW ML2MW
2012 10 07 0320 120.630 -27.768   0.0 3.57 MW ML2MW
2012 11 05 1931 129.045 -11.546  39.0 4.36 MW ML2MW
2012 11 14 2023 117.802 -30.322   2.0 3.11 MW ML2MW
2012 12 01 1719 127.661 -16.195  10.0 3.70 MW ML2MW
2012 12 09 0741 117.608 -31.232   0.0 3.13 MW ML2MW
2013 01 07 0814 116.004 -25.380  13.0 3.36 MW ML2MW
2013 02 01 0949 117.427 -30.650   2.0 3.39 MW ML2MW
2013 02 13 1649 136.589 -12.796  10.0 4.10 MW ML2MW
2013 03 03 2136 119.276 -32.375   1.0 3.59 MW ML2MW
2013 04 12 0949 120.471 -21.302  20.0 3.31 MW ML2MW
2013 05 17 1511 117.456 -30.619   4.0 3.53 MW ML2MW
2013 06 03 2025 116.977 -34.292   0.0 3.17 MW ML2MW
2013 06 13 1530 117.439 -30.628   5.0 3.23 MW ML2MW
2013 06 25 2048 116.234 -28.805   0.0 3.45 MW ML2MW
2013 07 05 0153 117.591 -33.458   5.0 3.21 MW ML2MW
2013 08 01 0416 117.959 -30.913   0.0 3.11 MW ML2MW
2013 08 21 1102 117.655 -33.449   0.0 3.12 MW ML2MW
2013 09 13 1158 120.930 -20.993   2.0 3.46 MW ML2MW
2013 09 22 1928 117.619 -33.457   5.0 3.18 MW ML2MW
2013 09 28 0400 129.119 -15.610   0.0 3.47 MW ML2MW
2013 09 30 2114 121.498 -31.898  12.0 3.92 MW ML2MW
2013 10 04 2003 117.658 -30.622   0.0 3.62 MW ML2MW
2013 10 30 2225 120.746 -27.786   0.0 3.99 MW ML2MW
2013 11 18 1743 128.660 -16.606   0.0 3.23 MW ML2MW
2013 11 25 1539 124.529 -19.312  10.0 3.19 MW ML2MW
2013 12 01 0951 145.550 -17.090   0.0 3.13 MW ML2MW
2013 12 07 0625 117.116 -30.495   9.0 3.12 MW ML2MW
2013 12 14 1432 117.026 -32.248  13.0 3.42 MW ML2MW
2013 12 30 0907 128.700 -16.604   0.0 3.41 MW ML2MW
2014 01 16 2054 129.678 -15.073  10.0 3.27 MW ML2MW
2014 01 24 0032 117.678 -30.610   0.0 3.32 MW ML2MW
2014 01 31 0303 117.585 -33.454   6.0 3.23 MW ML2MW
2014 02 01 0526 119.627 -34.614  10.0 3.13 MW ML2MW
2014 02 06 1341 129.565 -15.058  10.0 3.42 MW ML2MW
2014 02 26 0000 121.187 -30.679   0.0 4.32 MW Ghasemi et al (2016)
2014 03 01 1414 122.304 -17.698  10.0 3.22 MW ML2MW
2014 03 06 2349 117.761 -30.402   0.0 3.15 MW ML2MW
2014 03 16 0324 124.438 -17.414  10.0 3.60 MW ML2MW
2014 04 01 0701 117.768 -30.422   2.0 3.32 MW ML2MW
2014 04 05 0255 117.778 -30.414   7.0 3.34 MW ML2MW
2014 05 11 2034 117.474 -30.618  12.0 3.17 MW ML2MW
2014 07 22 1949 117.689 -30.642  10.0 3.38 MW ML2MW
2014 08 08 1617 146.416 -17.044   0.0 3.53 MW ML2MW
2014 09 04 0644 117.840 -30.480  10.0 3.12 MW ML2MW
2014 09 05 1407 143.895 -16.949   0.0 3.25 MW ML2MW
2014 09 08 1257 117.207 -33.710  12.0 3.36 MW ML2MW
2014 09 26 1538 119.534 -20.100  10.0 4.02 MW Ghasemi et al (2016)
2014 10 09 1545 127.132 -18.137   9.0 3.19 MW ML2MW
2014 10 30 1734 117.919 -30.310  10.0 3.20 MW ML2MW
2014 10 31 1915 121.232 -30.815  10.0 3.88 MW Ghasemi et al (2016)
2014 11 12 0200 125.666 -18.287  18.0 3.60 MW ML2MW
2014 12 03 0246 117.668 -30.617   6.0 3.37 MW ML2MW
2014 12 05 0357 117.153 -30.738   5.2 3.40 MW ML2MW
2014 12 05 2316 123.450 -19.017  10.0 3.21 MW ML2MW
2014 12 06 0609 127.388 -17.616  10.0 3.42 MW ML2MW
2015 01 18 1557 121.176 -30.697  10.0 3.19 MW ML2MW
2015 01 23 0556 121.488 -31.424   4.0 3.34 MW ML2MW
2015 02 13 2215 121.532 -30.627  13.0 3.67 MW ML2MW
2015 03 05 1458 117.298 -30.285  14.0 3.32 MW ML2MW
2015 03 15 1134 121.489 -33.545  10.0 3.29 MW ML2MW
2015 03 18 0549 131.356 -17.946  15.0 3.33 MW ML2MW
2015 04 26 2242 121.234 -30.760  15.0 3.31 MW ML2MW
2015 04 28 1816 124.700 -18.383  10.0 3.23 MW ML2MW
2015 05 01 1321 129.244 -13.924  20.0 3.31 MW ML2MW
2015 05 23 2107 128.744 -16.873  10.0 3.59 MW ML2MW
2015 06 10 2352 121.369 -30.922  15.0 3.12 MW ML2MW
2015 07 24 1137 123.050 -30.517  10.0 3.11 MW ML2MW
2015 09 02 1640 116.086 -33.092  10.0 3.39 MW ML2MW
2015 09 28 0012 117.927 -31.878  10.0 3.19 MW ML2MW
2015 10 07 2030 121.874 -17.229  14.0 4.22 MW ML2MW
2015 10 13 0654 120.751 -22.569  13.0 4.08 MW Ghasemi et al (2016)
2015 10 27 0632 126.526 -20.267  10.0 3.52 MW ML2MW
2015 11 01 2333 117.846 -30.875  12.0 3.17 MW ML2MW
2015 11 11 2012 130.546 -12.181  20.0 3.29 MW ML2MW
2015 12 05 1548 120.862 -21.295  10.0 3.87 MW ML2MW
2015 12 10 0208 117.858 -25.611  10.0 3.14 MW ML2MW
2015 12 18 0200 132.059 -16.293   8.0 3.50 MW ML2MW
2016 01 01 1946 129.230 -13.891  15.0 3.58 MW ML2MW
2016 03 16 0738 120.836 -21.307  15.0 3.33 MW ML2MW
2016 03 24 0453 120.530 -21.512  20.0 3.27 MW ML2MW
2016 03 30 1334 117.276 -30.304  17.0 3.25 MW ML2MW
2016 03 30 1334 117.276 -30.304  17.0 3.24 MW ML2MW
2016 03 30 1334 117.263 -30.348   3.3 3.25 MW ML2MW
2016 03 30 1334 117.263 -30.348   3.3 3.24 MW ML2MW
2016 04 25 2030 121.233 -30.650  10.0 3.44 MW ML2MW
2016 04 30 1945 123.858 -19.061  10.0 3.29 MW ML2MW
2016 05 23 1500 117.737 -30.455  10.0 3.38 MW ML2MW
2016 06 23 1609 121.375 -30.771   0.0 3.25 MW ML2MW
2016 06 30 0025 117.343 -30.137  17.0 3.61 MW ML2MW
2016 07 05 0655 117.512 -30.054   0.0 3.36 MW ML2MW
2016 07 08 0940 122.346 -32.541  10.0 4.97 MW Ghasemi et al (2016)
2016 07 16 0345 119.789 -28.715  10.0 3.10 MW ML2MW
2016 08 25 0405 124.792 -19.502  10.0 3.13 MW ML2MW
2016 09 05 0946 123.566 -16.567   0.0 3.11 MW ML2MW
2016 09 08 1515 119.268 -31.294   0.0 3.10 MW ML2MW
2016 09 19 0530 116.570 -29.383   5.0 3.13 MW ML2MW
2016 09 29 0149 119.181 -31.452  10.0 3.33 MW ML2MW
2016 10 10 2314 121.437 -30.785   0.0 3.53 MW ML2MW
2016 10 25 0953 121.543 -30.835  10.0 3.19 MW ML2MW
2016 11 06 0954 128.002 -19.102  10.0 4.48 MW Ghasemi et al (2016)
2016 12 05 0531 116.550 -29.334  10.0 3.23 MW ML2MW
2016 12 24 0040 117.120 -30.826  10.0 3.54 MW ML2MW
2017 01 03 1530 118.455 -30.609  10.0 4.33 MW ML2MW
2017 01 15 0716 115.145 -23.670  10.0 3.85 MW ML2MW
2017 03 05 0458 123.876 -15.489  10.0 3.35 MW ML2MW
2017 03 19 0920 117.786 -30.420  10.0 3.32 MW ML2MW
2017 03 26 2000 122.891 -31.616  10.0 4.02 MW ML2MW
2017 03 26 2025 122.814 -31.794  10.0 3.13 MW ML2MW
2017 03 31 1604 121.124 -33.085  10.0 3.47 MW ML2MW
2017 05 13 0927 119.272 -33.204  10.0 3.47 MW ML2MW
2017 05 15 1912 123.588 -27.167  10.0 3.75 MW ML2MW
2017 07 16 1731 122.187 -31.018  10.0 3.40 MW ML2MW
2017 07 19 1505 117.833 -32.075  10.0 3.30 MW ML2MW
2017 07 31 2333 119.365 -32.256  10.0 3.10 MW ML2MW
2017 08 06 0421 128.018 -19.134  10.0 5.03 MW ML2MW
2017 08 22 0532 116.698 -29.244  10.0 3.20 MW ML2MW
2017 08 24 0757 120.056 -33.258  10.0 3.21 MW ML2MW
2017 08 31 0807 117.215 -30.460  10.0 4.02 MW ML2MW
2017 09 08 0353 119.209 -31.372  10.0 3.17 MW ML2MW
2017 09 11 0121 120.069 -33.184  10.0 3.66 MW ML2MW
2017 10 07 0002 127.399 -15.615  10.0 3.43 MW ML2MW
2017 11 12 0812 120.549 -21.791  10.0 3.43 MW ML2MW
2017 11 14 0216 119.894 -21.444  10.0 3.53 MW ML2MW
2017 11 14 0619 119.996 -21.305  10.0 3.46 MW ML2MW
2017 11 17 1712 146.547 -17.386  10.0 3.33 MW ML2MW
2017 11 25 0718 115.786 -24.465  10.0 3.12 MW ML2MW
2017 12 05 1558 116.190 -22.523  10.0 3.18 MW ML2MW
2018 01 10 2131 123.355 -18.893  10.0 3.53 MW ML2MW
2018 01 29 0030 130.366 -15.443  10.0 3.38 MW ML2MW
2018 02 24 2255 128.512 -15.206  10.0 3.31 MW ML2MW
2018 03 03 2200 128.818 -16.767  10.0 3.57 MW ML2MW
2018 04 13 1156 121.329 -30.599  10.0 3.45 MW ML2MW
2018 04 24 1521 120.609 -26.385  10.0 3.10 MW ML2MW
2018 05 09 1913 120.910 -21.574  10.0 3.46 MW ML2MW
2018 05 23 1726 117.975 -33.504  10.0 3.28 MW ML2MW
2018 05 28 1254 117.313 -30.149  10.0 3.10 MW ML2MW
2018 06 20 0254 122.424 -32.668  10.0 4.82 MW ML2MW
2018 07 05 0732 117.407 -30.664  10.0 3.34 MW ML2MW
2018 07 10 1405 121.765 -31.114  10.0 3.17 MW ML2MW
2018 08 08 1419 122.412 -32.536  10.0 4.40 MW ML2MW
2018 09 05 0803 128.196 -19.026  10.0 3.51 MW ML2MW
2018 09 17 0351 117.618 -30.293  10.0 3.23 MW ML2MW
2018 10 05 1303 117.888 -33.990   0.0 3.17 MW ML2MW
2018 12 11 1103 128.771 -16.505   7.5 3.35 MW ML2MW
2019 01 13 1943 118.517 -33.957  10.0 3.43 MW ML2MW
2019 02 20 0226 129.232 -15.580  10.0 3.74 MW ML2MW
2019 03 06 0659 118.548 -33.920  10.0 3.25 MW ML2MW
2019 03 11 0006 118.206 -33.834  10.0 3.57 MW ML2MW
2019 03 19 2346 117.016 -32.252   3.3 3.22 MW ML2MW
2019 04 24 0103 121.950 -17.234  10.0 3.34 MW ML2MW
2019 05 16 0527 116.926 -33.527  10.0 3.27 MW ML2MW
2019 05 20 0814 121.223 -30.783  10.0 3.32 MW ML2MW
2019 05 22 1424 117.748 -30.406  10.0 3.11 MW ML2MW
2019 05 24 2137 117.641 -30.486  10.0 3.14 MW ML2MW
2019 05 29 2043 123.973 -30.366  10.0 3.12 MW ML2MW
2019 05 30 0226 131.859 -21.281  10.0 4.87 MW AUST
2019 05 30 0901 116.745 -30.303  10.0 3.23 MW ML2MW
2019 06 11 0528 117.731 -30.407  10.0 3.24 MW ML2MW
2019 06 15 0259 121.125 -21.396  10.0 3.88 MW ML2MW
2019 06 20 1430 119.335 -33.100  10.0 4.23 MW ML2MW
2019 06 22 1225 117.803 -34.027  10.0 3.37 MW ML2MW
2019 06 23 1347 120.031 -30.721  10.0 3.88 MW ML2MW
2019 06 23 1544 123.464 -30.404  10.0 3.72 MW ML2MW
2019 07 05 2139 119.673 -32.335  10.0 3.31 MW ML2MW
2019 07 08 0816 117.737 -30.434  10.0 3.13 MW ML2MW
2019 07 14 0539 120.295 -18.262  20.0 6.55 MW AUST
2019 07 15 2143 120.710 -18.477  12.4 3.18 MW ML2MW
2019 07 16 1054 120.580 -18.462  19.1 3.44 MW ML2MW
2019 07 16 1435 120.828 -18.685  10.5 3.21 MW ML2MW
2019 07 16 1456 120.503 -18.520  16.7 3.23 MW ML2MW
2019 07 16 2210 120.648 -18.562  12.2 3.37 MW ML2MW
2019 07 28 2348 134.101 -19.748  10.0 3.26 MW ML2MW
2019 08 03 1841 118.274 -33.879  10.0 3.45 MW ML2MW
2019 08 04 2222 117.964 -34.079  10.0 3.24 MW ML2MW
2019 08 12 1911 120.579 -21.414  10.0 4.34 MW ML2MW
2019 08 28 0204 118.443 -33.943  10.0 3.27 MW ML2MW
2019 08 30 0054 118.388 -33.938  10.0 3.26 MW ML2MW
2019 09 15 2205 117.755 -30.345  10.0 3.71 MW ML2MW
2019 09 18 0247 117.647 -30.406  10.0 3.43 MW ML2MW
2019 10 15 2018 125.221 -19.496  10.0 3.14 MW ML2MW
2019 12 13 0539 122.462 -32.553  10.0 3.27 MW ML2MW
2019 12 15 1801 118.926 -32.383  10.0 3.39 MW ML2MW
2019 12 19 0217 120.218 -27.687  10.0 3.36 MW ML2MW
2019 12 20 1429 136.189 -12.333  10.0 4.18 MW ML2MW
2019 12 29 1955 117.820 -34.014  10.0 3.43 MW ML2MW
2019 12 30 0907 118.015 -33.473  10.0 3.44 MW ML2MW
2019 12 31 0510 124.410 -29.376  10.0 3.40 MW ML2MW
2020 01 08 0520 123.724 -28.212  10.0 3.38 MW ML2MW
2020 01 15 1456 123.112 -19.449  10.0 3.32 MW ML2MW
2020 02 16 0537 120.054 -22.418  10.0 3.40 MW ML2MW
2020 02 22 1231 118.079 -30.766  10.0 3.11 MW ML2MW
2020 03 01 1237 122.525 -32.486  10.0 3.22 MW ML2MW
2020 03 26 1056 130.761 -21.566  10.0 3.15 MW ML2MW
2020 03 30 0947 116.074 -21.485  10.0 3.17 MW ML2MW
2020 04 12 0934 128.613 -17.831  10.0 3.51 MW ML2MW
2020 04 12 2203 121.807 -17.087  10.0 3.54 MW ML2MW
2020 04 17 0242 121.910 -17.101  10.0 3.44 MW ML2MW
2020 04 24 0459 126.944 -18.064  10.0 3.36 MW ML2MW
2020 04 29 1501 117.638 -31.089  10.0 3.19 MW ML2MW
2020 05 25 0852 117.023 -30.587  10.0 4.06 MW ML2MW
2020 06 13 1540 128.526 -16.626  10.0 3.36 MW ML2MW
2020 06 22 1110 121.512 -30.549  10.0 3.26 MW ML2MW
2020 07 12 0919 119.142 -33.265  10.0 3.40 MW ML2MW
2020 07 16 1943 128.512 -16.682  10.0 3.31 MW ML2MW
2020 07 23 0922 117.678 -33.445   5.0 3.33 MW ML2MW
2020 07 29 1149 115.899 -29.196   6.2 3.28 MW ML2MW
2020 08 02 0918 117.852 -31.852   0.6 3.23 MW ML2MW
2020 08 06 1128 118.460 -34.202   5.0 3.47 MW ML2MW
2020 08 09 0206 117.204 -31.981   5.0 3.26 MW ML2MW
2020 08 10 0754 122.175 -32.530   5.0 3.41 MW ML2MW
2020 08 25 1915 121.373 -30.800   1.9 3.21 MW ML2MW
2020 09 19 1354 119.172 -33.388  10.0 3.21 MW ML2MW
2020 09 20 1607 118.019 -30.773   0.7 3.19 MW ML2MW
2020 09 24 0825 119.121 -21.420  10.0 4.19 MW ML2MW
2020 09 29 1211 117.185 -21.321  10.0 4.39 MW ML2MW
2020 10 05 0027 117.814 -24.167  10.0 3.74 MW ML2MW
2020 11 07 1809 129.341 -14.293  10.0 3.37 MW ML2MW
2020 12 17 0413 124.685 -19.057  10.0 3.26 MW ML2MW
2020 12 29 1459 115.368 -24.153   8.8 3.59 MW ML2MW
2021 01 22 0523 120.134 -22.569  10.1 3.35 MW ML2MW
2021 02 06 1116 117.218 -31.980   0.6 3.45 MW ML2MW
2021 02 07 0729 116.392 -21.708  10.0 3.49 MW ML2MW
2021 03 03 0902 121.541 -30.637  10.0 3.39 MW ML2MW
2021 03 06 0351 117.605 -30.627   8.4 3.17 MW ML2MW
2021 03 11 0439 117.504 -31.177   9.3 3.15 MW ML2MW
2021 04 22 2054 117.395 -24.343  10.0 3.12 MW ML2MW
2021 05 04 0714 121.512 -30.689   9.7 3.47 MW ML2MW
2021 05 11 0917 128.907 -16.591  10.0 3.18 MW ML2MW
2021 05 14 1651 127.266 -16.791  10.0 3.34 MW ML2MW
2021 05 25 0047 117.258 -30.933   2.3 3.23 MW ML2MW
2021 06 02 1355 124.076 -27.102  10.0 3.21 MW ML2MW
2021 06 07 0803 120.108 -22.578  10.0 4.04 MW ML2MW
2021 06 17 0552 128.722 -16.624  10.0 3.86 MW ML2MW
2021 06 25 1554 121.070 -21.502  10.0 3.10 MW ML2MW
2021 06 27 1932 120.754 -27.782  10.0 3.14 MW ML2MW
2021 06 28 2305 117.210 -31.397   0.8 3.24 MW ML2MW
2021 06 30 2354 116.382 -29.600  10.0 3.62 MW ML2MW
2021 07 15 2046 123.934 -28.996  10.0 3.18 MW ML2MW
2021 07 19 0812 117.277 -30.951   5.0 3.63 MW ML2MW
2021 07 24 0905 118.299 -32.139   6.4 3.34 MW ML2MW
2021 08 07 0520 120.118 -22.587  10.0 3.71 MW ML2MW
2021 08 09 2322 117.706 -30.247   0.5 3.64 MW ML2MW
2021 08 09 2325 117.716 -30.259   1.5 3.62 MW ML2MW
2021 08 12 1544 140.459 -22.526  10.0 3.34 MW ML2MW
2021 08 19 2253 120.753 -21.649  10.0 3.32 MW ML2MW
2021 08 25 2217 127.774 -16.522  10.0 3.77 MW ML2MW
2021 08 26 1758 117.033 -33.640   0.8 3.39 MW ML2MW
2021 09 01 1033 117.247 -30.933   5.0 3.72 MW ML2MW
2021 09 02 1555 133.823 -18.993  10.0 3.14 MW ML2MW
2021 09 15 0531 120.095 -22.566  10.0 3.54 MW ML2MW
