1952 03 11 0609 116.500 -31.300   0.0 4.62 MW ML2MW
1955 08 30 1352 116.400 -30.700   0.0 5.26 MW ML2MW
1961 06 25 1759 117.200 -32.200  18.0 4.24 MW ML2MW
1961 08 31 2122 117.100 -32.200  18.0 3.56 MW ML2MW
1963 01 18 0549 117.260 -32.150   6.0 4.72 MW ML2MW
1963 11 19 1752 116.300 -31.000  18.0 4.04 MW ML2MW
1964 06 12 1408 118.100 -33.600  18.0 3.96 MW ML2MW
1966 01 25 0706 117.000 -32.800  18.0 3.82 MW ML2MW
1966 10 03 2139 117.200 -30.600  18.0 3.53 MW ML2MW
1966 12 25 2234 116.400 -31.000  18.0 3.71 MW ML2MW
1967 10 22 1038 117.300 -32.000  18.0 3.52 MW ML2MW
1968 04 08 0144 117.250 -30.800   0.0 4.25 MW ML2MW
1968 06 21 0754 118.230 -30.800   0.0 3.74 MW ML2MW
1968 10 14 0258 116.980 -31.620  10.0 6.59 MW Vogfjörd & Langston (1987); Somerville et al. (2009)
1968 10 20 0906 117.310 -32.040  18.0 3.77 MW ML2MW
1968 11 23 0009 116.510 -31.100  18.0 3.59 MW ML2MW
1969 01 20 2330 117.230 -32.130   7.0 3.65 MW ML2MW
1969 05 09 1120 117.300 -32.000   7.0 3.51 MW ML2MW
1969 05 16 0422 117.200 -30.900   7.0 3.61 MW ML2MW
1969 07 27 0920 117.100 -30.950   7.0 4.08 MW ML2MW
1969 11 22 1505 116.930 -32.530   0.0 3.54 MW ML2MW
1970 03 10 1715 116.512 -31.092  15.0 5.02 MW ML2MW
1970 07 19 1638 116.710 -31.180   7.0 3.74 MW ML2MW
1970 12 26 1825 116.310 -31.080   7.0 3.91 MW ML2MW
1972 01 25 1737 117.100 -29.850   0.0 4.05 MW mb2MW
1974 01 23 0243 116.990 -32.840   0.0 3.83 MW ML2MW
1974 02 25 1307 117.230 -32.300   0.0 3.67 MW ML2MW
1974 09 04 2317 116.970 -30.790   0.0 4.29 MW ML2MW
1975 10 11 1152 116.920 -32.440   0.0 3.66 MW ML2MW
1978 11 16 2217 118.400 -33.400   0.0 3.66 MW ML2MW
1979 06 02 0947 117.104 -30.821   3.0 6.10 MW GCMT
1981 02 26 0258 117.810 -33.560   0.0 3.21 MW ML2MW
1982 10 10 0256 116.740 -31.000   7.0 3.11 MW ML2MW
1983 01 01 2052 117.180 -32.100  10.0 3.22 MW ML2MW
1983 01 26 0616 117.319 -30.610  10.0 4.59 MW ML2MW
1984 06 29 0204 117.410 -32.230  10.0 3.41 MW ML2MW
1985 11 27 2318 117.351 -30.646   3.0 4.31 MW ML2MW
1985 12 06 0302 117.360 -32.010  10.0 3.54 MW ML2MW
1986 02 17 0206 117.410 -32.230   5.0 3.26 MW ML2MW
1987 03 02 2222 117.490 -31.220   2.0 3.16 MW ML2MW
1987 05 05 2324 116.720 -32.040   5.0 3.70 MW ML2MW
1987 05 10 2336 117.740 -33.390   5.0 3.21 MW ML2MW
1987 06 11 1218 117.510 -31.200   3.0 3.47 MW ML2MW
1988 01 01 0901 117.770 -30.760   5.0 3.72 MW ML2MW
1988 01 06 0342 117.500 -31.200   2.0 4.14 MW ML2MW
1988 03 14 0748 116.800 -30.540   4.0 3.51 MW ML2MW
1990 03 17 0548 117.821 -33.413   5.0 3.26 MW ML2MW
1990 04 30 0424 116.808 -30.529   1.0 3.11 MW ML2MW
1990 05 30 1943 116.806 -30.534   3.0 3.26 MW ML2MW
1991 01 08 0527 117.066 -30.616   3.2 3.34 MW ML2MW
1991 12 11 1759 117.745 -30.394   2.0 3.26 MW ML2MW
1992 01 04 0714 117.279 -31.997   1.0 3.34 MW ML2MW
1993 02 07 0551 116.363 -30.522   5.0 3.11 MW ML2MW
1994 04 26 1549 118.481 -30.605   5.0 3.99 MW ML2MW
1994 11 23 2053 116.736 -31.977   5.0 3.11 MW ML2MW
1995 04 20 1311 118.184 -33.282   1.8 3.34 MW ML2MW
1996 03 11 0624 117.610 -31.454   1.0 3.19 MW ML2MW
1996 09 18 2335 116.724 -31.978   1.0 3.19 MW ML2MW
1996 11 16 0621 117.685 -31.454   3.0 3.34 MW ML2MW
1997 03 27 0614 117.673 -31.475   5.0 3.34 MW ML2MW
1997 08 31 1523 117.684 -31.449   5.0 4.44 MW ML2MW
1997 12 07 1750 116.490 -30.998   5.0 3.11 MW ML2MW
1998 04 29 1034 117.477 -31.207   3.0 3.11 MW ML2MW
1998 05 11 1211 118.080 -33.694   1.0 3.26 MW ML2MW
1998 06 07 2242 117.683 -31.464   5.0 3.58 MW ML2MW
2000 02 02 2324 118.255 -33.700   5.0 3.26 MW ML2MW
2000 02 24 2044 117.790 -30.750   8.0 3.42 MW ML2MW
2000 09 22 0604 117.058 -30.526   1.1 3.65 MW ML2MW
2001 09 28 0254 117.061 -30.536   2.3 5.02 MW ML2MW
2001 12 26 1854 117.688 -31.380   2.9 3.25 MW ML2MW
2004 09 10 0847 117.061 -30.550   5.0 3.18 MW ML2MW
2004 10 11 1225 117.098 -30.879   0.0 3.25 MW ML2MW
2004 11 24 0242 117.726 -30.548  10.0 4.16 MW Allen et al. (2006)
2004 12 13 1326 117.070 -30.427   2.1 3.18 MW ML2MW
2005 01 03 0040 117.479 -30.652   1.5 3.58 MW ML2MW
2005 02 24 1657 117.485 -30.629   2.5 3.42 MW ML2MW
2005 02 27 0617 118.282 -33.606   0.0 3.64 MW ML2MW
2005 03 16 0127 117.464 -30.639   2.6 3.55 MW Allen et al. (2006)
2005 05 01 0943 117.912 -30.194   2.7 4.07 MW ML2MW
2005 05 27 1210 117.447 -30.650   4.3 3.42 MW ML2MW
2005 06 12 1051 117.108 -30.802   2.3 4.24 MW ML2MW
2005 06 12 2036 117.030 -30.558   7.6 4.40 MW ML2MW
2005 09 21 2246 117.165 -30.146   2.0 4.06 MW Ghasemi et al (2016)
2005 11 25 2032 117.195 -30.134   2.2 3.64 MW ML2MW
2005 12 01 0152 117.038 -30.536   2.5 3.10 MW ML2MW
2006 03 07 0106 117.142 -30.146   2.2 3.64 MW ML2MW
2006 03 29 1257 117.685 -30.280   0.0 3.18 MW ML2MW
2007 08 05 0712 117.648 -33.185  17.0 3.55 MW ML2MW
2008 03 24 1731 118.385 -30.668  12.8 3.18 MW ML2MW
2008 05 03 2214 117.365 -31.168   5.0 3.73 MW ML2MW
2008 05 17 0036 116.975 -30.117   0.0 3.48 MW ML2MW
2008 08 01 1727 117.132 -30.495   0.0 3.37 MW ML2MW
2008 11 06 1456 116.655 -30.876   8.0 3.44 MW ML2MW
2008 12 15 1652 118.889 -30.409   7.2 3.14 MW ML2MW
2009 04 06 2050 117.191 -31.950   0.0 3.29 MW ML2MW
2010 04 21 1545 118.049 -32.322   3.0 3.22 MW ML2MW
2010 04 30 0038 117.763 -30.754   7.0 3.18 MW ML2MW
2010 07 29 1359 116.460 -30.640   1.0 3.14 MW ML2MW
2010 09 02 0427 117.799 -30.855   0.0 3.10 MW ML2MW
2010 09 26 2259 117.447 -30.520   0.0 3.29 MW ML2MW
2010 10 17 1053 117.759 -30.209   0.0 3.20 MW ML2MW
2010 10 30 2335 118.208 -33.303   2.1 3.14 MW ML2MW
2011 04 26 1427 117.155 -30.508   0.0 3.65 MW ML2MW
2011 09 27 1913 117.800 -30.642   2.0 3.37 MW ML2MW
2011 11 27 0654 117.560 -30.633   0.0 3.11 MW ML2MW
2012 01 10 1844 118.222 -33.308   0.0 3.46 MW ML2MW
2012 01 24 1142 116.935 -30.449  10.6 3.29 MW ML2MW
2012 03 09 0616 117.840 -30.410   8.0 3.68 MW ML2MW
2012 03 25 1657 117.843 -30.405  10.0 3.68 MW ML2MW
2012 04 21 0133 118.203 -31.222  11.0 3.29 MW ML2MW
2012 07 18 0920 117.794 -30.429   2.0 3.76 MW ML2MW
2012 08 14 0051 117.789 -30.452  10.0 3.40 MW ML2MW
2012 08 28 1942 117.773 -30.438   5.0 3.21 MW ML2MW
2012 11 14 2023 117.802 -30.322   2.0 3.11 MW ML2MW
2012 12 09 0741 117.608 -31.232   0.0 3.13 MW ML2MW
2013 02 01 0949 117.427 -30.650   2.0 3.39 MW ML2MW
2013 05 17 1511 117.456 -30.619   4.0 3.53 MW ML2MW
2013 06 13 1530 117.439 -30.628   5.0 3.23 MW ML2MW
2013 07 05 0153 117.591 -33.458   5.0 3.21 MW ML2MW
2013 08 01 0416 117.959 -30.913   0.0 3.11 MW ML2MW
2013 08 21 1102 117.655 -33.449   0.0 3.12 MW ML2MW
2013 09 22 1928 117.619 -33.457   5.0 3.18 MW ML2MW
2013 10 04 2003 117.658 -30.622   0.0 3.62 MW ML2MW
2013 12 07 0625 117.116 -30.495   9.0 3.12 MW ML2MW
2013 12 14 1432 117.026 -32.248  13.0 3.42 MW ML2MW
2014 01 24 0032 117.678 -30.610   0.0 3.32 MW ML2MW
2014 01 31 0303 117.585 -33.454   6.0 3.23 MW ML2MW
2014 03 06 2349 117.761 -30.402   0.0 3.15 MW ML2MW
2014 04 01 0701 117.768 -30.422   2.0 3.32 MW ML2MW
2014 04 05 0255 117.778 -30.414   7.0 3.34 MW ML2MW
2014 05 11 2034 117.474 -30.618  12.0 3.17 MW ML2MW
2014 07 22 1949 117.689 -30.642  10.0 3.38 MW ML2MW
2014 09 04 0644 117.840 -30.480  10.0 3.12 MW ML2MW
2014 10 30 1734 117.919 -30.310  10.0 3.20 MW ML2MW
2014 12 03 0246 117.668 -30.617   6.0 3.37 MW ML2MW
2014 12 05 0357 117.153 -30.738   5.2 3.40 MW ML2MW
2015 03 05 1458 117.298 -30.285  14.0 3.32 MW ML2MW
2015 09 28 0012 117.927 -31.878  10.0 3.19 MW ML2MW
2015 11 01 2333 117.846 -30.875  12.0 3.17 MW ML2MW
2016 03 30 1334 117.276 -30.304  17.0 3.25 MW ML2MW
2016 03 30 1334 117.276 -30.304  17.0 3.24 MW ML2MW
2016 03 30 1334 117.263 -30.348   3.3 3.25 MW ML2MW
2016 03 30 1334 117.263 -30.348   3.3 3.24 MW ML2MW
2016 05 23 1500 117.737 -30.455  10.0 3.38 MW ML2MW
2016 06 30 0025 117.343 -30.137  17.0 3.61 MW ML2MW
2016 07 05 0655 117.512 -30.054   0.0 3.36 MW ML2MW
2016 12 24 0040 117.120 -30.826  10.0 3.54 MW ML2MW
2017 01 03 1530 118.455 -30.609  10.0 4.33 MW ML2MW
2017 03 19 0920 117.786 -30.420  10.0 3.32 MW ML2MW
2017 07 19 1505 117.833 -32.075  10.0 3.30 MW ML2MW
2017 08 31 0807 117.215 -30.460  10.0 4.02 MW ML2MW
2018 05 23 1726 117.975 -33.504  10.0 3.28 MW ML2MW
2018 05 28 1254 117.313 -30.149  10.0 3.10 MW ML2MW
2018 07 05 0732 117.407 -30.664  10.0 3.34 MW ML2MW
2018 09 17 0351 117.618 -30.293  10.0 3.23 MW ML2MW
2019 03 11 0006 118.206 -33.834  10.0 3.57 MW ML2MW
2019 03 19 2346 117.016 -32.252   3.3 3.22 MW ML2MW
2019 05 22 1424 117.748 -30.406  10.0 3.11 MW ML2MW
2019 05 24 2137 117.641 -30.486  10.0 3.14 MW ML2MW
2019 05 30 0901 116.745 -30.303  10.0 3.23 MW ML2MW
2019 06 11 0528 117.731 -30.407  10.0 3.24 MW ML2MW
2019 07 08 0816 117.737 -30.434  10.0 3.13 MW ML2MW
2019 09 15 2205 117.755 -30.345  10.0 3.71 MW ML2MW
2019 09 18 0247 117.647 -30.406  10.0 3.43 MW ML2MW
2019 12 30 0907 118.015 -33.473  10.0 3.44 MW ML2MW
2020 02 22 1231 118.079 -30.766  10.0 3.11 MW ML2MW
2020 04 29 1501 117.638 -31.089  10.0 3.19 MW ML2MW
2020 05 25 0852 117.023 -30.587  10.0 4.06 MW ML2MW
2020 07 23 0922 117.678 -33.445   5.0 3.33 MW ML2MW
2020 08 02 0918 117.852 -31.852   0.6 3.23 MW ML2MW
2020 08 09 0206 117.204 -31.981   5.0 3.26 MW ML2MW
2020 09 20 1607 118.019 -30.773   0.7 3.19 MW ML2MW
2021 02 06 1116 117.218 -31.980   0.6 3.45 MW ML2MW
2021 03 06 0351 117.605 -30.627   8.4 3.17 MW ML2MW
2021 03 11 0439 117.504 -31.177   9.3 3.15 MW ML2MW
2021 05 25 0047 117.258 -30.933   2.3 3.23 MW ML2MW
2021 06 28 2305 117.210 -31.397   0.8 3.24 MW ML2MW
2021 07 19 0812 117.277 -30.951   5.0 3.63 MW ML2MW
2021 08 09 2322 117.706 -30.247   0.5 3.64 MW ML2MW
2021 08 09 2325 117.716 -30.259   1.5 3.62 MW ML2MW
2021 09 01 1033 117.247 -30.933   5.0 3.72 MW ML2MW
