1944 03 31 0251 131.417 -5.466  65.0 6.36 MW 
1965 05 31 1138 128.554 -7.543  60.0 5.90 MW bibliog
1966 05 25 0829 131.044 -6.384  65.0 5.73 MW 
1967 06 29 1636 128.596 -7.249 150.0 5.55 MW 
1967 10 12 1831 129.828 -7.131  88.2 6.00 MW bibliog
1968 01 31 0258 130.395 -6.774  77.2 5.53 MW 
1968 02 13 0212 131.260 -5.480  85.0 5.68 MW 
1968 12 10 0425 130.418 -6.321  90.0 5.73 MW 
1970 06 17 0757 128.620 -7.539  55.0 5.53 MW 
1970 10 04 1656 130.481 -6.809  80.0 5.76 MW 
1971 08 08 1637 129.129 -7.132 183.1 5.65 MW 
1971 09 30 1115 131.372 -5.524  41.4 5.68 MW 
1972 03 08 0331 130.162 -6.500 135.3 5.59 MW 
1972 03 08 0331 130.162 -6.500 135.3 5.59 MW 
1972 09 08 0313 130.547 -5.754  87.5 5.76 MW 
1973 11 17 0358 129.929 -6.113 135.0 5.84 MW 
1974 09 05 1355 128.297 -7.310 110.0 5.66 MW 
1975 10 14 1453 129.029 -7.141 175.8 5.52 MW gcmt
1976 10 31 1213 130.780 -6.810  52.2 5.53 MW 
1977 10 18 0831 130.475 -6.398 121.9 5.55 MW 
1977 10 18 0831 130.475 -6.398 121.9 5.55 MW 
1978 12 18 1858 130.689 -6.212  98.6 5.66 MW 
1980 03 29 0210 130.881 -6.312  85.6 5.57 MW 
1981 09 15 1412 130.679 -6.287 102.6 5.57 MW gcmt
1981 09 15 1412 130.679 -6.287 102.6 5.57 MW gcmt
1982 08 23 2034 130.437 -6.893 109.0 5.51 MW 
1983 01 15 0220 131.097 -6.404  68.1 5.63 MW 
1986 07 30 0303 129.354 -7.140 155.1 5.63 MW 
1986 07 30 0303 129.354 -7.140 155.1 5.63 MW 
1987 01 21 0447 129.795 -6.658 167.9 5.67 MW gcmt
1987 01 21 0447 129.795 -6.658 167.9 5.67 MW gcmt
1989 12 06 0519 130.432 -6.181 108.7 5.55 MW gcmt
1989 12 06 0519 130.432 -6.181 108.7 5.55 MW gcmt
1995 11 02 2213 130.256 -6.758 114.5 5.53 MW gcmt
1995 11 02 2213 130.256 -6.758 114.5 5.53 MW gcmt
1998 06 17 1849 130.110 -5.975 147.5 5.55 MW gcmt
1998 11 08 0500 127.049 -7.223 272.7 5.68 MW gcmt
2000 09 10 1945 130.720 -5.664  73.5 5.52 MW 
2002 02 24 0224 130.683 -5.690 100.0 5.61 MW gcmt
2002 02 24 0224 130.683 -5.690 100.0 5.61 MW gcmt
2002 08 22 1543 130.555 -6.114 142.0 5.51 MW gcmt
2002 08 22 1543 130.555 -6.114 142.0 5.51 MW gcmt
2004 03 25 1335 128.996 -6.204 235.0 5.53 MW gcmt
